5.400000000000000000e+01 6.100000000000000000e+01
5.600000000000000000e+01 7.900000000000000000e+01
5.800000000000000000e+01 9.400000000000000000e+01
6.000000000000000000e+01 1.090000000000000000e+02
6.200000000000000000e+01 1.240000000000000000e+02
6.700000000000000000e+01 1.340000000000000000e+02
7.100000000000000000e+01 1.430000000000000000e+02
8.000000000000000000e+01 1.540000000000000000e+02
9.700000000000000000e+01 1.580000000000000000e+02
1.160000000000000000e+02 1.540000000000000000e+02
1.330000000000000000e+02 1.450000000000000000e+02
1.460000000000000000e+02 1.390000000000000000e+02
1.590000000000000000e+02 1.260000000000000000e+02
1.650000000000000000e+02 1.110000000000000000e+02
1.700000000000000000e+02 9.800000000000000000e+01
1.740000000000000000e+02 8.100000000000000000e+01
1.780000000000000000e+02 6.400000000000000000e+01
5.400000000000000000e+01 3.800000000000000000e+01
5.800000000000000000e+01 3.100000000000000000e+01
6.500000000000000000e+01 2.900000000000000000e+01
7.300000000000000000e+01 3.100000000000000000e+01
8.200000000000000000e+01 3.300000000000000000e+01
1.120000000000000000e+02 3.300000000000000000e+01
1.200000000000000000e+02 3.100000000000000000e+01
1.310000000000000000e+02 3.100000000000000000e+01
1.440000000000000000e+02 3.300000000000000000e+01
1.520000000000000000e+02 4.000000000000000000e+01
9.500000000000000000e+01 5.100000000000000000e+01
9.200000000000000000e+01 6.100000000000000000e+01
9.000000000000000000e+01 7.000000000000000000e+01
8.800000000000000000e+01 8.100000000000000000e+01
8.400000000000000000e+01 8.900000000000000000e+01
8.800000000000000000e+01 8.900000000000000000e+01
9.200000000000000000e+01 9.100000000000000000e+01
9.900000000000000000e+01 8.900000000000000000e+01
1.030000000000000000e+02 8.900000000000000000e+01
6.200000000000000000e+01 5.300000000000000000e+01
6.700000000000000000e+01 4.900000000000000000e+01
7.500000000000000000e+01 4.900000000000000000e+01
8.200000000000000000e+01 5.300000000000000000e+01
7.500000000000000000e+01 5.500000000000000000e+01
6.700000000000000000e+01 5.500000000000000000e+01
1.160000000000000000e+02 5.300000000000000000e+01
1.220000000000000000e+02 4.900000000000000000e+01
1.310000000000000000e+02 4.900000000000000000e+01
1.400000000000000000e+02 5.500000000000000000e+01
1.310000000000000000e+02 5.700000000000000000e+01
1.220000000000000000e+02 5.500000000000000000e+01
7.700000000000000000e+01 1.150000000000000000e+02
8.000000000000000000e+01 1.060000000000000000e+02
8.600000000000000000e+01 1.020000000000000000e+02
9.200000000000000000e+01 1.020000000000000000e+02
9.700000000000000000e+01 1.020000000000000000e+02
1.070000000000000000e+02 1.060000000000000000e+02
1.180000000000000000e+02 1.150000000000000000e+02
1.070000000000000000e+02 1.240000000000000000e+02
1.010000000000000000e+02 1.300000000000000000e+02
9.200000000000000000e+01 1.300000000000000000e+02
8.600000000000000000e+01 1.280000000000000000e+02
8.000000000000000000e+01 1.240000000000000000e+02
7.700000000000000000e+01 1.150000000000000000e+02
8.600000000000000000e+01 1.090000000000000000e+02
9.200000000000000000e+01 1.090000000000000000e+02
9.900000000000000000e+01 1.090000000000000000e+02
1.160000000000000000e+02 1.150000000000000000e+02
9.900000000000000000e+01 1.210000000000000000e+02
9.200000000000000000e+01 1.210000000000000000e+02
8.600000000000000000e+01 1.210000000000000000e+02
