5.800000000000000000e+01 5.800000000000000000e+01
6.000000000000000000e+01 7.700000000000000000e+01
6.200000000000000000e+01 9.300000000000000000e+01
6.500000000000000000e+01 1.060000000000000000e+02
6.700000000000000000e+01 1.210000000000000000e+02
6.900000000000000000e+01 1.340000000000000000e+02
7.100000000000000000e+01 1.430000000000000000e+02
7.600000000000000000e+01 1.500000000000000000e+02
9.100000000000000000e+01 1.540000000000000000e+02
1.130000000000000000e+02 1.520000000000000000e+02
1.300000000000000000e+02 1.450000000000000000e+02
1.480000000000000000e+02 1.370000000000000000e+02
1.610000000000000000e+02 1.230000000000000000e+02
1.700000000000000000e+02 1.100000000000000000e+02
1.760000000000000000e+02 9.500000000000000000e+01
1.810000000000000000e+02 7.700000000000000000e+01
1.830000000000000000e+02 6.000000000000000000e+01
4.900000000000000000e+01 4.200000000000000000e+01
5.100000000000000000e+01 3.400000000000000000e+01
5.800000000000000000e+01 3.400000000000000000e+01
6.700000000000000000e+01 3.400000000000000000e+01
7.300000000000000000e+01 3.600000000000000000e+01
1.060000000000000000e+02 3.600000000000000000e+01
1.130000000000000000e+02 3.400000000000000000e+01
1.240000000000000000e+02 3.100000000000000000e+01
1.370000000000000000e+02 3.400000000000000000e+01
1.480000000000000000e+02 4.200000000000000000e+01
8.900000000000000000e+01 5.800000000000000000e+01
8.400000000000000000e+01 6.900000000000000000e+01
8.200000000000000000e+01 8.000000000000000000e+01
8.200000000000000000e+01 8.600000000000000000e+01
7.800000000000000000e+01 9.300000000000000000e+01
8.200000000000000000e+01 9.500000000000000000e+01
8.700000000000000000e+01 9.700000000000000000e+01
9.300000000000000000e+01 9.500000000000000000e+01
9.700000000000000000e+01 9.500000000000000000e+01
5.800000000000000000e+01 5.800000000000000000e+01
6.000000000000000000e+01 5.600000000000000000e+01
6.900000000000000000e+01 5.600000000000000000e+01
7.600000000000000000e+01 5.800000000000000000e+01
6.900000000000000000e+01 6.000000000000000000e+01
6.200000000000000000e+01 6.000000000000000000e+01
1.110000000000000000e+02 5.800000000000000000e+01
1.170000000000000000e+02 5.600000000000000000e+01
1.240000000000000000e+02 5.800000000000000000e+01
1.330000000000000000e+02 5.800000000000000000e+01
1.260000000000000000e+02 6.200000000000000000e+01
1.170000000000000000e+02 6.000000000000000000e+01
7.100000000000000000e+01 1.150000000000000000e+02
7.300000000000000000e+01 1.100000000000000000e+02
8.000000000000000000e+01 1.060000000000000000e+02
8.400000000000000000e+01 1.080000000000000000e+02
9.100000000000000000e+01 1.060000000000000000e+02
1.000000000000000000e+02 1.100000000000000000e+02
1.110000000000000000e+02 1.170000000000000000e+02
1.000000000000000000e+02 1.210000000000000000e+02
9.100000000000000000e+01 1.230000000000000000e+02
8.400000000000000000e+01 1.230000000000000000e+02
7.800000000000000000e+01 1.230000000000000000e+02
7.300000000000000000e+01 1.190000000000000000e+02
7.100000000000000000e+01 1.150000000000000000e+02
8.000000000000000000e+01 1.130000000000000000e+02
8.700000000000000000e+01 1.130000000000000000e+02
9.300000000000000000e+01 1.130000000000000000e+02
1.080000000000000000e+02 1.170000000000000000e+02
9.300000000000000000e+01 1.150000000000000000e+02
8.700000000000000000e+01 1.150000000000000000e+02
8.000000000000000000e+01 1.150000000000000000e+02
