6.800000000000000000e+01 6.900000000000000000e+01
7.000000000000000000e+01 8.600000000000000000e+01
7.200000000000000000e+01 1.010000000000000000e+02
7.200000000000000000e+01 1.160000000000000000e+02
7.200000000000000000e+01 1.290000000000000000e+02
7.400000000000000000e+01 1.400000000000000000e+02
7.400000000000000000e+01 1.480000000000000000e+02
7.800000000000000000e+01 1.540000000000000000e+02
9.100000000000000000e+01 1.570000000000000000e+02
1.100000000000000000e+02 1.520000000000000000e+02
1.290000000000000000e+02 1.480000000000000000e+02
1.460000000000000000e+02 1.400000000000000000e+02
1.590000000000000000e+02 1.270000000000000000e+02
1.680000000000000000e+02 1.120000000000000000e+02
1.740000000000000000e+02 9.900000000000000000e+01
1.780000000000000000e+02 8.400000000000000000e+01
1.800000000000000000e+02 6.500000000000000000e+01
5.500000000000000000e+01 4.600000000000000000e+01
5.500000000000000000e+01 3.800000000000000000e+01
6.100000000000000000e+01 3.500000000000000000e+01
6.800000000000000000e+01 3.800000000000000000e+01
7.400000000000000000e+01 4.000000000000000000e+01
1.040000000000000000e+02 3.800000000000000000e+01
1.100000000000000000e+02 3.500000000000000000e+01
1.210000000000000000e+02 3.500000000000000000e+01
1.340000000000000000e+02 3.500000000000000000e+01
1.440000000000000000e+02 4.400000000000000000e+01
8.700000000000000000e+01 5.700000000000000000e+01
8.300000000000000000e+01 6.900000000000000000e+01
7.800000000000000000e+01 7.800000000000000000e+01
7.800000000000000000e+01 8.600000000000000000e+01
7.800000000000000000e+01 9.500000000000000000e+01
8.100000000000000000e+01 9.700000000000000000e+01
8.500000000000000000e+01 9.700000000000000000e+01
9.100000000000000000e+01 9.700000000000000000e+01
9.800000000000000000e+01 9.500000000000000000e+01
6.100000000000000000e+01 6.100000000000000000e+01
6.400000000000000000e+01 5.700000000000000000e+01
7.000000000000000000e+01 5.700000000000000000e+01
7.800000000000000000e+01 5.900000000000000000e+01
7.200000000000000000e+01 6.100000000000000000e+01
6.600000000000000000e+01 6.100000000000000000e+01
1.080000000000000000e+02 5.900000000000000000e+01
1.150000000000000000e+02 5.500000000000000000e+01
1.230000000000000000e+02 5.500000000000000000e+01
1.320000000000000000e+02 5.900000000000000000e+01
1.230000000000000000e+02 6.100000000000000000e+01
1.150000000000000000e+02 6.100000000000000000e+01
7.200000000000000000e+01 1.180000000000000000e+02
7.400000000000000000e+01 1.120000000000000000e+02
8.100000000000000000e+01 1.080000000000000000e+02
8.300000000000000000e+01 1.100000000000000000e+02
8.900000000000000000e+01 1.080000000000000000e+02
1.000000000000000000e+02 1.120000000000000000e+02
1.100000000000000000e+02 1.180000000000000000e+02
1.000000000000000000e+02 1.230000000000000000e+02
9.100000000000000000e+01 1.270000000000000000e+02
8.500000000000000000e+01 1.270000000000000000e+02
7.800000000000000000e+01 1.270000000000000000e+02
7.400000000000000000e+01 1.230000000000000000e+02
7.400000000000000000e+01 1.180000000000000000e+02
8.100000000000000000e+01 1.140000000000000000e+02
8.500000000000000000e+01 1.140000000000000000e+02
9.100000000000000000e+01 1.140000000000000000e+02
1.080000000000000000e+02 1.180000000000000000e+02
9.100000000000000000e+01 1.180000000000000000e+02
8.500000000000000000e+01 1.180000000000000000e+02
8.100000000000000000e+01 1.180000000000000000e+02
