6.400000000000000000e+01 6.700000000000000000e+01
6.400000000000000000e+01 8.500000000000000000e+01
6.600000000000000000e+01 1.000000000000000000e+02
6.600000000000000000e+01 1.130000000000000000e+02
6.800000000000000000e+01 1.290000000000000000e+02
7.000000000000000000e+01 1.420000000000000000e+02
7.200000000000000000e+01 1.490000000000000000e+02
7.700000000000000000e+01 1.550000000000000000e+02
9.200000000000000000e+01 1.600000000000000000e+02
1.140000000000000000e+02 1.550000000000000000e+02
1.320000000000000000e+02 1.490000000000000000e+02
1.500000000000000000e+02 1.420000000000000000e+02
1.630000000000000000e+02 1.290000000000000000e+02
1.720000000000000000e+02 1.130000000000000000e+02
1.760000000000000000e+02 9.800000000000000000e+01
1.810000000000000000e+02 8.200000000000000000e+01
1.830000000000000000e+02 6.500000000000000000e+01
5.000000000000000000e+01 4.200000000000000000e+01
5.500000000000000000e+01 3.600000000000000000e+01
6.100000000000000000e+01 3.100000000000000000e+01
6.800000000000000000e+01 3.400000000000000000e+01
7.500000000000000000e+01 3.600000000000000000e+01
1.080000000000000000e+02 3.600000000000000000e+01
1.170000000000000000e+02 3.100000000000000000e+01
1.280000000000000000e+02 2.900000000000000000e+01
1.390000000000000000e+02 3.100000000000000000e+01
1.500000000000000000e+02 4.000000000000000000e+01
9.000000000000000000e+01 5.600000000000000000e+01
8.600000000000000000e+01 6.700000000000000000e+01
8.100000000000000000e+01 7.800000000000000000e+01
8.100000000000000000e+01 8.700000000000000000e+01
7.900000000000000000e+01 9.600000000000000000e+01
8.100000000000000000e+01 9.600000000000000000e+01
8.600000000000000000e+01 9.600000000000000000e+01
9.200000000000000000e+01 9.600000000000000000e+01
9.900000000000000000e+01 9.600000000000000000e+01
5.900000000000000000e+01 5.800000000000000000e+01
6.400000000000000000e+01 5.600000000000000000e+01
7.000000000000000000e+01 5.600000000000000000e+01
7.900000000000000000e+01 5.800000000000000000e+01
7.000000000000000000e+01 6.000000000000000000e+01
6.400000000000000000e+01 6.000000000000000000e+01
1.120000000000000000e+02 5.800000000000000000e+01
1.190000000000000000e+02 5.600000000000000000e+01
1.260000000000000000e+02 5.600000000000000000e+01
1.340000000000000000e+02 5.800000000000000000e+01
1.280000000000000000e+02 6.000000000000000000e+01
1.190000000000000000e+02 6.000000000000000000e+01
7.200000000000000000e+01 1.180000000000000000e+02
7.500000000000000000e+01 1.110000000000000000e+02
8.100000000000000000e+01 1.070000000000000000e+02
8.600000000000000000e+01 1.090000000000000000e+02
9.000000000000000000e+01 1.070000000000000000e+02
1.010000000000000000e+02 1.130000000000000000e+02
1.120000000000000000e+02 1.180000000000000000e+02
1.030000000000000000e+02 1.240000000000000000e+02
9.500000000000000000e+01 1.290000000000000000e+02
8.600000000000000000e+01 1.290000000000000000e+02
7.900000000000000000e+01 1.270000000000000000e+02
7.500000000000000000e+01 1.240000000000000000e+02
7.200000000000000000e+01 1.180000000000000000e+02
8.100000000000000000e+01 1.160000000000000000e+02
8.600000000000000000e+01 1.160000000000000000e+02
9.500000000000000000e+01 1.160000000000000000e+02
1.120000000000000000e+02 1.180000000000000000e+02
9.500000000000000000e+01 1.200000000000000000e+02
8.800000000000000000e+01 1.200000000000000000e+02
8.100000000000000000e+01 1.200000000000000000e+02
