4.300000000000000000e+01 6.100000000000000000e+01
4.700000000000000000e+01 7.800000000000000000e+01
5.100000000000000000e+01 9.300000000000000000e+01
5.500000000000000000e+01 1.060000000000000000e+02
6.200000000000000000e+01 1.220000000000000000e+02
7.200000000000000000e+01 1.350000000000000000e+02
8.700000000000000000e+01 1.440000000000000000e+02
1.040000000000000000e+02 1.520000000000000000e+02
1.230000000000000000e+02 1.560000000000000000e+02
1.400000000000000000e+02 1.500000000000000000e+02
1.480000000000000000e+02 1.410000000000000000e+02
1.530000000000000000e+02 1.310000000000000000e+02
1.570000000000000000e+02 1.160000000000000000e+02
1.590000000000000000e+02 1.010000000000000000e+02
1.610000000000000000e+02 8.400000000000000000e+01
1.630000000000000000e+02 7.000000000000000000e+01
1.630000000000000000e+02 5.300000000000000000e+01
7.200000000000000000e+01 4.200000000000000000e+01
8.100000000000000000e+01 3.600000000000000000e+01
9.100000000000000000e+01 3.400000000000000000e+01
1.020000000000000000e+02 3.600000000000000000e+01
1.100000000000000000e+02 3.600000000000000000e+01
1.420000000000000000e+02 3.400000000000000000e+01
1.480000000000000000e+02 3.200000000000000000e+01
1.570000000000000000e+02 2.900000000000000000e+01
1.630000000000000000e+02 3.200000000000000000e+01
1.670000000000000000e+02 3.600000000000000000e+01
1.270000000000000000e+02 5.500000000000000000e+01
1.310000000000000000e+02 6.500000000000000000e+01
1.330000000000000000e+02 7.600000000000000000e+01
1.360000000000000000e+02 8.400000000000000000e+01
1.190000000000000000e+02 9.100000000000000000e+01
1.230000000000000000e+02 9.100000000000000000e+01
1.310000000000000000e+02 9.300000000000000000e+01
1.360000000000000000e+02 9.100000000000000000e+01
1.400000000000000000e+02 9.100000000000000000e+01
8.500000000000000000e+01 5.700000000000000000e+01
9.300000000000000000e+01 5.300000000000000000e+01
1.020000000000000000e+02 5.300000000000000000e+01
1.080000000000000000e+02 5.700000000000000000e+01
1.020000000000000000e+02 5.900000000000000000e+01
9.300000000000000000e+01 5.900000000000000000e+01
1.400000000000000000e+02 5.300000000000000000e+01
1.480000000000000000e+02 4.800000000000000000e+01
1.550000000000000000e+02 4.600000000000000000e+01
1.590000000000000000e+02 5.100000000000000000e+01
1.550000000000000000e+02 5.500000000000000000e+01
1.480000000000000000e+02 5.500000000000000000e+01
1.020000000000000000e+02 1.160000000000000000e+02
1.120000000000000000e+02 1.060000000000000000e+02
1.250000000000000000e+02 1.010000000000000000e+02
1.290000000000000000e+02 1.010000000000000000e+02
1.360000000000000000e+02 1.010000000000000000e+02
1.440000000000000000e+02 1.060000000000000000e+02
1.460000000000000000e+02 1.120000000000000000e+02
1.400000000000000000e+02 1.270000000000000000e+02
1.360000000000000000e+02 1.330000000000000000e+02
1.270000000000000000e+02 1.330000000000000000e+02
1.190000000000000000e+02 1.330000000000000000e+02
1.100000000000000000e+02 1.270000000000000000e+02
1.020000000000000000e+02 1.160000000000000000e+02
1.210000000000000000e+02 1.080000000000000000e+02
1.290000000000000000e+02 1.060000000000000000e+02
1.360000000000000000e+02 1.080000000000000000e+02
1.440000000000000000e+02 1.120000000000000000e+02
1.330000000000000000e+02 1.250000000000000000e+02
1.270000000000000000e+02 1.250000000000000000e+02
1.190000000000000000e+02 1.250000000000000000e+02
