6.400000000000000000e+01 6.600000000000000000e+01
6.400000000000000000e+01 8.400000000000000000e+01
6.600000000000000000e+01 9.700000000000000000e+01
6.600000000000000000e+01 1.120000000000000000e+02
6.900000000000000000e+01 1.280000000000000000e+02
7.100000000000000000e+01 1.390000000000000000e+02
7.300000000000000000e+01 1.470000000000000000e+02
7.700000000000000000e+01 1.540000000000000000e+02
9.300000000000000000e+01 1.580000000000000000e+02
1.120000000000000000e+02 1.540000000000000000e+02
1.320000000000000000e+02 1.470000000000000000e+02
1.500000000000000000e+02 1.410000000000000000e+02
1.630000000000000000e+02 1.280000000000000000e+02
1.720000000000000000e+02 1.120000000000000000e+02
1.760000000000000000e+02 9.700000000000000000e+01
1.810000000000000000e+02 8.200000000000000000e+01
1.850000000000000000e+02 6.400000000000000000e+01
5.100000000000000000e+01 4.200000000000000000e+01
5.500000000000000000e+01 3.300000000000000000e+01
6.200000000000000000e+01 3.100000000000000000e+01
6.900000000000000000e+01 3.300000000000000000e+01
7.500000000000000000e+01 3.500000000000000000e+01
1.080000000000000000e+02 3.500000000000000000e+01
1.170000000000000000e+02 3.100000000000000000e+01
1.280000000000000000e+02 3.100000000000000000e+01
1.390000000000000000e+02 3.100000000000000000e+01
1.520000000000000000e+02 4.000000000000000000e+01
9.000000000000000000e+01 5.500000000000000000e+01
8.600000000000000000e+01 6.600000000000000000e+01
8.200000000000000000e+01 7.700000000000000000e+01
8.200000000000000000e+01 8.600000000000000000e+01
7.700000000000000000e+01 9.300000000000000000e+01
8.200000000000000000e+01 9.500000000000000000e+01
8.600000000000000000e+01 9.500000000000000000e+01
9.300000000000000000e+01 9.500000000000000000e+01
9.900000000000000000e+01 9.500000000000000000e+01
6.000000000000000000e+01 5.700000000000000000e+01
6.400000000000000000e+01 5.300000000000000000e+01
7.100000000000000000e+01 5.300000000000000000e+01
7.900000000000000000e+01 5.700000000000000000e+01
7.100000000000000000e+01 6.000000000000000000e+01
6.400000000000000000e+01 6.000000000000000000e+01
1.120000000000000000e+02 5.700000000000000000e+01
1.190000000000000000e+02 5.500000000000000000e+01
1.280000000000000000e+02 5.500000000000000000e+01
1.340000000000000000e+02 5.700000000000000000e+01
1.280000000000000000e+02 6.000000000000000000e+01
1.190000000000000000e+02 6.000000000000000000e+01
7.300000000000000000e+01 1.170000000000000000e+02
7.300000000000000000e+01 1.100000000000000000e+02
7.900000000000000000e+01 1.060000000000000000e+02
8.600000000000000000e+01 1.060000000000000000e+02
9.000000000000000000e+01 1.060000000000000000e+02
1.010000000000000000e+02 1.100000000000000000e+02
1.120000000000000000e+02 1.170000000000000000e+02
1.040000000000000000e+02 1.250000000000000000e+02
9.500000000000000000e+01 1.280000000000000000e+02
8.600000000000000000e+01 1.280000000000000000e+02
7.900000000000000000e+01 1.280000000000000000e+02
7.500000000000000000e+01 1.230000000000000000e+02
7.300000000000000000e+01 1.170000000000000000e+02
7.900000000000000000e+01 1.120000000000000000e+02
8.600000000000000000e+01 1.120000000000000000e+02
9.300000000000000000e+01 1.120000000000000000e+02
1.120000000000000000e+02 1.170000000000000000e+02
9.300000000000000000e+01 1.190000000000000000e+02
8.600000000000000000e+01 1.190000000000000000e+02
8.200000000000000000e+01 1.190000000000000000e+02
