4.600000000000000000e+01 5.400000000000000000e+01
4.800000000000000000e+01 7.400000000000000000e+01
5.000000000000000000e+01 9.000000000000000000e+01
5.300000000000000000e+01 1.060000000000000000e+02
5.700000000000000000e+01 1.220000000000000000e+02
6.400000000000000000e+01 1.330000000000000000e+02
7.100000000000000000e+01 1.440000000000000000e+02
8.000000000000000000e+01 1.510000000000000000e+02
9.800000000000000000e+01 1.580000000000000000e+02
1.180000000000000000e+02 1.530000000000000000e+02
1.360000000000000000e+02 1.460000000000000000e+02
1.490000000000000000e+02 1.370000000000000000e+02
1.610000000000000000e+02 1.260000000000000000e+02
1.670000000000000000e+02 1.100000000000000000e+02
1.720000000000000000e+02 9.500000000000000000e+01
1.760000000000000000e+02 7.900000000000000000e+01
1.810000000000000000e+02 5.900000000000000000e+01
5.000000000000000000e+01 3.600000000000000000e+01
5.700000000000000000e+01 3.000000000000000000e+01
6.600000000000000000e+01 2.700000000000000000e+01
7.500000000000000000e+01 2.700000000000000000e+01
8.200000000000000000e+01 3.200000000000000000e+01
1.180000000000000000e+02 3.200000000000000000e+01
1.270000000000000000e+02 3.000000000000000000e+01
1.380000000000000000e+02 2.700000000000000000e+01
1.490000000000000000e+02 3.000000000000000000e+01
1.580000000000000000e+02 3.800000000000000000e+01
1.000000000000000000e+02 5.200000000000000000e+01
9.800000000000000000e+01 6.300000000000000000e+01
9.500000000000000000e+01 7.400000000000000000e+01
9.500000000000000000e+01 8.300000000000000000e+01
8.900000000000000000e+01 9.200000000000000000e+01
9.300000000000000000e+01 9.200000000000000000e+01
9.800000000000000000e+01 9.500000000000000000e+01
1.040000000000000000e+02 9.200000000000000000e+01
1.090000000000000000e+02 9.200000000000000000e+01
6.400000000000000000e+01 5.400000000000000000e+01
6.800000000000000000e+01 5.200000000000000000e+01
7.500000000000000000e+01 5.400000000000000000e+01
8.400000000000000000e+01 5.600000000000000000e+01
7.700000000000000000e+01 5.900000000000000000e+01
6.800000000000000000e+01 5.900000000000000000e+01
1.200000000000000000e+02 5.600000000000000000e+01
1.270000000000000000e+02 5.400000000000000000e+01
1.360000000000000000e+02 5.400000000000000000e+01
1.450000000000000000e+02 5.600000000000000000e+01
1.360000000000000000e+02 5.900000000000000000e+01
1.270000000000000000e+02 5.900000000000000000e+01
8.000000000000000000e+01 1.150000000000000000e+02
8.200000000000000000e+01 1.080000000000000000e+02
9.100000000000000000e+01 1.040000000000000000e+02
9.800000000000000000e+01 1.060000000000000000e+02
1.020000000000000000e+02 1.060000000000000000e+02
1.110000000000000000e+02 1.100000000000000000e+02
1.200000000000000000e+02 1.170000000000000000e+02
1.110000000000000000e+02 1.260000000000000000e+02
1.040000000000000000e+02 1.280000000000000000e+02
9.500000000000000000e+01 1.280000000000000000e+02
8.900000000000000000e+01 1.280000000000000000e+02
8.200000000000000000e+01 1.240000000000000000e+02
8.000000000000000000e+01 1.150000000000000000e+02
9.100000000000000000e+01 1.130000000000000000e+02
9.800000000000000000e+01 1.100000000000000000e+02
1.040000000000000000e+02 1.130000000000000000e+02
1.180000000000000000e+02 1.170000000000000000e+02
1.040000000000000000e+02 1.190000000000000000e+02
9.800000000000000000e+01 1.190000000000000000e+02
9.100000000000000000e+01 1.190000000000000000e+02
