6.600000000000000000e+01 6.500000000000000000e+01
6.400000000000000000e+01 8.100000000000000000e+01
6.600000000000000000e+01 9.700000000000000000e+01
6.600000000000000000e+01 1.110000000000000000e+02
6.600000000000000000e+01 1.250000000000000000e+02
6.600000000000000000e+01 1.390000000000000000e+02
6.800000000000000000e+01 1.480000000000000000e+02
7.100000000000000000e+01 1.570000000000000000e+02
8.400000000000000000e+01 1.640000000000000000e+02
1.050000000000000000e+02 1.620000000000000000e+02
1.230000000000000000e+02 1.550000000000000000e+02
1.420000000000000000e+02 1.480000000000000000e+02
1.580000000000000000e+02 1.340000000000000000e+02
1.670000000000000000e+02 1.180000000000000000e+02
1.740000000000000000e+02 1.040000000000000000e+02
1.780000000000000000e+02 8.800000000000000000e+01
1.830000000000000000e+02 7.000000000000000000e+01
5.500000000000000000e+01 3.800000000000000000e+01
5.700000000000000000e+01 3.100000000000000000e+01
6.400000000000000000e+01 2.800000000000000000e+01
7.100000000000000000e+01 2.800000000000000000e+01
7.700000000000000000e+01 3.300000000000000000e+01
1.070000000000000000e+02 3.500000000000000000e+01
1.160000000000000000e+02 3.300000000000000000e+01
1.260000000000000000e+02 3.300000000000000000e+01
1.390000000000000000e+02 3.500000000000000000e+01
1.510000000000000000e+02 4.500000000000000000e+01
8.900000000000000000e+01 5.100000000000000000e+01
8.200000000000000000e+01 6.300000000000000000e+01
7.700000000000000000e+01 7.200000000000000000e+01
7.700000000000000000e+01 8.100000000000000000e+01
7.500000000000000000e+01 9.000000000000000000e+01
7.700000000000000000e+01 9.300000000000000000e+01
8.200000000000000000e+01 9.300000000000000000e+01
8.900000000000000000e+01 9.300000000000000000e+01
9.400000000000000000e+01 9.300000000000000000e+01
6.100000000000000000e+01 5.100000000000000000e+01
6.400000000000000000e+01 4.900000000000000000e+01
7.300000000000000000e+01 4.900000000000000000e+01
8.000000000000000000e+01 5.400000000000000000e+01
7.300000000000000000e+01 5.600000000000000000e+01
6.600000000000000000e+01 5.600000000000000000e+01
1.120000000000000000e+02 5.600000000000000000e+01
1.190000000000000000e+02 5.100000000000000000e+01
1.260000000000000000e+02 5.400000000000000000e+01
1.350000000000000000e+02 5.800000000000000000e+01
1.260000000000000000e+02 6.100000000000000000e+01
1.160000000000000000e+02 5.800000000000000000e+01
6.800000000000000000e+01 1.180000000000000000e+02
6.800000000000000000e+01 1.090000000000000000e+02
7.500000000000000000e+01 1.040000000000000000e+02
8.000000000000000000e+01 1.060000000000000000e+02
8.400000000000000000e+01 1.040000000000000000e+02
9.600000000000000000e+01 1.110000000000000000e+02
1.070000000000000000e+02 1.200000000000000000e+02
9.800000000000000000e+01 1.270000000000000000e+02
8.900000000000000000e+01 1.320000000000000000e+02
8.000000000000000000e+01 1.320000000000000000e+02
7.300000000000000000e+01 1.320000000000000000e+02
6.800000000000000000e+01 1.270000000000000000e+02
7.100000000000000000e+01 1.180000000000000000e+02
7.500000000000000000e+01 1.110000000000000000e+02
8.200000000000000000e+01 1.110000000000000000e+02
8.900000000000000000e+01 1.130000000000000000e+02
1.070000000000000000e+02 1.180000000000000000e+02
8.900000000000000000e+01 1.230000000000000000e+02
8.200000000000000000e+01 1.250000000000000000e+02
7.500000000000000000e+01 1.230000000000000000e+02
