4.300000000000000000e+01 6.000000000000000000e+01
4.500000000000000000e+01 7.900000000000000000e+01
4.900000000000000000e+01 9.400000000000000000e+01
5.400000000000000000e+01 1.070000000000000000e+02
6.200000000000000000e+01 1.240000000000000000e+02
7.300000000000000000e+01 1.350000000000000000e+02
8.400000000000000000e+01 1.430000000000000000e+02
1.010000000000000000e+02 1.500000000000000000e+02
1.200000000000000000e+02 1.540000000000000000e+02
1.370000000000000000e+02 1.480000000000000000e+02
1.480000000000000000e+02 1.390000000000000000e+02
1.560000000000000000e+02 1.310000000000000000e+02
1.600000000000000000e+02 1.160000000000000000e+02
1.630000000000000000e+02 1.010000000000000000e+02
1.650000000000000000e+02 8.600000000000000000e+01
1.690000000000000000e+02 7.100000000000000000e+01
1.690000000000000000e+02 5.400000000000000000e+01
6.400000000000000000e+01 4.500000000000000000e+01
7.300000000000000000e+01 4.100000000000000000e+01
8.400000000000000000e+01 3.900000000000000000e+01
9.400000000000000000e+01 3.900000000000000000e+01
1.030000000000000000e+02 4.100000000000000000e+01
1.370000000000000000e+02 3.900000000000000000e+01
1.430000000000000000e+02 3.400000000000000000e+01
1.520000000000000000e+02 3.200000000000000000e+01
1.600000000000000000e+02 3.400000000000000000e+01
1.670000000000000000e+02 3.900000000000000000e+01
1.200000000000000000e+02 5.800000000000000000e+01
1.220000000000000000e+02 7.100000000000000000e+01
1.240000000000000000e+02 8.100000000000000000e+01
1.260000000000000000e+02 9.000000000000000000e+01
1.110000000000000000e+02 9.600000000000000000e+01
1.160000000000000000e+02 9.600000000000000000e+01
1.240000000000000000e+02 9.800000000000000000e+01
1.280000000000000000e+02 9.600000000000000000e+01
1.330000000000000000e+02 9.400000000000000000e+01
7.700000000000000000e+01 6.000000000000000000e+01
8.600000000000000000e+01 5.600000000000000000e+01
9.400000000000000000e+01 5.600000000000000000e+01
1.010000000000000000e+02 6.000000000000000000e+01
9.400000000000000000e+01 6.200000000000000000e+01
8.600000000000000000e+01 6.200000000000000000e+01
1.350000000000000000e+02 5.600000000000000000e+01
1.430000000000000000e+02 5.100000000000000000e+01
1.520000000000000000e+02 5.100000000000000000e+01
1.560000000000000000e+02 5.400000000000000000e+01
1.520000000000000000e+02 5.800000000000000000e+01
1.430000000000000000e+02 5.800000000000000000e+01
9.800000000000000000e+01 1.180000000000000000e+02
1.070000000000000000e+02 1.110000000000000000e+02
1.180000000000000000e+02 1.070000000000000000e+02
1.240000000000000000e+02 1.090000000000000000e+02
1.280000000000000000e+02 1.070000000000000000e+02
1.370000000000000000e+02 1.110000000000000000e+02
1.430000000000000000e+02 1.130000000000000000e+02
1.370000000000000000e+02 1.220000000000000000e+02
1.310000000000000000e+02 1.260000000000000000e+02
1.220000000000000000e+02 1.280000000000000000e+02
1.130000000000000000e+02 1.260000000000000000e+02
1.070000000000000000e+02 1.240000000000000000e+02
1.010000000000000000e+02 1.180000000000000000e+02
1.160000000000000000e+02 1.130000000000000000e+02
1.220000000000000000e+02 1.130000000000000000e+02
1.280000000000000000e+02 1.130000000000000000e+02
1.410000000000000000e+02 1.130000000000000000e+02
1.280000000000000000e+02 1.180000000000000000e+02
1.220000000000000000e+02 1.180000000000000000e+02
1.160000000000000000e+02 1.180000000000000000e+02
