6.100000000000000000e+01 6.100000000000000000e+01
6.300000000000000000e+01 7.800000000000000000e+01
6.800000000000000000e+01 9.300000000000000000e+01
7.000000000000000000e+01 1.060000000000000000e+02
7.200000000000000000e+01 1.210000000000000000e+02
7.400000000000000000e+01 1.320000000000000000e+02
7.400000000000000000e+01 1.400000000000000000e+02
8.100000000000000000e+01 1.490000000000000000e+02
9.300000000000000000e+01 1.550000000000000000e+02
1.130000000000000000e+02 1.510000000000000000e+02
1.320000000000000000e+02 1.430000000000000000e+02
1.490000000000000000e+02 1.320000000000000000e+02
1.620000000000000000e+02 1.190000000000000000e+02
1.680000000000000000e+02 1.040000000000000000e+02
1.730000000000000000e+02 8.900000000000000000e+01
1.770000000000000000e+02 7.400000000000000000e+01
1.790000000000000000e+02 5.700000000000000000e+01
5.100000000000000000e+01 4.400000000000000000e+01
5.300000000000000000e+01 3.800000000000000000e+01
5.900000000000000000e+01 3.600000000000000000e+01
6.300000000000000000e+01 3.600000000000000000e+01
7.200000000000000000e+01 4.000000000000000000e+01
1.020000000000000000e+02 3.800000000000000000e+01
1.080000000000000000e+02 3.600000000000000000e+01
1.190000000000000000e+02 3.300000000000000000e+01
1.320000000000000000e+02 3.600000000000000000e+01
1.430000000000000000e+02 4.200000000000000000e+01
8.500000000000000000e+01 5.900000000000000000e+01
8.300000000000000000e+01 7.000000000000000000e+01
8.100000000000000000e+01 8.100000000000000000e+01
8.100000000000000000e+01 8.900000000000000000e+01
7.800000000000000000e+01 9.600000000000000000e+01
8.100000000000000000e+01 9.600000000000000000e+01
8.700000000000000000e+01 9.800000000000000000e+01
9.300000000000000000e+01 9.600000000000000000e+01
9.800000000000000000e+01 9.600000000000000000e+01
5.900000000000000000e+01 5.900000000000000000e+01
6.100000000000000000e+01 5.700000000000000000e+01
6.800000000000000000e+01 5.700000000000000000e+01
7.600000000000000000e+01 5.900000000000000000e+01
7.000000000000000000e+01 6.100000000000000000e+01
6.100000000000000000e+01 6.100000000000000000e+01
1.080000000000000000e+02 5.900000000000000000e+01
1.130000000000000000e+02 5.700000000000000000e+01
1.210000000000000000e+02 5.700000000000000000e+01
1.300000000000000000e+02 5.900000000000000000e+01
1.210000000000000000e+02 6.100000000000000000e+01
1.130000000000000000e+02 6.100000000000000000e+01
7.400000000000000000e+01 1.170000000000000000e+02
7.400000000000000000e+01 1.100000000000000000e+02
8.100000000000000000e+01 1.060000000000000000e+02
8.500000000000000000e+01 1.060000000000000000e+02
8.900000000000000000e+01 1.060000000000000000e+02
1.000000000000000000e+02 1.100000000000000000e+02
1.110000000000000000e+02 1.170000000000000000e+02
1.020000000000000000e+02 1.250000000000000000e+02
9.300000000000000000e+01 1.300000000000000000e+02
8.700000000000000000e+01 1.300000000000000000e+02
8.100000000000000000e+01 1.300000000000000000e+02
7.600000000000000000e+01 1.250000000000000000e+02
7.400000000000000000e+01 1.170000000000000000e+02
8.100000000000000000e+01 1.130000000000000000e+02
8.700000000000000000e+01 1.130000000000000000e+02
9.300000000000000000e+01 1.130000000000000000e+02
1.080000000000000000e+02 1.170000000000000000e+02
9.300000000000000000e+01 1.210000000000000000e+02
8.700000000000000000e+01 1.210000000000000000e+02
8.100000000000000000e+01 1.210000000000000000e+02
