3.050000000000000000e+01 6.757031250000000000e+01
3.553125000000000000e+01 8.718750000000000000e+01
4.200000000000000000e+01 1.053515625000000000e+02
4.990625000000000000e+01 1.227890625000000000e+02
6.140625000000000000e+01 1.380468750000000000e+02
7.721875000000000000e+01 1.503984375000000000e+02
9.375000000000000000e+01 1.591171875000000000e+02
1.117187500000000000e+02 1.671093750000000000e+02
1.318437500000000000e+02 1.692890625000000000e+02
1.512500000000000000e+02 1.634765625000000000e+02
1.685000000000000000e+02 1.518515625000000000e+02
1.828750000000000000e+02 1.373203125000000000e+02
1.936562500000000000e+02 1.220625000000000000e+02
1.986875000000000000e+02 1.009921875000000000e+02
1.994062500000000000e+02 8.064843750000000000e+01
1.979687500000000000e+02 5.957812500000000000e+01
1.936562500000000000e+02 3.923437500000000000e+01
4.487500000000000000e+01 6.030468750000000000e+01
5.278125000000000000e+01 5.158593750000000000e+01
6.571875000000000000e+01 4.940625000000000000e+01
7.721875000000000000e+01 5.013281250000000000e+01
9.015625000000000000e+01 5.231250000000000000e+01
1.239375000000000000e+02 4.504687500000000000e+01
1.368750000000000000e+02 3.996093750000000000e+01
1.498125000000000000e+02 3.632812500000000000e+01
1.627500000000000000e+02 3.705468750000000000e+01
1.735312500000000000e+02 4.359375000000000000e+01
1.088437500000000000e+02 5.957812500000000000e+01
1.102812500000000000e+02 7.047656250000000000e+01
1.124375000000000000e+02 8.137500000000000000e+01
1.145937500000000000e+02 9.300000000000000000e+01
1.002187500000000000e+02 1.024453125000000000e+02
1.081250000000000000e+02 1.031718750000000000e+02
1.174687500000000000e+02 1.038984375000000000e+02
1.260937500000000000e+02 1.009921875000000000e+02
1.340000000000000000e+02 9.735937500000000000e+01
5.709375000000000000e+01 7.347656250000000000e+01
6.356250000000000000e+01 6.829687500000000000e+01
7.362500000000000000e+01 6.539062500000000000e+01
8.440625000000000000e+01 6.611718750000000000e+01
7.434375000000000000e+01 6.757031250000000000e+01
6.428125000000000000e+01 6.975000000000000000e+01
1.347187500000000000e+02 5.885156250000000000e+01
1.455000000000000000e+02 5.594531250000000000e+01
1.562812500000000000e+02 5.449218750000000000e+01
1.634687500000000000e+02 5.821875000000000000e+01
1.562812500000000000e+02 5.667187500000000000e+01
1.455000000000000000e+02 5.812500000000000000e+01
9.518750000000000000e+01 1.213359375000000000e+02
1.052500000000000000e+02 1.198828125000000000e+02
1.138750000000000000e+02 1.207031250000000000e+02
1.217812500000000000e+02 1.184296875000000000e+02
1.282500000000000000e+02 1.185234375000000000e+02
1.383125000000000000e+02 1.155234375000000000e+02
1.490937500000000000e+02 1.155234375000000000e+02
1.433437500000000000e+02 1.227890625000000000e+02
1.347187500000000000e+02 1.293281250000000000e+02
1.246562500000000000e+02 1.322343750000000000e+02
1.145937500000000000e+02 1.322343750000000000e+02
1.038125000000000000e+02 1.278750000000000000e+02
9.734375000000000000e+01 1.220625000000000000e+02
1.110000000000000000e+02 1.235156250000000000e+02
1.225000000000000000e+02 1.235156250000000000e+02
1.347187500000000000e+02 1.198828125000000000e+02
1.469375000000000000e+02 1.162500000000000000e+02
1.347187500000000000e+02 1.198828125000000000e+02
1.225000000000000000e+02 1.235156250000000000e+02
1.102812500000000000e+02 1.235156250000000000e+02
