3.118750000000000000e+01 4.798828125000000000e+01
3.118750000000000000e+01 6.866015625000000000e+01
3.393750000000000000e+01 8.933203125000000000e+01
3.806250000000000000e+01 1.092656250000000000e+02
4.631250000000000000e+01 1.277226562500000000e+02
5.937500000000000000e+01 1.432265625000000000e+02
7.518750000000000000e+01 1.550390625000000000e+02
9.168750000000000000e+01 1.646367187500000000e+02
1.109375000000000000e+02 1.675898437500000000e+02
1.301875000000000000e+02 1.653750000000000000e+02
1.487500000000000000e+02 1.565156250000000000e+02
1.652500000000000000e+02 1.461796875000000000e+02
1.790000000000000000e+02 1.314140625000000000e+02
1.886250000000000000e+02 1.129570312500000000e+02
1.934375000000000000e+02 9.154687500000000000e+01
1.955000000000000000e+02 7.013671875000000000e+01
1.961875000000000000e+02 4.946484375000000000e+01
4.768750000000000000e+01 5.094140625000000000e+01
5.731250000000000000e+01 4.355859375000000000e+01
6.968750000000000000e+01 4.282031250000000000e+01
8.137500000000000000e+01 4.503515625000000000e+01
9.375000000000000000e+01 4.725000000000000000e+01
1.226250000000000000e+02 4.798828125000000000e+01
1.356875000000000000e+02 4.503515625000000000e+01
1.487500000000000000e+02 4.282031250000000000e+01
1.618125000000000000e+02 4.282031250000000000e+01
1.728125000000000000e+02 5.094140625000000000e+01
1.075000000000000000e+02 5.610937500000000000e+01
1.068125000000000000e+02 6.644531250000000000e+01
1.068125000000000000e+02 7.751953125000000000e+01
1.068125000000000000e+02 8.859375000000000000e+01
9.237500000000000000e+01 9.819140625000000000e+01
9.993750000000000000e+01 9.966796875000000000e+01
1.081875000000000000e+02 1.011445312500000000e+02
1.164375000000000000e+02 9.892968750000000000e+01
1.240000000000000000e+02 9.745312500000000000e+01
5.800000000000000000e+01 6.353906250000000000e+01
6.487500000000000000e+01 5.980078125000000000e+01
7.587500000000000000e+01 5.758593750000000000e+01
8.687500000000000000e+01 5.832421875000000000e+01
7.587500000000000000e+01 5.906250000000000000e+01
6.487500000000000000e+01 6.053906250000000000e+01
1.295000000000000000e+02 5.832421875000000000e+01
1.418750000000000000e+02 5.832421875000000000e+01
1.535625000000000000e+02 5.980078125000000000e+01
1.611250000000000000e+02 6.353906250000000000e+01
1.528750000000000000e+02 6.053906250000000000e+01
1.418750000000000000e+02 5.980078125000000000e+01
8.893750000000000000e+01 1.225546875000000000e+02
9.512500000000000000e+01 1.173867187500000000e+02
1.026875000000000000e+02 1.174335937500000000e+02
1.088750000000000000e+02 1.159101562500000000e+02
1.150625000000000000e+02 1.174335937500000000e+02
1.246875000000000000e+02 1.166484375000000000e+02
1.343125000000000000e+02 1.218164062500000000e+02
1.281250000000000000e+02 1.291992187500000000e+02
1.198750000000000000e+02 1.343671875000000000e+02
1.102500000000000000e+02 1.365820312500000000e+02
1.013125000000000000e+02 1.351054687500000000e+02
9.375000000000000000e+01 1.299375000000000000e+02
9.031250000000000000e+01 1.225546875000000000e+02
9.993750000000000000e+01 1.210781250000000000e+02
1.095625000000000000e+02 1.225546875000000000e+02
1.205625000000000000e+02 1.210781250000000000e+02
1.322500000000000000e+02 1.218164062500000000e+02
1.205625000000000000e+02 1.210781250000000000e+02
1.095625000000000000e+02 1.225546875000000000e+02
9.993750000000000000e+01 1.218164062500000000e+02
