2.725781250000000000e+01 5.853515625000000000e+01
2.795312500000000000e+01 7.876953125000000000e+01
3.073437500000000000e+01 9.828125000000000000e+01
3.490625000000000000e+01 1.177929687500000000e+02
4.325000000000000000e+01 1.351367187500000000e+02
5.715625000000000000e+01 1.481445312500000000e+02
7.384375000000000000e+01 1.568164062500000000e+02
9.122656250000000000e+01 1.633203125000000000e+02
1.100000000000000000e+02 1.647656250000000000e+02
1.294687500000000000e+02 1.625976562500000000e+02
1.482421875000000000e+02 1.560937500000000000e+02
1.656250000000000000e+02 1.466992187500000000e+02
1.802265625000000000e+02 1.336914062500000000e+02
1.885703125000000000e+02 1.156250000000000000e+02
1.920468750000000000e+02 9.539062500000000000e+01
1.934375000000000000e+02 7.443359375000000000e+01
1.934375000000000000e+02 5.492187500000000000e+01
4.464062500000000000e+01 5.058593750000000000e+01
5.367968750000000000e+01 4.263671875000000000e+01
6.550000000000000000e+01 4.046875000000000000e+01
7.732031250000000000e+01 4.119140625000000000e+01
8.914062500000000000e+01 4.335937500000000000e+01
1.183437500000000000e+02 4.335937500000000000e+01
1.315546875000000000e+02 4.046875000000000000e+01
1.447656250000000000e+02 3.902343750000000000e+01
1.579765625000000000e+02 4.119140625000000000e+01
1.677109375000000000e+02 4.914062500000000000e+01
1.030468750000000000e+02 5.203125000000000000e+01
1.030468750000000000e+02 6.142578125000000000e+01
1.030468750000000000e+02 7.154296875000000000e+01
1.030468750000000000e+02 8.093750000000000000e+01
8.844531250000000000e+01 9.177734375000000000e+01
9.678906250000000000e+01 9.322265625000000000e+01
1.051328125000000000e+02 9.394531250000000000e+01
1.134765625000000000e+02 9.250000000000000000e+01
1.211250000000000000e+02 9.105468750000000000e+01
5.437500000000000000e+01 6.298046875000000000e+01
6.063281250000000000e+01 5.781250000000000000e+01
7.036718750000000000e+01 5.564453125000000000e+01
8.149218750000000000e+01 5.636718750000000000e+01
7.106250000000000000e+01 5.781250000000000000e+01
6.132812500000000000e+01 5.925781250000000000e+01
1.273828125000000000e+02 5.564453125000000000e+01
1.385078125000000000e+02 5.492187500000000000e+01
1.496328125000000000e+02 5.636718750000000000e+01
1.565859375000000000e+02 6.081250000000000000e+01
1.496328125000000000e+02 5.708984375000000000e+01
1.385078125000000000e+02 5.636718750000000000e+01
8.288281250000000000e+01 1.177929687500000000e+02
9.053125000000000000e+01 1.120117187500000000e+02
9.957031250000000000e+01 1.121210937500000000e+02
1.065234375000000000e+02 1.105664062500000000e+02
1.134765625000000000e+02 1.121210937500000000e+02
1.239062500000000000e+02 1.112890625000000000e+02
1.343359375000000000e+02 1.156250000000000000e+02
1.259921875000000000e+02 1.199609375000000000e+02
1.169531250000000000e+02 1.228515625000000000e+02
1.072187500000000000e+02 1.235742187500000000e+02
9.817968750000000000e+01 1.235742187500000000e+02
8.983593750000000000e+01 1.221289062500000000e+02
8.496875000000000000e+01 1.170703125000000000e+02
9.609375000000000000e+01 1.149023437500000000e+02
1.065234375000000000e+02 1.149023437500000000e+02
1.197343750000000000e+02 1.141796875000000000e+02
1.322500000000000000e+02 1.156250000000000000e+02
1.190390625000000000e+02 1.141796875000000000e+02
1.065234375000000000e+02 1.149023437500000000e+02
9.539843750000000000e+01 1.149023437500000000e+02
