2.272265625000000000e+01 6.349218750000000000e+01
2.486718750000000000e+01 8.342578125000000000e+01
2.987109375000000000e+01 1.026210937500000000e+02
3.558984375000000000e+01 1.218164062500000000e+02
4.488281250000000000e+01 1.387968750000000000e+02
5.917968750000000000e+01 1.513476562500000000e+02
7.562109375000000000e+01 1.602070312500000000e+02
9.349218750000000000e+01 1.675898437500000000e+02
1.127929687500000000e+02 1.690664062500000000e+02
1.328085937500000000e+02 1.661132812500000000e+02
1.506796875000000000e+02 1.579921875000000000e+02
1.671210937500000000e+02 1.469179687500000000e+02
1.807031250000000000e+02 1.321523437500000000e+02
1.878515625000000000e+02 1.129570312500000000e+02
1.899960937500000000e+02 9.228515625000000000e+01
1.899960937500000000e+02 7.087500000000000000e+01
1.885664062500000000e+02 5.094140625000000000e+01
3.987890625000000000e+01 5.537109375000000000e+01
4.917187500000000000e+01 4.725000000000000000e+01
6.132421875000000000e+01 4.503515625000000000e+01
7.276171875000000000e+01 4.503515625000000000e+01
8.491406250000000000e+01 4.725000000000000000e+01
1.135078125000000000e+02 4.577343750000000000e+01
1.263750000000000000e+02 4.208203125000000000e+01
1.399570312500000000e+02 4.060546875000000000e+01
1.528242187500000000e+02 4.134375000000000000e+01
1.635468750000000000e+02 4.872656250000000000e+01
9.921093750000000000e+01 5.463281250000000000e+01
9.921093750000000000e+01 6.496875000000000000e+01
9.992578125000000000e+01 7.456640625000000000e+01
1.006406250000000000e+02 8.416406250000000000e+01
8.705859375000000000e+01 9.523828125000000000e+01
9.492187500000000000e+01 9.597656250000000000e+01
1.035000000000000000e+02 9.745312500000000000e+01
1.113632812500000000e+02 9.523828125000000000e+01
1.192265625000000000e+02 9.302343750000000000e+01
5.060156250000000000e+01 6.649218750000000000e+01
5.703515625000000000e+01 6.201562500000000000e+01
6.775781250000000000e+01 5.906250000000000000e+01
7.848046875000000000e+01 5.906250000000000000e+01
6.775781250000000000e+01 6.053906250000000000e+01
5.775000000000000000e+01 6.201562500000000000e+01
1.228007812500000000e+02 5.610937500000000000e+01
1.342382812500000000e+02 5.537109375000000000e+01
1.449609375000000000e+02 5.610937500000000000e+01
1.521093750000000000e+02 5.984765625000000000e+01
1.442460937500000000e+02 5.684765625000000000e+01
1.335234375000000000e+02 5.684765625000000000e+01
8.276953125000000000e+01 1.196015625000000000e+02
9.063281250000000000e+01 1.151718750000000000e+02
9.921093750000000000e+01 1.152187500000000000e+02
1.063593750000000000e+02 1.136953125000000000e+02
1.127929687500000000e+02 1.144804687500000000e+02
1.235156250000000000e+02 1.136953125000000000e+02
1.349531250000000000e+02 1.181250000000000000e+02
1.263750000000000000e+02 1.218164062500000000e+02
1.170820312500000000e+02 1.240312500000000000e+02
1.077890625000000000e+02 1.247695312500000000e+02
9.849609375000000000e+01 1.247695312500000000e+02
9.063281250000000000e+01 1.232929687500000000e+02
8.491406250000000000e+01 1.196015625000000000e+02
9.563671875000000000e+01 1.181250000000000000e+02
1.063593750000000000e+02 1.181250000000000000e+02
1.192265625000000000e+02 1.166484375000000000e+02
1.328085937500000000e+02 1.173867187500000000e+02
1.199414062500000000e+02 1.166484375000000000e+02
1.070742187500000000e+02 1.181250000000000000e+02
9.563671875000000000e+01 1.181250000000000000e+02
