3.010156250000000000e+01 4.769531250000000000e+01
3.078515625000000000e+01 6.792968750000000000e+01
3.283593750000000000e+01 8.816406250000000000e+01
3.762109375000000000e+01 1.076757812500000000e+02
4.514062500000000000e+01 1.264648437500000000e+02
5.812890625000000000e+01 1.416406250000000000e+02
7.385156250000000000e+01 1.532031250000000000e+02
9.094140625000000000e+01 1.625976562500000000e+02
1.100820312500000000e+02 1.654882812500000000e+02
1.292226562500000000e+02 1.625976562500000000e+02
1.476796875000000000e+02 1.546484375000000000e+02
1.640859375000000000e+02 1.445312500000000000e+02
1.784414062500000000e+02 1.308007812500000000e+02
1.880117187500000000e+02 1.120117187500000000e+02
1.921132812500000000e+02 9.105468750000000000e+01
1.948476562500000000e+02 7.009765625000000000e+01
1.955312500000000000e+02 4.914062500000000000e+01
4.719140625000000000e+01 4.986328125000000000e+01
5.744531250000000000e+01 4.263671875000000000e+01
6.906640625000000000e+01 4.191406250000000000e+01
8.137109375000000000e+01 4.335937500000000000e+01
9.367578125000000000e+01 4.625000000000000000e+01
1.217031250000000000e+02 4.697265625000000000e+01
1.346914062500000000e+02 4.408203125000000000e+01
1.483632812500000000e+02 4.191406250000000000e+01
1.613515625000000000e+02 4.263671875000000000e+01
1.722890625000000000e+02 4.986328125000000000e+01
1.066640625000000000e+02 5.492187500000000000e+01
1.066640625000000000e+02 6.576171875000000000e+01
1.066640625000000000e+02 7.587890625000000000e+01
1.066640625000000000e+02 8.671875000000000000e+01
9.230859375000000000e+01 9.611328125000000000e+01
9.914453125000000000e+01 9.755859375000000000e+01
1.080312500000000000e+02 9.900390625000000000e+01
1.162343750000000000e+02 9.755859375000000000e+01
1.230703125000000000e+02 9.539062500000000000e+01
5.744531250000000000e+01 6.298046875000000000e+01
6.496484375000000000e+01 5.853515625000000000e+01
7.521875000000000000e+01 5.708984375000000000e+01
8.615625000000000000e+01 5.708984375000000000e+01
7.521875000000000000e+01 5.781250000000000000e+01
6.496484375000000000e+01 5.925781250000000000e+01
1.285390625000000000e+02 5.708984375000000000e+01
1.415273437500000000e+02 5.708984375000000000e+01
1.531484375000000000e+02 5.853515625000000000e+01
1.606679687500000000e+02 6.298046875000000000e+01
1.531484375000000000e+02 5.925781250000000000e+01
1.415273437500000000e+02 5.853515625000000000e+01
8.820703125000000000e+01 1.206835937500000000e+02
9.435937500000000000e+01 1.149023437500000000e+02
1.025625000000000000e+02 1.157343750000000000e+02
1.087148437500000000e+02 1.141796875000000000e+02
1.148671875000000000e+02 1.150117187500000000e+02
1.237539062500000000e+02 1.149023437500000000e+02
1.333242187500000000e+02 1.192382812500000000e+02
1.264882812500000000e+02 1.264648437500000000e+02
1.189687500000000000e+02 1.315234375000000000e+02
1.093984375000000000e+02 1.329687500000000000e+02
1.005117187500000000e+02 1.315234375000000000e+02
9.299218750000000000e+01 1.271875000000000000e+02
8.957421875000000000e+01 1.206835937500000000e+02
9.914453125000000000e+01 1.192382812500000000e+02
1.087148437500000000e+02 1.199609375000000000e+02
1.196523437500000000e+02 1.192382812500000000e+02
1.312734375000000000e+02 1.199609375000000000e+02
1.196523437500000000e+02 1.192382812500000000e+02
1.087148437500000000e+02 1.206835937500000000e+02
9.914453125000000000e+01 1.192382812500000000e+02
