2.686718750000000000e+01 4.846875000000000000e+01
2.686718750000000000e+01 6.903125000000000000e+01
2.825781250000000000e+01 8.885937500000000000e+01
3.242968750000000000e+01 1.094218750000000000e+02
4.007812500000000000e+01 1.292500000000000000e+02
5.398437500000000000e+01 1.439375000000000000e+02
7.067187500000000000e+01 1.549531250000000000e+02
8.735937500000000000e+01 1.630312500000000000e+02
1.068281250000000000e+02 1.659687500000000000e+02
1.262968750000000000e+02 1.637656250000000000e+02
1.457656250000000000e+02 1.564218750000000000e+02
1.631484375000000000e+02 1.461406250000000000e+02
1.777500000000000000e+02 1.321875000000000000e+02
1.867890625000000000e+02 1.138281250000000000e+02
1.916562500000000000e+02 9.253125000000000000e+01
1.937421875000000000e+02 7.050000000000000000e+01
1.944375000000000000e+02 4.993750000000000000e+01
4.564062500000000000e+01 4.773437500000000000e+01
5.537500000000000000e+01 4.039062500000000000e+01
6.719531250000000000e+01 3.965625000000000000e+01
7.901562500000000000e+01 4.112500000000000000e+01
9.083593750000000000e+01 4.332812500000000000e+01
1.193437500000000000e+02 4.479687500000000000e+01
1.318593750000000000e+02 4.185937500000000000e+01
1.450703125000000000e+02 4.039062500000000000e+01
1.582812500000000000e+02 4.185937500000000000e+01
1.687109375000000000e+02 4.920312500000000000e+01
1.040468750000000000e+02 5.287500000000000000e+01
1.040468750000000000e+02 6.389062500000000000e+01
1.040468750000000000e+02 7.417187500000000000e+01
1.033515625000000000e+02 8.371875000000000000e+01
8.875000000000000000e+01 9.326562500000000000e+01
9.570312500000000000e+01 9.546875000000000000e+01
1.040468750000000000e+02 9.693750000000000000e+01
1.130859375000000000e+02 9.473437500000000000e+01
1.207343750000000000e+02 9.326562500000000000e+01
5.537500000000000000e+01 6.248437500000000000e+01
6.163281250000000000e+01 5.948437500000000000e+01
7.206250000000000000e+01 5.801562500000000000e+01
8.249218750000000000e+01 5.728125000000000000e+01
7.206250000000000000e+01 5.801562500000000000e+01
6.232812500000000000e+01 5.948437500000000000e+01
1.276875000000000000e+02 5.728125000000000000e+01
1.388125000000000000e+02 5.728125000000000000e+01
1.492421875000000000e+02 5.875000000000000000e+01
1.568906250000000000e+02 6.248437500000000000e+01
1.492421875000000000e+02 5.875000000000000000e+01
1.388125000000000000e+02 5.801562500000000000e+01
8.388281250000000000e+01 1.175000000000000000e+02
9.083593750000000000e+01 1.138281250000000000e+02
9.917968750000000000e+01 1.146250000000000000e+02
1.054375000000000000e+02 1.130937500000000000e+02
1.116953125000000000e+02 1.146250000000000000e+02
1.207343750000000000e+02 1.130937500000000000e+02
1.297734375000000000e+02 1.167656250000000000e+02
1.228203125000000000e+02 1.204375000000000000e+02
1.144765625000000000e+02 1.233750000000000000e+02
1.054375000000000000e+02 1.241093750000000000e+02
9.709375000000000000e+01 1.233750000000000000e+02
9.014062500000000000e+01 1.211718750000000000e+02
8.596875000000000000e+01 1.167656250000000000e+02
9.570312500000000000e+01 1.160312500000000000e+02
1.054375000000000000e+02 1.167656250000000000e+02
1.165625000000000000e+02 1.160312500000000000e+02
1.283828125000000000e+02 1.167656250000000000e+02
1.165625000000000000e+02 1.160312500000000000e+02
1.054375000000000000e+02 1.167656250000000000e+02
9.570312500000000000e+01 1.160312500000000000e+02
