2.859375000000000000e+01 4.920312500000000000e+01
2.859375000000000000e+01 7.050000000000000000e+01
3.069140625000000000e+01 9.032812500000000000e+01
3.488671875000000000e+01 1.108906250000000000e+02
4.257812500000000000e+01 1.299843750000000000e+02
5.796093750000000000e+01 1.446718750000000000e+02
7.474218750000000000e+01 1.549531250000000000e+02
9.222265625000000000e+01 1.637656250000000000e+02
1.118007812500000000e+02 1.659687500000000000e+02
1.313789062500000000e+02 1.637656250000000000e+02
1.495585937500000000e+02 1.564218750000000000e+02
1.670390625000000000e+02 1.461406250000000000e+02
1.810234375000000000e+02 1.321875000000000000e+02
1.894140625000000000e+02 1.138281250000000000e+02
1.936093750000000000e+02 9.326562500000000000e+01
1.964062500000000000e+02 7.270312500000000000e+01
1.971054687500000000e+02 5.214062500000000000e+01
4.817187500000000000e+01 4.773437500000000000e+01
5.796093750000000000e+01 3.965625000000000000e+01
7.124609375000000000e+01 3.818750000000000000e+01
8.313281250000000000e+01 3.965625000000000000e+01
9.571875000000000000e+01 4.332812500000000000e+01
1.264843750000000000e+02 4.479687500000000000e+01
1.390703125000000000e+02 4.185937500000000000e+01
1.530546875000000000e+02 4.039062500000000000e+01
1.656406250000000000e+02 4.185937500000000000e+01
1.754296875000000000e+02 5.067187500000000000e+01
1.104023437500000000e+02 5.287500000000000000e+01
1.111015625000000000e+02 6.315625000000000000e+01
1.104023437500000000e+02 7.417187500000000000e+01
1.097031250000000000e+02 8.445312500000000000e+01
9.432031250000000000e+01 9.400000000000000000e+01
1.020117187500000000e+02 9.546875000000000000e+01
1.111015625000000000e+02 9.693750000000000000e+01
1.194921875000000000e+02 9.546875000000000000e+01
1.271835937500000000e+02 9.400000000000000000e+01
5.935937500000000000e+01 6.028125000000000000e+01
6.635156250000000000e+01 5.654687500000000000e+01
7.614062500000000000e+01 5.434375000000000000e+01
8.732812500000000000e+01 5.581250000000000000e+01
7.614062500000000000e+01 5.654687500000000000e+01
6.635156250000000000e+01 5.728125000000000000e+01
1.341757812500000000e+02 5.654687500000000000e+01
1.453632812500000000e+02 5.654687500000000000e+01
1.565507812500000000e+02 5.801562500000000000e+01
1.635429687500000000e+02 6.248437500000000000e+01
1.558515625000000000e+02 5.875000000000000000e+01
1.453632812500000000e+02 5.801562500000000000e+01
8.662890625000000000e+01 1.167656250000000000e+02
9.571875000000000000e+01 1.130937500000000000e+02
1.048085937500000000e+02 1.146250000000000000e+02
1.111015625000000000e+02 1.130937500000000000e+02
1.180937500000000000e+02 1.146250000000000000e+02
1.278828125000000000e+02 1.138281250000000000e+02
1.376718750000000000e+02 1.167656250000000000e+02
1.299804687500000000e+02 1.219062500000000000e+02
1.208906250000000000e+02 1.248437500000000000e+02
1.118007812500000000e+02 1.263125000000000000e+02
1.020117187500000000e+02 1.248437500000000000e+02
9.362109375000000000e+01 1.226406250000000000e+02
8.872656250000000000e+01 1.167656250000000000e+02
9.991406250000000000e+01 1.160312500000000000e+02
1.111015625000000000e+02 1.175000000000000000e+02
1.236875000000000000e+02 1.160312500000000000e+02
1.355742187500000000e+02 1.167656250000000000e+02
1.236875000000000000e+02 1.167656250000000000e+02
1.111015625000000000e+02 1.175000000000000000e+02
9.991406250000000000e+01 1.160312500000000000e+02
