3.160546875000000000e+01 5.594531250000000000e+01
2.953125000000000000e+01 7.556250000000000000e+01
2.745703125000000000e+01 9.517968750000000000e+01
2.814843750000000000e+01 1.147968750000000000e+02
3.506250000000000000e+01 1.329609375000000000e+02
4.750781250000000000e+01 1.467656250000000000e+02
6.410156250000000000e+01 1.547578125000000000e+02
8.138671875000000000e+01 1.605703125000000000e+02
1.000546875000000000e+02 1.634765625000000000e+02
1.173398437500000000e+02 1.642031250000000000e+02
1.360078125000000000e+02 1.620234375000000000e+02
1.532929687500000000e+02 1.583906250000000000e+02
1.685039062500000000e+02 1.503984375000000000e+02
1.788750000000000000e+02 1.358671875000000000e+02
1.850976562500000000e+02 1.169765625000000000e+02
1.906289062500000000e+02 9.663281250000000000e+01
1.947773437500000000e+02 7.701562500000000000e+01
5.511328125000000000e+01 4.432031250000000000e+01
6.479296875000000000e+01 3.705468750000000000e+01
7.654687500000000000e+01 3.487500000000000000e+01
8.830078125000000000e+01 3.705468750000000000e+01
1.000546875000000000e+02 4.068750000000000000e+01
1.318593750000000000e+02 4.722656250000000000e+01
1.443046875000000000e+02 4.577343750000000000e+01
1.574414062500000000e+02 4.577343750000000000e+01
1.691953125000000000e+02 4.940625000000000000e+01
1.768007812500000000e+02 5.812500000000000000e+01
1.138828125000000000e+02 5.594531250000000000e+01
1.131914062500000000e+02 6.393750000000000000e+01
1.118085937500000000e+02 7.192968750000000000e+01
1.104257812500000000e+02 8.064843750000000000e+01
9.244921875000000000e+01 9.082031250000000000e+01
1.000546875000000000e+02 9.300000000000000000e+01
1.090429687500000000e+02 9.445312500000000000e+01
1.166484375000000000e+02 9.445312500000000000e+01
1.242539062500000000e+02 9.445312500000000000e+01
6.410156250000000000e+01 6.039843750000000000e+01
7.032421875000000000e+01 5.667187500000000000e+01
8.138671875000000000e+01 5.667187500000000000e+01
9.175781250000000000e+01 5.812500000000000000e+01
8.138671875000000000e+01 5.667187500000000000e+01
7.101562500000000000e+01 5.739843750000000000e+01
1.366992187500000000e+02 6.321093750000000000e+01
1.470703125000000000e+02 6.466406250000000000e+01
1.574414062500000000e+02 6.684375000000000000e+01
1.643554687500000000e+02 7.202343750000000000e+01
1.574414062500000000e+02 6.757031250000000000e+01
1.470703125000000000e+02 6.539062500000000000e+01
8.000390625000000000e+01 1.140703125000000000e+02
8.968359375000000000e+01 1.089843750000000000e+02
1.000546875000000000e+02 1.098046875000000000e+02
1.062773437500000000e+02 1.089843750000000000e+02
1.125000000000000000e+02 1.112578125000000000e+02
1.221796875000000000e+02 1.126171875000000000e+02
1.297851562500000000e+02 1.198828125000000000e+02
1.221796875000000000e+02 1.227890625000000000e+02
1.131914062500000000e+02 1.235156250000000000e+02
1.042031250000000000e+02 1.227890625000000000e+02
9.521484375000000000e+01 1.213359375000000000e+02
8.691796875000000000e+01 1.184296875000000000e+02
8.207812500000000000e+01 1.140703125000000000e+02
9.383203125000000000e+01 1.118906250000000000e+02
1.055859375000000000e+02 1.140703125000000000e+02
1.173398437500000000e+02 1.155234375000000000e+02
1.277109375000000000e+02 1.191562500000000000e+02
1.173398437500000000e+02 1.155234375000000000e+02
1.055859375000000000e+02 1.140703125000000000e+02
9.383203125000000000e+01 1.118906250000000000e+02
