2.714843750000000000e+01 5.019921875000000000e+01
2.783984375000000000e+01 7.070312500000000000e+01
3.060546875000000000e+01 9.050000000000000000e+01
3.544531250000000000e+01 1.102968750000000000e+02
4.305078125000000000e+01 1.279726562500000000e+02
5.687890625000000000e+01 1.428203125000000000e+02
7.347265625000000000e+01 1.534257812500000000e+02
9.075781250000000000e+01 1.612031250000000000e+02
1.094257812500000000e+02 1.647382812500000000e+02
1.294765625000000000e+02 1.626171875000000000e+02
1.488359375000000000e+02 1.548398437500000000e+02
1.661210937500000000e+02 1.442343750000000000e+02
1.806406250000000000e+02 1.308007812500000000e+02
1.896289062500000000e+02 1.117109375000000000e+02
1.944687500000000000e+02 9.050000000000000000e+01
1.958515625000000000e+02 6.928906250000000000e+01
1.958515625000000000e+02 4.878515625000000000e+01
4.512500000000000000e+01 4.737109375000000000e+01
5.411328125000000000e+01 4.030078125000000000e+01
6.586718750000000000e+01 3.959375000000000000e+01
7.831250000000000000e+01 4.100781250000000000e+01
9.006640625000000000e+01 4.383593750000000000e+01
1.191054687500000000e+02 4.383593750000000000e+01
1.322421875000000000e+02 4.171484375000000000e+01
1.460703125000000000e+02 3.959375000000000000e+01
1.592070312500000000e+02 4.030078125000000000e+01
1.695781250000000000e+02 4.807812500000000000e+01
1.032031250000000000e+02 5.161328125000000000e+01
1.032031250000000000e+02 6.221875000000000000e+01
1.032031250000000000e+02 7.282421875000000000e+01
1.025117187500000000e+02 8.342968750000000000e+01
8.868359375000000000e+01 9.262109375000000000e+01
9.628906250000000000e+01 9.474218750000000000e+01
1.045859375000000000e+02 9.544921875000000000e+01
1.135742187500000000e+02 9.332812500000000000e+01
1.211796875000000000e+02 9.191406250000000000e+01
5.549609375000000000e+01 6.097656250000000000e+01
6.241015625000000000e+01 5.656250000000000000e+01
7.278125000000000000e+01 5.444140625000000000e+01
8.315234375000000000e+01 5.514843750000000000e+01
7.278125000000000000e+01 5.585546875000000000e+01
6.310156250000000000e+01 5.726953125000000000e+01
1.253281250000000000e+02 5.373437500000000000e+01
1.384648437500000000e+02 5.444140625000000000e+01
1.509101562500000000e+02 5.585546875000000000e+01
1.585156250000000000e+02 6.026953125000000000e+01
1.502187500000000000e+02 5.656250000000000000e+01
1.384648437500000000e+02 5.585546875000000000e+01
8.660937500000000000e+01 1.152460937500000000e+02
9.214062500000000000e+01 1.102968750000000000e+02
1.004375000000000000e+02 1.104687500000000000e+02
1.059687500000000000e+02 1.088828125000000000e+02
1.121914062500000000e+02 1.104687500000000000e+02
1.218710937500000000e+02 1.095898437500000000e+02
1.301679687500000000e+02 1.138320312500000000e+02
1.246367187500000000e+02 1.201953125000000000e+02
1.163398437500000000e+02 1.244375000000000000e+02
1.073515625000000000e+02 1.265585937500000000e+02
9.836328125000000000e+01 1.251445312500000000e+02
9.144921875000000000e+01 1.209023437500000000e+02
8.799218750000000000e+01 1.145390625000000000e+02
9.767187500000000000e+01 1.131250000000000000e+02
1.066601562500000000e+02 1.145390625000000000e+02
1.177226562500000000e+02 1.131250000000000000e+02
1.287851562500000000e+02 1.138320312500000000e+02
1.170312500000000000e+02 1.131250000000000000e+02
1.066601562500000000e+02 1.145390625000000000e+02
9.698046875000000000e+01 1.138320312500000000e+02
