2.843750000000000000e+01 5.726953125000000000e+01
2.707812500000000000e+01 7.565234375000000000e+01
2.707812500000000000e+01 9.403515625000000000e+01
2.911718750000000000e+01 1.124179687500000000e+02
3.523437500000000000e+01 1.293867187500000000e+02
4.610937500000000000e+01 1.435273437500000000e+02
6.106250000000000000e+01 1.520117187500000000e+02
7.669531250000000000e+01 1.583750000000000000e+02
9.436718750000000000e+01 1.604960937500000000e+02
1.127187500000000000e+02 1.604960937500000000e+02
1.317500000000000000e+02 1.569609375000000000e+02
1.501015625000000000e+02 1.513046875000000000e+02
1.664140625000000000e+02 1.421132812500000000e+02
1.779687500000000000e+02 1.279726562500000000e+02
1.854453125000000000e+02 1.095898437500000000e+02
1.902031250000000000e+02 8.908593750000000000e+01
1.929218750000000000e+02 6.787500000000000000e+01
4.407031250000000000e+01 4.100781250000000000e+01
5.222656250000000000e+01 3.323046875000000000e+01
6.378125000000000000e+01 3.181640625000000000e+01
7.533593750000000000e+01 3.323046875000000000e+01
8.621093750000000000e+01 3.676562500000000000e+01
1.195156250000000000e+02 3.888671875000000000e+01
1.324296875000000000e+02 3.676562500000000000e+01
1.460234375000000000e+02 3.676562500000000000e+01
1.582578125000000000e+02 3.959375000000000000e+01
1.670937500000000000e+02 4.878515625000000000e+01
9.980468750000000000e+01 5.019921875000000000e+01
9.912500000000000000e+01 5.797656250000000000e+01
9.708593750000000000e+01 6.646093750000000000e+01
9.572656250000000000e+01 7.494531250000000000e+01
8.077343750000000000e+01 8.625781250000000000e+01
8.825000000000000000e+01 8.767187500000000000e+01
9.640625000000000000e+01 8.908593750000000000e+01
1.052421875000000000e+02 8.837890625000000000e+01
1.133984375000000000e+02 8.767187500000000000e+01
5.222656250000000000e+01 5.814843750000000000e+01
5.834375000000000000e+01 5.444140625000000000e+01
6.853906250000000000e+01 5.373437500000000000e+01
7.873437500000000000e+01 5.373437500000000000e+01
6.853906250000000000e+01 5.373437500000000000e+01
5.834375000000000000e+01 5.444140625000000000e+01
1.269921875000000000e+02 5.656250000000000000e+01
1.378671875000000000e+02 5.656250000000000000e+01
1.480625000000000000e+02 5.797656250000000000e+01
1.548593750000000000e+02 6.309765625000000000e+01
1.480625000000000000e+02 5.939062500000000000e+01
1.378671875000000000e+02 5.797656250000000000e+01
7.397656250000000000e+01 1.102968750000000000e+02
8.009375000000000000e+01 1.039335937500000000e+02
8.960937500000000000e+01 1.033984375000000000e+02
9.572656250000000000e+01 1.018125000000000000e+02
1.025234375000000000e+02 1.041054687500000000e+02
1.133984375000000000e+02 1.046406250000000000e+02
1.222343750000000000e+02 1.117109375000000000e+02
1.147578125000000000e+02 1.180742187500000000e+02
1.052421875000000000e+02 1.209023437500000000e+02
9.572656250000000000e+01 1.223164062500000000e+02
8.689062500000000000e+01 1.209023437500000000e+02
7.941406250000000000e+01 1.166601562500000000e+02
7.601562500000000000e+01 1.102968750000000000e+02
8.553125000000000000e+01 1.081757812500000000e+02
9.572656250000000000e+01 1.095898437500000000e+02
1.079609375000000000e+02 1.088828125000000000e+02
1.201953125000000000e+02 1.117109375000000000e+02
1.079609375000000000e+02 1.095898437500000000e+02
9.572656250000000000e+01 1.102968750000000000e+02
8.553125000000000000e+01 1.088828125000000000e+02
