5.100000000000000000e+01 7.100000000000000000e+01
5.600000000000000000e+01 8.900000000000000000e+01
6.000000000000000000e+01 1.050000000000000000e+02
6.500000000000000000e+01 1.190000000000000000e+02
7.000000000000000000e+01 1.350000000000000000e+02
7.400000000000000000e+01 1.460000000000000000e+02
7.900000000000000000e+01 1.530000000000000000e+02
8.800000000000000000e+01 1.570000000000000000e+02
1.060000000000000000e+02 1.590000000000000000e+02
1.260000000000000000e+02 1.530000000000000000e+02
1.440000000000000000e+02 1.440000000000000000e+02
1.600000000000000000e+02 1.350000000000000000e+02
1.710000000000000000e+02 1.210000000000000000e+02
1.780000000000000000e+02 1.050000000000000000e+02
1.800000000000000000e+02 8.900000000000000000e+01
1.820000000000000000e+02 7.400000000000000000e+01
1.850000000000000000e+02 5.300000000000000000e+01
4.500000000000000000e+01 5.100000000000000000e+01
4.700000000000000000e+01 4.400000000000000000e+01
5.400000000000000000e+01 4.200000000000000000e+01
6.300000000000000000e+01 4.000000000000000000e+01
7.000000000000000000e+01 4.200000000000000000e+01
1.030000000000000000e+02 3.500000000000000000e+01
1.120000000000000000e+02 3.300000000000000000e+01
1.240000000000000000e+02 3.100000000000000000e+01
1.370000000000000000e+02 3.100000000000000000e+01
1.490000000000000000e+02 3.800000000000000000e+01
9.000000000000000000e+01 6.000000000000000000e+01
9.000000000000000000e+01 7.100000000000000000e+01
8.800000000000000000e+01 8.000000000000000000e+01
8.800000000000000000e+01 8.900000000000000000e+01
8.300000000000000000e+01 9.800000000000000000e+01
8.800000000000000000e+01 9.800000000000000000e+01
9.400000000000000000e+01 9.800000000000000000e+01
1.010000000000000000e+02 9.600000000000000000e+01
1.060000000000000000e+02 9.600000000000000000e+01
5.600000000000000000e+01 6.500000000000000000e+01
6.000000000000000000e+01 6.000000000000000000e+01
6.700000000000000000e+01 6.000000000000000000e+01
7.600000000000000000e+01 6.200000000000000000e+01
7.000000000000000000e+01 6.700000000000000000e+01
6.000000000000000000e+01 6.700000000000000000e+01
1.120000000000000000e+02 5.600000000000000000e+01
1.190000000000000000e+02 5.100000000000000000e+01
1.280000000000000000e+02 5.100000000000000000e+01
1.370000000000000000e+02 5.300000000000000000e+01
1.280000000000000000e+02 5.800000000000000000e+01
1.190000000000000000e+02 5.800000000000000000e+01
7.900000000000000000e+01 1.230000000000000000e+02
8.100000000000000000e+01 1.170000000000000000e+02
9.000000000000000000e+01 1.100000000000000000e+02
9.400000000000000000e+01 1.100000000000000000e+02
1.010000000000000000e+02 1.080000000000000000e+02
1.120000000000000000e+02 1.120000000000000000e+02
1.240000000000000000e+02 1.170000000000000000e+02
1.150000000000000000e+02 1.260000000000000000e+02
1.060000000000000000e+02 1.300000000000000000e+02
9.700000000000000000e+01 1.300000000000000000e+02
9.000000000000000000e+01 1.320000000000000000e+02
8.300000000000000000e+01 1.280000000000000000e+02
7.900000000000000000e+01 1.230000000000000000e+02
9.000000000000000000e+01 1.170000000000000000e+02
9.700000000000000000e+01 1.170000000000000000e+02
1.030000000000000000e+02 1.170000000000000000e+02
1.210000000000000000e+02 1.170000000000000000e+02
1.030000000000000000e+02 1.210000000000000000e+02
9.700000000000000000e+01 1.210000000000000000e+02
9.000000000000000000e+01 1.230000000000000000e+02
