5.800000000000000000e+01 4.500000000000000000e+01
6.000000000000000000e+01 6.300000000000000000e+01
6.000000000000000000e+01 7.800000000000000000e+01
6.200000000000000000e+01 9.300000000000000000e+01
6.400000000000000000e+01 1.100000000000000000e+02
6.700000000000000000e+01 1.270000000000000000e+02
7.100000000000000000e+01 1.400000000000000000e+02
8.000000000000000000e+01 1.510000000000000000e+02
9.700000000000000000e+01 1.590000000000000000e+02
1.160000000000000000e+02 1.550000000000000000e+02
1.350000000000000000e+02 1.460000000000000000e+02
1.500000000000000000e+02 1.360000000000000000e+02
1.610000000000000000e+02 1.230000000000000000e+02
1.700000000000000000e+02 1.060000000000000000e+02
1.740000000000000000e+02 9.100000000000000000e+01
1.780000000000000000e+02 7.600000000000000000e+01
1.830000000000000000e+02 5.800000000000000000e+01
5.400000000000000000e+01 3.900000000000000000e+01
5.800000000000000000e+01 3.500000000000000000e+01
6.400000000000000000e+01 3.700000000000000000e+01
7.300000000000000000e+01 3.900000000000000000e+01
8.200000000000000000e+01 4.100000000000000000e+01
1.140000000000000000e+02 4.500000000000000000e+01
1.220000000000000000e+02 4.300000000000000000e+01
1.330000000000000000e+02 4.100000000000000000e+01
1.440000000000000000e+02 4.300000000000000000e+01
1.550000000000000000e+02 5.000000000000000000e+01
9.700000000000000000e+01 6.500000000000000000e+01
9.200000000000000000e+01 7.800000000000000000e+01
9.000000000000000000e+01 8.800000000000000000e+01
9.000000000000000000e+01 9.700000000000000000e+01
8.400000000000000000e+01 9.900000000000000000e+01
8.800000000000000000e+01 1.010000000000000000e+02
9.200000000000000000e+01 1.040000000000000000e+02
1.010000000000000000e+02 1.040000000000000000e+02
1.050000000000000000e+02 1.010000000000000000e+02
6.200000000000000000e+01 5.600000000000000000e+01
6.700000000000000000e+01 5.600000000000000000e+01
7.500000000000000000e+01 5.800000000000000000e+01
8.200000000000000000e+01 6.300000000000000000e+01
7.500000000000000000e+01 6.500000000000000000e+01
6.700000000000000000e+01 6.300000000000000000e+01
1.180000000000000000e+02 6.700000000000000000e+01
1.250000000000000000e+02 6.500000000000000000e+01
1.330000000000000000e+02 6.500000000000000000e+01
1.400000000000000000e+02 6.700000000000000000e+01
1.330000000000000000e+02 6.900000000000000000e+01
1.220000000000000000e+02 6.900000000000000000e+01
7.500000000000000000e+01 1.190000000000000000e+02
8.000000000000000000e+01 1.140000000000000000e+02
8.800000000000000000e+01 1.120000000000000000e+02
9.200000000000000000e+01 1.140000000000000000e+02
9.900000000000000000e+01 1.140000000000000000e+02
1.100000000000000000e+02 1.190000000000000000e+02
1.200000000000000000e+02 1.230000000000000000e+02
1.100000000000000000e+02 1.290000000000000000e+02
1.010000000000000000e+02 1.340000000000000000e+02
9.200000000000000000e+01 1.340000000000000000e+02
8.600000000000000000e+01 1.310000000000000000e+02
8.000000000000000000e+01 1.270000000000000000e+02
7.700000000000000000e+01 1.190000000000000000e+02
8.600000000000000000e+01 1.190000000000000000e+02
9.200000000000000000e+01 1.190000000000000000e+02
1.010000000000000000e+02 1.210000000000000000e+02
1.180000000000000000e+02 1.210000000000000000e+02
1.010000000000000000e+02 1.250000000000000000e+02
9.500000000000000000e+01 1.250000000000000000e+02
8.600000000000000000e+01 1.230000000000000000e+02
