5.700000000000000000e+01 6.600000000000000000e+01
6.200000000000000000e+01 8.400000000000000000e+01
6.700000000000000000e+01 9.700000000000000000e+01
7.100000000000000000e+01 1.130000000000000000e+02
7.800000000000000000e+01 1.290000000000000000e+02
8.200000000000000000e+01 1.430000000000000000e+02
8.700000000000000000e+01 1.520000000000000000e+02
9.600000000000000000e+01 1.610000000000000000e+02
1.140000000000000000e+02 1.650000000000000000e+02
1.320000000000000000e+02 1.560000000000000000e+02
1.500000000000000000e+02 1.430000000000000000e+02
1.640000000000000000e+02 1.310000000000000000e+02
1.750000000000000000e+02 1.160000000000000000e+02
1.800000000000000000e+02 1.000000000000000000e+02
1.820000000000000000e+02 8.400000000000000000e+01
1.840000000000000000e+02 6.600000000000000000e+01
1.840000000000000000e+02 4.800000000000000000e+01
4.600000000000000000e+01 5.200000000000000000e+01
4.800000000000000000e+01 4.800000000000000000e+01
5.500000000000000000e+01 4.500000000000000000e+01
6.200000000000000000e+01 4.500000000000000000e+01
7.100000000000000000e+01 4.800000000000000000e+01
1.030000000000000000e+02 4.100000000000000000e+01
1.120000000000000000e+02 3.600000000000000000e+01
1.230000000000000000e+02 3.400000000000000000e+01
1.370000000000000000e+02 3.400000000000000000e+01
1.480000000000000000e+02 3.900000000000000000e+01
9.100000000000000000e+01 6.300000000000000000e+01
9.100000000000000000e+01 7.500000000000000000e+01
8.900000000000000000e+01 8.600000000000000000e+01
9.100000000000000000e+01 9.500000000000000000e+01
8.700000000000000000e+01 1.020000000000000000e+02
9.100000000000000000e+01 1.040000000000000000e+02
9.800000000000000000e+01 1.040000000000000000e+02
1.030000000000000000e+02 1.020000000000000000e+02
1.100000000000000000e+02 1.000000000000000000e+02
5.700000000000000000e+01 6.600000000000000000e+01
6.000000000000000000e+01 6.300000000000000000e+01
6.900000000000000000e+01 6.100000000000000000e+01
7.800000000000000000e+01 6.300000000000000000e+01
7.100000000000000000e+01 6.800000000000000000e+01
6.200000000000000000e+01 6.800000000000000000e+01
1.120000000000000000e+02 5.900000000000000000e+01
1.190000000000000000e+02 5.200000000000000000e+01
1.280000000000000000e+02 5.200000000000000000e+01
1.370000000000000000e+02 5.400000000000000000e+01
1.280000000000000000e+02 5.900000000000000000e+01
1.190000000000000000e+02 5.900000000000000000e+01
8.200000000000000000e+01 1.250000000000000000e+02
8.500000000000000000e+01 1.200000000000000000e+02
9.100000000000000000e+01 1.130000000000000000e+02
9.800000000000000000e+01 1.130000000000000000e+02
1.030000000000000000e+02 1.130000000000000000e+02
1.160000000000000000e+02 1.160000000000000000e+02
1.300000000000000000e+02 1.180000000000000000e+02
1.210000000000000000e+02 1.290000000000000000e+02
1.120000000000000000e+02 1.360000000000000000e+02
1.030000000000000000e+02 1.380000000000000000e+02
9.600000000000000000e+01 1.380000000000000000e+02
8.900000000000000000e+01 1.340000000000000000e+02
8.500000000000000000e+01 1.250000000000000000e+02
9.400000000000000000e+01 1.200000000000000000e+02
1.010000000000000000e+02 1.200000000000000000e+02
1.100000000000000000e+02 1.180000000000000000e+02
1.280000000000000000e+02 1.180000000000000000e+02
1.100000000000000000e+02 1.270000000000000000e+02
1.030000000000000000e+02 1.290000000000000000e+02
9.600000000000000000e+01 1.290000000000000000e+02
