5.400000000000000000e+01 6.500000000000000000e+01
5.900000000000000000e+01 8.400000000000000000e+01
6.300000000000000000e+01 9.900000000000000000e+01
6.800000000000000000e+01 1.130000000000000000e+02
7.300000000000000000e+01 1.290000000000000000e+02
7.700000000000000000e+01 1.430000000000000000e+02
8.200000000000000000e+01 1.520000000000000000e+02
8.800000000000000000e+01 1.580000000000000000e+02
1.070000000000000000e+02 1.610000000000000000e+02
1.270000000000000000e+02 1.540000000000000000e+02
1.450000000000000000e+02 1.430000000000000000e+02
1.590000000000000000e+02 1.330000000000000000e+02
1.720000000000000000e+02 1.200000000000000000e+02
1.790000000000000000e+02 1.040000000000000000e+02
1.820000000000000000e+02 8.800000000000000000e+01
1.840000000000000000e+02 7.000000000000000000e+01
1.840000000000000000e+02 5.200000000000000000e+01
4.500000000000000000e+01 5.200000000000000000e+01
4.800000000000000000e+01 4.500000000000000000e+01
5.400000000000000000e+01 4.300000000000000000e+01
6.100000000000000000e+01 4.300000000000000000e+01
7.000000000000000000e+01 4.500000000000000000e+01
1.040000000000000000e+02 4.000000000000000000e+01
1.130000000000000000e+02 3.600000000000000000e+01
1.220000000000000000e+02 3.400000000000000000e+01
1.360000000000000000e+02 3.400000000000000000e+01
1.500000000000000000e+02 3.800000000000000000e+01
9.100000000000000000e+01 6.300000000000000000e+01
9.100000000000000000e+01 7.400000000000000000e+01
8.800000000000000000e+01 8.600000000000000000e+01
8.800000000000000000e+01 9.500000000000000000e+01
8.600000000000000000e+01 1.020000000000000000e+02
8.800000000000000000e+01 1.040000000000000000e+02
9.500000000000000000e+01 1.040000000000000000e+02
1.020000000000000000e+02 1.020000000000000000e+02
1.070000000000000000e+02 9.900000000000000000e+01
5.700000000000000000e+01 6.500000000000000000e+01
5.900000000000000000e+01 6.100000000000000000e+01
6.800000000000000000e+01 6.100000000000000000e+01
7.700000000000000000e+01 6.300000000000000000e+01
7.000000000000000000e+01 6.800000000000000000e+01
6.100000000000000000e+01 6.800000000000000000e+01
1.130000000000000000e+02 5.900000000000000000e+01
1.180000000000000000e+02 5.400000000000000000e+01
1.270000000000000000e+02 5.200000000000000000e+01
1.360000000000000000e+02 5.600000000000000000e+01
1.290000000000000000e+02 5.900000000000000000e+01
1.180000000000000000e+02 6.100000000000000000e+01
7.900000000000000000e+01 1.240000000000000000e+02
8.400000000000000000e+01 1.200000000000000000e+02
9.100000000000000000e+01 1.150000000000000000e+02
9.500000000000000000e+01 1.150000000000000000e+02
1.000000000000000000e+02 1.150000000000000000e+02
1.110000000000000000e+02 1.180000000000000000e+02
1.220000000000000000e+02 1.200000000000000000e+02
1.130000000000000000e+02 1.270000000000000000e+02
1.040000000000000000e+02 1.290000000000000000e+02
9.800000000000000000e+01 1.310000000000000000e+02
9.100000000000000000e+01 1.310000000000000000e+02
8.600000000000000000e+01 1.290000000000000000e+02
8.200000000000000000e+01 1.240000000000000000e+02
9.100000000000000000e+01 1.220000000000000000e+02
9.800000000000000000e+01 1.220000000000000000e+02
1.040000000000000000e+02 1.200000000000000000e+02
1.200000000000000000e+02 1.200000000000000000e+02
1.040000000000000000e+02 1.220000000000000000e+02
9.800000000000000000e+01 1.220000000000000000e+02
9.100000000000000000e+01 1.220000000000000000e+02
