5.900000000000000000e+01 4.700000000000000000e+01
6.100000000000000000e+01 6.400000000000000000e+01
6.100000000000000000e+01 8.100000000000000000e+01
6.300000000000000000e+01 9.400000000000000000e+01
6.300000000000000000e+01 1.110000000000000000e+02
6.500000000000000000e+01 1.240000000000000000e+02
7.000000000000000000e+01 1.350000000000000000e+02
7.400000000000000000e+01 1.450000000000000000e+02
9.100000000000000000e+01 1.520000000000000000e+02
1.100000000000000000e+02 1.500000000000000000e+02
1.300000000000000000e+02 1.430000000000000000e+02
1.470000000000000000e+02 1.370000000000000000e+02
1.600000000000000000e+02 1.260000000000000000e+02
1.680000000000000000e+02 1.110000000000000000e+02
1.750000000000000000e+02 9.600000000000000000e+01
1.790000000000000000e+02 8.100000000000000000e+01
1.860000000000000000e+02 6.400000000000000000e+01
5.400000000000000000e+01 3.400000000000000000e+01
5.700000000000000000e+01 2.900000000000000000e+01
6.500000000000000000e+01 2.900000000000000000e+01
7.200000000000000000e+01 3.100000000000000000e+01
8.000000000000000000e+01 3.600000000000000000e+01
1.120000000000000000e+02 4.000000000000000000e+01
1.230000000000000000e+02 3.800000000000000000e+01
1.340000000000000000e+02 3.800000000000000000e+01
1.470000000000000000e+02 4.000000000000000000e+01
1.580000000000000000e+02 4.700000000000000000e+01
9.500000000000000000e+01 5.700000000000000000e+01
9.100000000000000000e+01 7.000000000000000000e+01
8.900000000000000000e+01 8.100000000000000000e+01
8.700000000000000000e+01 8.900000000000000000e+01
8.200000000000000000e+01 9.400000000000000000e+01
8.500000000000000000e+01 9.600000000000000000e+01
9.100000000000000000e+01 9.800000000000000000e+01
9.700000000000000000e+01 9.800000000000000000e+01
1.020000000000000000e+02 9.600000000000000000e+01
6.100000000000000000e+01 4.900000000000000000e+01
6.500000000000000000e+01 4.700000000000000000e+01
7.400000000000000000e+01 4.900000000000000000e+01
8.200000000000000000e+01 5.300000000000000000e+01
7.400000000000000000e+01 5.500000000000000000e+01
6.500000000000000000e+01 5.300000000000000000e+01
1.170000000000000000e+02 5.900000000000000000e+01
1.250000000000000000e+02 5.500000000000000000e+01
1.320000000000000000e+02 5.700000000000000000e+01
1.400000000000000000e+02 6.200000000000000000e+01
1.320000000000000000e+02 6.400000000000000000e+01
1.230000000000000000e+02 6.200000000000000000e+01
7.200000000000000000e+01 1.130000000000000000e+02
7.600000000000000000e+01 1.090000000000000000e+02
8.500000000000000000e+01 1.070000000000000000e+02
8.900000000000000000e+01 1.090000000000000000e+02
9.300000000000000000e+01 1.090000000000000000e+02
1.040000000000000000e+02 1.130000000000000000e+02
1.120000000000000000e+02 1.170000000000000000e+02
1.020000000000000000e+02 1.220000000000000000e+02
9.500000000000000000e+01 1.240000000000000000e+02
8.700000000000000000e+01 1.240000000000000000e+02
8.000000000000000000e+01 1.220000000000000000e+02
7.600000000000000000e+01 1.170000000000000000e+02
7.400000000000000000e+01 1.130000000000000000e+02
8.200000000000000000e+01 1.130000000000000000e+02
8.900000000000000000e+01 1.130000000000000000e+02
9.500000000000000000e+01 1.130000000000000000e+02
1.100000000000000000e+02 1.170000000000000000e+02
9.500000000000000000e+01 1.150000000000000000e+02
8.900000000000000000e+01 1.150000000000000000e+02
8.200000000000000000e+01 1.130000000000000000e+02
