5.900000000000000000e+01 4.800000000000000000e+01
6.300000000000000000e+01 6.600000000000000000e+01
7.000000000000000000e+01 8.300000000000000000e+01
7.400000000000000000e+01 9.600000000000000000e+01
8.100000000000000000e+01 1.140000000000000000e+02
8.500000000000000000e+01 1.290000000000000000e+02
8.900000000000000000e+01 1.400000000000000000e+02
9.600000000000000000e+01 1.510000000000000000e+02
1.130000000000000000e+02 1.550000000000000000e+02
1.310000000000000000e+02 1.490000000000000000e+02
1.500000000000000000e+02 1.360000000000000000e+02
1.660000000000000000e+02 1.250000000000000000e+02
1.770000000000000000e+02 1.070000000000000000e+02
1.810000000000000000e+02 9.000000000000000000e+01
1.810000000000000000e+02 7.500000000000000000e+01
1.830000000000000000e+02 5.700000000000000000e+01
1.830000000000000000e+02 4.000000000000000000e+01
4.600000000000000000e+01 4.600000000000000000e+01
4.600000000000000000e+01 4.400000000000000000e+01
5.200000000000000000e+01 4.400000000000000000e+01
6.100000000000000000e+01 4.600000000000000000e+01
6.700000000000000000e+01 4.800000000000000000e+01
1.000000000000000000e+02 4.600000000000000000e+01
1.090000000000000000e+02 4.200000000000000000e+01
1.180000000000000000e+02 4.000000000000000000e+01
1.310000000000000000e+02 3.700000000000000000e+01
1.440000000000000000e+02 4.000000000000000000e+01
8.700000000000000000e+01 6.600000000000000000e+01
8.700000000000000000e+01 8.100000000000000000e+01
8.500000000000000000e+01 9.200000000000000000e+01
8.700000000000000000e+01 1.010000000000000000e+02
8.500000000000000000e+01 1.030000000000000000e+02
8.700000000000000000e+01 1.050000000000000000e+02
9.400000000000000000e+01 1.070000000000000000e+02
1.000000000000000000e+02 1.050000000000000000e+02
1.050000000000000000e+02 1.030000000000000000e+02
5.700000000000000000e+01 6.100000000000000000e+01
5.900000000000000000e+01 5.900000000000000000e+01
6.700000000000000000e+01 5.900000000000000000e+01
7.600000000000000000e+01 6.400000000000000000e+01
7.000000000000000000e+01 6.600000000000000000e+01
6.100000000000000000e+01 6.600000000000000000e+01
1.090000000000000000e+02 6.100000000000000000e+01
1.150000000000000000e+02 5.500000000000000000e+01
1.220000000000000000e+02 5.500000000000000000e+01
1.330000000000000000e+02 5.700000000000000000e+01
1.240000000000000000e+02 6.100000000000000000e+01
1.150000000000000000e+02 6.400000000000000000e+01
8.300000000000000000e+01 1.230000000000000000e+02
8.300000000000000000e+01 1.180000000000000000e+02
8.900000000000000000e+01 1.160000000000000000e+02
9.400000000000000000e+01 1.160000000000000000e+02
9.800000000000000000e+01 1.140000000000000000e+02
1.090000000000000000e+02 1.180000000000000000e+02
1.200000000000000000e+02 1.230000000000000000e+02
1.130000000000000000e+02 1.290000000000000000e+02
1.070000000000000000e+02 1.360000000000000000e+02
1.000000000000000000e+02 1.360000000000000000e+02
9.400000000000000000e+01 1.360000000000000000e+02
8.700000000000000000e+01 1.310000000000000000e+02
8.500000000000000000e+01 1.230000000000000000e+02
9.100000000000000000e+01 1.200000000000000000e+02
9.600000000000000000e+01 1.200000000000000000e+02
1.020000000000000000e+02 1.200000000000000000e+02
1.180000000000000000e+02 1.200000000000000000e+02
1.050000000000000000e+02 1.270000000000000000e+02
9.800000000000000000e+01 1.270000000000000000e+02
9.100000000000000000e+01 1.270000000000000000e+02
