5.600000000000000000e+01 6.300000000000000000e+01
5.900000000000000000e+01 8.100000000000000000e+01
6.300000000000000000e+01 9.700000000000000000e+01
6.800000000000000000e+01 1.130000000000000000e+02
7.200000000000000000e+01 1.260000000000000000e+02
7.700000000000000000e+01 1.400000000000000000e+02
8.100000000000000000e+01 1.490000000000000000e+02
8.800000000000000000e+01 1.580000000000000000e+02
1.060000000000000000e+02 1.600000000000000000e+02
1.240000000000000000e+02 1.530000000000000000e+02
1.420000000000000000e+02 1.440000000000000000e+02
1.580000000000000000e+02 1.330000000000000000e+02
1.700000000000000000e+02 1.170000000000000000e+02
1.760000000000000000e+02 1.010000000000000000e+02
1.790000000000000000e+02 8.600000000000000000e+01
1.810000000000000000e+02 7.000000000000000000e+01
1.830000000000000000e+02 4.900000000000000000e+01
4.500000000000000000e+01 4.900000000000000000e+01
4.700000000000000000e+01 4.500000000000000000e+01
5.400000000000000000e+01 4.300000000000000000e+01
6.100000000000000000e+01 4.300000000000000000e+01
7.000000000000000000e+01 4.500000000000000000e+01
1.020000000000000000e+02 4.000000000000000000e+01
1.110000000000000000e+02 3.600000000000000000e+01
1.220000000000000000e+02 3.400000000000000000e+01
1.360000000000000000e+02 3.400000000000000000e+01
1.470000000000000000e+02 3.800000000000000000e+01
8.800000000000000000e+01 6.100000000000000000e+01
8.800000000000000000e+01 7.400000000000000000e+01
8.600000000000000000e+01 8.600000000000000000e+01
8.600000000000000000e+01 9.500000000000000000e+01
8.400000000000000000e+01 9.900000000000000000e+01
8.600000000000000000e+01 1.010000000000000000e+02
9.300000000000000000e+01 1.010000000000000000e+02
9.900000000000000000e+01 9.900000000000000000e+01
1.040000000000000000e+02 9.900000000000000000e+01
5.600000000000000000e+01 6.300000000000000000e+01
5.900000000000000000e+01 6.100000000000000000e+01
6.800000000000000000e+01 5.800000000000000000e+01
7.700000000000000000e+01 6.300000000000000000e+01
6.800000000000000000e+01 6.500000000000000000e+01
6.100000000000000000e+01 6.800000000000000000e+01
1.110000000000000000e+02 5.800000000000000000e+01
1.180000000000000000e+02 5.400000000000000000e+01
1.270000000000000000e+02 5.200000000000000000e+01
1.360000000000000000e+02 5.600000000000000000e+01
1.270000000000000000e+02 5.800000000000000000e+01
1.180000000000000000e+02 6.100000000000000000e+01
7.900000000000000000e+01 1.240000000000000000e+02
7.900000000000000000e+01 1.170000000000000000e+02
8.800000000000000000e+01 1.130000000000000000e+02
9.300000000000000000e+01 1.130000000000000000e+02
9.700000000000000000e+01 1.100000000000000000e+02
1.110000000000000000e+02 1.150000000000000000e+02
1.240000000000000000e+02 1.170000000000000000e+02
1.130000000000000000e+02 1.260000000000000000e+02
1.040000000000000000e+02 1.310000000000000000e+02
9.700000000000000000e+01 1.330000000000000000e+02
8.800000000000000000e+01 1.330000000000000000e+02
8.400000000000000000e+01 1.290000000000000000e+02
7.900000000000000000e+01 1.220000000000000000e+02
8.800000000000000000e+01 1.200000000000000000e+02
9.500000000000000000e+01 1.170000000000000000e+02
1.020000000000000000e+02 1.170000000000000000e+02
1.220000000000000000e+02 1.170000000000000000e+02
1.040000000000000000e+02 1.220000000000000000e+02
9.500000000000000000e+01 1.240000000000000000e+02
8.800000000000000000e+01 1.240000000000000000e+02
