6.000000000000000000e+01 4.700000000000000000e+01
6.000000000000000000e+01 6.400000000000000000e+01
6.200000000000000000e+01 7.900000000000000000e+01
6.400000000000000000e+01 9.400000000000000000e+01
6.600000000000000000e+01 1.110000000000000000e+02
6.800000000000000000e+01 1.260000000000000000e+02
7.300000000000000000e+01 1.360000000000000000e+02
7.900000000000000000e+01 1.470000000000000000e+02
9.600000000000000000e+01 1.530000000000000000e+02
1.150000000000000000e+02 1.510000000000000000e+02
1.340000000000000000e+02 1.430000000000000000e+02
1.490000000000000000e+02 1.340000000000000000e+02
1.640000000000000000e+02 1.240000000000000000e+02
1.710000000000000000e+02 1.090000000000000000e+02
1.770000000000000000e+02 9.400000000000000000e+01
1.810000000000000000e+02 7.900000000000000000e+01
1.850000000000000000e+02 6.000000000000000000e+01
5.300000000000000000e+01 3.800000000000000000e+01
5.800000000000000000e+01 3.400000000000000000e+01
6.600000000000000000e+01 3.400000000000000000e+01
7.500000000000000000e+01 3.600000000000000000e+01
8.100000000000000000e+01 4.000000000000000000e+01
1.150000000000000000e+02 4.300000000000000000e+01
1.260000000000000000e+02 4.000000000000000000e+01
1.360000000000000000e+02 4.000000000000000000e+01
1.470000000000000000e+02 4.300000000000000000e+01
1.580000000000000000e+02 4.900000000000000000e+01
9.600000000000000000e+01 6.400000000000000000e+01
9.400000000000000000e+01 7.500000000000000000e+01
9.200000000000000000e+01 8.700000000000000000e+01
9.200000000000000000e+01 9.400000000000000000e+01
8.500000000000000000e+01 9.800000000000000000e+01
9.000000000000000000e+01 1.000000000000000000e+02
9.400000000000000000e+01 1.020000000000000000e+02
1.000000000000000000e+02 1.000000000000000000e+02
1.070000000000000000e+02 1.000000000000000000e+02
6.400000000000000000e+01 5.500000000000000000e+01
6.600000000000000000e+01 5.500000000000000000e+01
7.500000000000000000e+01 5.700000000000000000e+01
8.300000000000000000e+01 6.000000000000000000e+01
7.700000000000000000e+01 6.200000000000000000e+01
6.800000000000000000e+01 6.000000000000000000e+01
1.190000000000000000e+02 6.400000000000000000e+01
1.260000000000000000e+02 6.400000000000000000e+01
1.340000000000000000e+02 6.400000000000000000e+01
1.430000000000000000e+02 6.600000000000000000e+01
1.340000000000000000e+02 6.800000000000000000e+01
1.260000000000000000e+02 6.800000000000000000e+01
7.500000000000000000e+01 1.170000000000000000e+02
7.900000000000000000e+01 1.130000000000000000e+02
8.700000000000000000e+01 1.110000000000000000e+02
9.400000000000000000e+01 1.110000000000000000e+02
9.800000000000000000e+01 1.110000000000000000e+02
1.090000000000000000e+02 1.150000000000000000e+02
1.190000000000000000e+02 1.190000000000000000e+02
1.090000000000000000e+02 1.260000000000000000e+02
1.000000000000000000e+02 1.280000000000000000e+02
9.200000000000000000e+01 1.280000000000000000e+02
8.500000000000000000e+01 1.280000000000000000e+02
8.100000000000000000e+01 1.240000000000000000e+02
7.700000000000000000e+01 1.150000000000000000e+02
8.700000000000000000e+01 1.150000000000000000e+02
9.400000000000000000e+01 1.170000000000000000e+02
1.000000000000000000e+02 1.170000000000000000e+02
1.170000000000000000e+02 1.190000000000000000e+02
1.000000000000000000e+02 1.190000000000000000e+02
9.400000000000000000e+01 1.190000000000000000e+02
8.700000000000000000e+01 1.190000000000000000e+02
