5.100000000000000000e+01 4.200000000000000000e+01
5.800000000000000000e+01 5.700000000000000000e+01
6.200000000000000000e+01 7.200000000000000000e+01
6.800000000000000000e+01 8.800000000000000000e+01
7.500000000000000000e+01 1.050000000000000000e+02
8.200000000000000000e+01 1.230000000000000000e+02
9.000000000000000000e+01 1.380000000000000000e+02
1.030000000000000000e+02 1.510000000000000000e+02
1.230000000000000000e+02 1.580000000000000000e+02
1.430000000000000000e+02 1.470000000000000000e+02
1.580000000000000000e+02 1.310000000000000000e+02
1.710000000000000000e+02 1.140000000000000000e+02
1.800000000000000000e+02 9.400000000000000000e+01
1.820000000000000000e+02 7.700000000000000000e+01
1.840000000000000000e+02 5.900000000000000000e+01
1.840000000000000000e+02 4.600000000000000000e+01
1.820000000000000000e+02 2.900000000000000000e+01
6.000000000000000000e+01 5.900000000000000000e+01
6.600000000000000000e+01 5.900000000000000000e+01
7.300000000000000000e+01 6.200000000000000000e+01
8.200000000000000000e+01 6.200000000000000000e+01
9.000000000000000000e+01 6.400000000000000000e+01
1.160000000000000000e+02 6.200000000000000000e+01
1.250000000000000000e+02 5.700000000000000000e+01
1.340000000000000000e+02 5.700000000000000000e+01
1.450000000000000000e+02 5.500000000000000000e+01
1.540000000000000000e+02 5.100000000000000000e+01
1.060000000000000000e+02 7.700000000000000000e+01
1.060000000000000000e+02 9.200000000000000000e+01
1.060000000000000000e+02 1.030000000000000000e+02
1.080000000000000000e+02 1.100000000000000000e+02
1.010000000000000000e+02 1.100000000000000000e+02
1.030000000000000000e+02 1.100000000000000000e+02
1.120000000000000000e+02 1.120000000000000000e+02
1.190000000000000000e+02 1.100000000000000000e+02
1.230000000000000000e+02 1.050000000000000000e+02
7.300000000000000000e+01 7.000000000000000000e+01
7.900000000000000000e+01 7.200000000000000000e+01
8.600000000000000000e+01 7.000000000000000000e+01
9.200000000000000000e+01 7.200000000000000000e+01
8.600000000000000000e+01 7.500000000000000000e+01
7.900000000000000000e+01 7.500000000000000000e+01
1.210000000000000000e+02 7.000000000000000000e+01
1.270000000000000000e+02 6.800000000000000000e+01
1.360000000000000000e+02 6.800000000000000000e+01
1.430000000000000000e+02 6.600000000000000000e+01
1.360000000000000000e+02 7.200000000000000000e+01
1.270000000000000000e+02 7.200000000000000000e+01
9.200000000000000000e+01 1.180000000000000000e+02
9.700000000000000000e+01 1.200000000000000000e+02
1.080000000000000000e+02 1.180000000000000000e+02
1.120000000000000000e+02 1.200000000000000000e+02
1.190000000000000000e+02 1.180000000000000000e+02
1.300000000000000000e+02 1.180000000000000000e+02
1.410000000000000000e+02 1.180000000000000000e+02
1.320000000000000000e+02 1.290000000000000000e+02
1.250000000000000000e+02 1.340000000000000000e+02
1.160000000000000000e+02 1.360000000000000000e+02
1.080000000000000000e+02 1.360000000000000000e+02
9.900000000000000000e+01 1.310000000000000000e+02
9.200000000000000000e+01 1.180000000000000000e+02
1.060000000000000000e+02 1.230000000000000000e+02
1.120000000000000000e+02 1.230000000000000000e+02
1.210000000000000000e+02 1.230000000000000000e+02
1.410000000000000000e+02 1.180000000000000000e+02
1.230000000000000000e+02 1.270000000000000000e+02
1.140000000000000000e+02 1.270000000000000000e+02
1.080000000000000000e+02 1.270000000000000000e+02
