5.000000000000000000e+01 4.400000000000000000e+01
5.900000000000000000e+01 6.200000000000000000e+01
6.500000000000000000e+01 7.500000000000000000e+01
7.000000000000000000e+01 9.100000000000000000e+01
7.600000000000000000e+01 1.080000000000000000e+02
8.500000000000000000e+01 1.260000000000000000e+02
9.200000000000000000e+01 1.390000000000000000e+02
1.050000000000000000e+02 1.530000000000000000e+02
1.250000000000000000e+02 1.570000000000000000e+02
1.450000000000000000e+02 1.480000000000000000e+02
1.610000000000000000e+02 1.330000000000000000e+02
1.740000000000000000e+02 1.150000000000000000e+02
1.810000000000000000e+02 9.500000000000000000e+01
1.850000000000000000e+02 7.500000000000000000e+01
1.830000000000000000e+02 5.900000000000000000e+01
1.830000000000000000e+02 4.600000000000000000e+01
1.810000000000000000e+02 2.800000000000000000e+01
5.900000000000000000e+01 5.900000000000000000e+01
6.300000000000000000e+01 5.900000000000000000e+01
7.000000000000000000e+01 6.200000000000000000e+01
7.900000000000000000e+01 6.200000000000000000e+01
8.500000000000000000e+01 6.400000000000000000e+01
1.120000000000000000e+02 6.200000000000000000e+01
1.210000000000000000e+02 5.900000000000000000e+01
1.300000000000000000e+02 5.900000000000000000e+01
1.410000000000000000e+02 5.700000000000000000e+01
1.500000000000000000e+02 5.300000000000000000e+01
1.030000000000000000e+02 7.700000000000000000e+01
1.030000000000000000e+02 9.100000000000000000e+01
1.030000000000000000e+02 1.040000000000000000e+02
1.050000000000000000e+02 1.110000000000000000e+02
9.900000000000000000e+01 1.080000000000000000e+02
1.030000000000000000e+02 1.110000000000000000e+02
1.100000000000000000e+02 1.130000000000000000e+02
1.160000000000000000e+02 1.080000000000000000e+02
1.210000000000000000e+02 1.060000000000000000e+02
7.200000000000000000e+01 7.100000000000000000e+01
7.600000000000000000e+01 7.300000000000000000e+01
8.300000000000000000e+01 7.100000000000000000e+01
9.200000000000000000e+01 7.300000000000000000e+01
8.500000000000000000e+01 7.500000000000000000e+01
7.900000000000000000e+01 7.500000000000000000e+01
1.180000000000000000e+02 7.100000000000000000e+01
1.230000000000000000e+02 6.800000000000000000e+01
1.320000000000000000e+02 6.800000000000000000e+01
1.380000000000000000e+02 6.800000000000000000e+01
1.320000000000000000e+02 7.300000000000000000e+01
1.250000000000000000e+02 7.300000000000000000e+01
9.200000000000000000e+01 1.220000000000000000e+02
9.600000000000000000e+01 1.220000000000000000e+02
1.070000000000000000e+02 1.190000000000000000e+02
1.120000000000000000e+02 1.220000000000000000e+02
1.180000000000000000e+02 1.190000000000000000e+02
1.300000000000000000e+02 1.190000000000000000e+02
1.380000000000000000e+02 1.190000000000000000e+02
1.300000000000000000e+02 1.280000000000000000e+02
1.230000000000000000e+02 1.330000000000000000e+02
1.160000000000000000e+02 1.350000000000000000e+02
1.070000000000000000e+02 1.330000000000000000e+02
1.010000000000000000e+02 1.300000000000000000e+02
9.400000000000000000e+01 1.220000000000000000e+02
1.070000000000000000e+02 1.240000000000000000e+02
1.140000000000000000e+02 1.240000000000000000e+02
1.210000000000000000e+02 1.240000000000000000e+02
1.360000000000000000e+02 1.190000000000000000e+02
1.210000000000000000e+02 1.240000000000000000e+02
1.140000000000000000e+02 1.260000000000000000e+02
1.070000000000000000e+02 1.260000000000000000e+02
