5.300000000000000000e+01 4.200000000000000000e+01
6.000000000000000000e+01 6.000000000000000000e+01
6.700000000000000000e+01 7.500000000000000000e+01
7.300000000000000000e+01 9.000000000000000000e+01
8.000000000000000000e+01 1.080000000000000000e+02
8.800000000000000000e+01 1.250000000000000000e+02
9.500000000000000000e+01 1.380000000000000000e+02
1.060000000000000000e+02 1.510000000000000000e+02
1.230000000000000000e+02 1.530000000000000000e+02
1.430000000000000000e+02 1.440000000000000000e+02
1.620000000000000000e+02 1.290000000000000000e+02
1.750000000000000000e+02 1.140000000000000000e+02
1.840000000000000000e+02 9.200000000000000000e+01
1.840000000000000000e+02 7.300000000000000000e+01
1.840000000000000000e+02 6.000000000000000000e+01
1.820000000000000000e+02 4.500000000000000000e+01
1.800000000000000000e+02 2.500000000000000000e+01
5.300000000000000000e+01 6.000000000000000000e+01
5.600000000000000000e+01 6.000000000000000000e+01
6.200000000000000000e+01 6.400000000000000000e+01
6.900000000000000000e+01 6.400000000000000000e+01
7.700000000000000000e+01 6.600000000000000000e+01
1.030000000000000000e+02 6.200000000000000000e+01
1.120000000000000000e+02 5.800000000000000000e+01
1.210000000000000000e+02 5.500000000000000000e+01
1.340000000000000000e+02 5.300000000000000000e+01
1.450000000000000000e+02 5.100000000000000000e+01
9.500000000000000000e+01 7.700000000000000000e+01
9.700000000000000000e+01 9.200000000000000000e+01
9.900000000000000000e+01 1.030000000000000000e+02
1.010000000000000000e+02 1.120000000000000000e+02
9.700000000000000000e+01 1.100000000000000000e+02
1.010000000000000000e+02 1.120000000000000000e+02
1.080000000000000000e+02 1.120000000000000000e+02
1.140000000000000000e+02 1.100000000000000000e+02
1.190000000000000000e+02 1.080000000000000000e+02
6.700000000000000000e+01 7.300000000000000000e+01
6.900000000000000000e+01 7.300000000000000000e+01
7.500000000000000000e+01 7.300000000000000000e+01
8.400000000000000000e+01 7.300000000000000000e+01
7.700000000000000000e+01 7.700000000000000000e+01
7.100000000000000000e+01 7.700000000000000000e+01
1.120000000000000000e+02 7.100000000000000000e+01
1.190000000000000000e+02 6.800000000000000000e+01
1.250000000000000000e+02 6.600000000000000000e+01
1.340000000000000000e+02 6.600000000000000000e+01
1.270000000000000000e+02 7.100000000000000000e+01
1.190000000000000000e+02 7.300000000000000000e+01
9.500000000000000000e+01 1.230000000000000000e+02
9.700000000000000000e+01 1.230000000000000000e+02
1.060000000000000000e+02 1.230000000000000000e+02
1.100000000000000000e+02 1.230000000000000000e+02
1.140000000000000000e+02 1.210000000000000000e+02
1.250000000000000000e+02 1.210000000000000000e+02
1.380000000000000000e+02 1.180000000000000000e+02
1.270000000000000000e+02 1.250000000000000000e+02
1.210000000000000000e+02 1.290000000000000000e+02
1.140000000000000000e+02 1.310000000000000000e+02
1.080000000000000000e+02 1.310000000000000000e+02
1.010000000000000000e+02 1.290000000000000000e+02
9.500000000000000000e+01 1.230000000000000000e+02
1.060000000000000000e+02 1.250000000000000000e+02
1.120000000000000000e+02 1.250000000000000000e+02
1.190000000000000000e+02 1.250000000000000000e+02
1.360000000000000000e+02 1.180000000000000000e+02
1.190000000000000000e+02 1.230000000000000000e+02
1.120000000000000000e+02 1.250000000000000000e+02
1.060000000000000000e+02 1.250000000000000000e+02
