5.100000000000000000e+01 4.000000000000000000e+01
5.800000000000000000e+01 5.800000000000000000e+01
6.400000000000000000e+01 7.300000000000000000e+01
7.100000000000000000e+01 8.900000000000000000e+01
7.800000000000000000e+01 1.060000000000000000e+02
8.400000000000000000e+01 1.240000000000000000e+02
9.100000000000000000e+01 1.400000000000000000e+02
1.020000000000000000e+02 1.530000000000000000e+02
1.220000000000000000e+02 1.600000000000000000e+02
1.390000000000000000e+02 1.510000000000000000e+02
1.570000000000000000e+02 1.350000000000000000e+02
1.700000000000000000e+02 1.200000000000000000e+02
1.790000000000000000e+02 9.800000000000000000e+01
1.810000000000000000e+02 7.800000000000000000e+01
1.810000000000000000e+02 6.200000000000000000e+01
1.810000000000000000e+02 4.700000000000000000e+01
1.790000000000000000e+02 3.100000000000000000e+01
5.300000000000000000e+01 6.000000000000000000e+01
5.800000000000000000e+01 6.200000000000000000e+01
6.400000000000000000e+01 6.400000000000000000e+01
7.100000000000000000e+01 6.400000000000000000e+01
8.000000000000000000e+01 6.700000000000000000e+01
1.060000000000000000e+02 6.700000000000000000e+01
1.150000000000000000e+02 6.400000000000000000e+01
1.240000000000000000e+02 6.000000000000000000e+01
1.350000000000000000e+02 5.800000000000000000e+01
1.460000000000000000e+02 5.300000000000000000e+01
9.700000000000000000e+01 8.000000000000000000e+01
9.700000000000000000e+01 9.300000000000000000e+01
1.000000000000000000e+02 1.040000000000000000e+02
1.020000000000000000e+02 1.110000000000000000e+02
9.500000000000000000e+01 1.110000000000000000e+02
1.000000000000000000e+02 1.130000000000000000e+02
1.060000000000000000e+02 1.130000000000000000e+02
1.110000000000000000e+02 1.110000000000000000e+02
1.170000000000000000e+02 1.090000000000000000e+02
6.600000000000000000e+01 7.300000000000000000e+01
7.100000000000000000e+01 7.300000000000000000e+01
7.800000000000000000e+01 7.300000000000000000e+01
8.600000000000000000e+01 7.300000000000000000e+01
8.000000000000000000e+01 7.800000000000000000e+01
7.300000000000000000e+01 7.800000000000000000e+01
1.130000000000000000e+02 7.300000000000000000e+01
1.200000000000000000e+02 7.100000000000000000e+01
1.260000000000000000e+02 7.100000000000000000e+01
1.350000000000000000e+02 6.900000000000000000e+01
1.280000000000000000e+02 7.600000000000000000e+01
1.200000000000000000e+02 7.600000000000000000e+01
8.900000000000000000e+01 1.220000000000000000e+02
9.300000000000000000e+01 1.220000000000000000e+02
1.020000000000000000e+02 1.220000000000000000e+02
1.080000000000000000e+02 1.220000000000000000e+02
1.130000000000000000e+02 1.200000000000000000e+02
1.240000000000000000e+02 1.200000000000000000e+02
1.350000000000000000e+02 1.200000000000000000e+02
1.260000000000000000e+02 1.290000000000000000e+02
1.200000000000000000e+02 1.350000000000000000e+02
1.110000000000000000e+02 1.370000000000000000e+02
1.040000000000000000e+02 1.370000000000000000e+02
9.700000000000000000e+01 1.330000000000000000e+02
9.100000000000000000e+01 1.220000000000000000e+02
1.020000000000000000e+02 1.260000000000000000e+02
1.080000000000000000e+02 1.260000000000000000e+02
1.170000000000000000e+02 1.240000000000000000e+02
1.350000000000000000e+02 1.200000000000000000e+02
1.170000000000000000e+02 1.260000000000000000e+02
1.110000000000000000e+02 1.290000000000000000e+02
1.040000000000000000e+02 1.290000000000000000e+02
