4.500000000000000000e+01 5.100000000000000000e+01
5.100000000000000000e+01 6.900000000000000000e+01
6.000000000000000000e+01 8.500000000000000000e+01
6.500000000000000000e+01 9.800000000000000000e+01
7.400000000000000000e+01 1.160000000000000000e+02
8.300000000000000000e+01 1.340000000000000000e+02
9.200000000000000000e+01 1.450000000000000000e+02
1.070000000000000000e+02 1.560000000000000000e+02
1.270000000000000000e+02 1.580000000000000000e+02
1.470000000000000000e+02 1.490000000000000000e+02
1.610000000000000000e+02 1.340000000000000000e+02
1.740000000000000000e+02 1.160000000000000000e+02
1.810000000000000000e+02 9.600000000000000000e+01
1.830000000000000000e+02 7.800000000000000000e+01
1.810000000000000000e+02 6.000000000000000000e+01
1.810000000000000000e+02 4.500000000000000000e+01
1.760000000000000000e+02 2.700000000000000000e+01
5.100000000000000000e+01 6.000000000000000000e+01
5.800000000000000000e+01 6.000000000000000000e+01
6.500000000000000000e+01 6.000000000000000000e+01
7.400000000000000000e+01 6.000000000000000000e+01
8.300000000000000000e+01 6.000000000000000000e+01
1.090000000000000000e+02 5.600000000000000000e+01
1.180000000000000000e+02 5.100000000000000000e+01
1.270000000000000000e+02 4.900000000000000000e+01
1.380000000000000000e+02 4.700000000000000000e+01
1.500000000000000000e+02 4.500000000000000000e+01
1.000000000000000000e+02 7.400000000000000000e+01
1.050000000000000000e+02 8.700000000000000000e+01
1.050000000000000000e+02 1.000000000000000000e+02
1.070000000000000000e+02 1.090000000000000000e+02
1.000000000000000000e+02 1.090000000000000000e+02
1.050000000000000000e+02 1.120000000000000000e+02
1.120000000000000000e+02 1.120000000000000000e+02
1.180000000000000000e+02 1.090000000000000000e+02
1.230000000000000000e+02 1.050000000000000000e+02
6.700000000000000000e+01 7.100000000000000000e+01
7.200000000000000000e+01 7.100000000000000000e+01
7.800000000000000000e+01 6.900000000000000000e+01
8.700000000000000000e+01 7.100000000000000000e+01
8.000000000000000000e+01 7.400000000000000000e+01
7.400000000000000000e+01 7.600000000000000000e+01
1.160000000000000000e+02 6.700000000000000000e+01
1.230000000000000000e+02 6.500000000000000000e+01
1.290000000000000000e+02 6.500000000000000000e+01
1.380000000000000000e+02 6.300000000000000000e+01
1.320000000000000000e+02 6.700000000000000000e+01
1.230000000000000000e+02 6.900000000000000000e+01
9.400000000000000000e+01 1.250000000000000000e+02
9.800000000000000000e+01 1.250000000000000000e+02
1.070000000000000000e+02 1.230000000000000000e+02
1.140000000000000000e+02 1.230000000000000000e+02
1.180000000000000000e+02 1.210000000000000000e+02
1.320000000000000000e+02 1.210000000000000000e+02
1.410000000000000000e+02 1.180000000000000000e+02
1.320000000000000000e+02 1.270000000000000000e+02
1.250000000000000000e+02 1.340000000000000000e+02
1.180000000000000000e+02 1.360000000000000000e+02
1.090000000000000000e+02 1.360000000000000000e+02
1.030000000000000000e+02 1.320000000000000000e+02
9.600000000000000000e+01 1.250000000000000000e+02
1.090000000000000000e+02 1.270000000000000000e+02
1.160000000000000000e+02 1.250000000000000000e+02
1.230000000000000000e+02 1.250000000000000000e+02
1.410000000000000000e+02 1.180000000000000000e+02
1.230000000000000000e+02 1.250000000000000000e+02
1.160000000000000000e+02 1.270000000000000000e+02
1.090000000000000000e+02 1.270000000000000000e+02
