4.500000000000000000e+01 4.100000000000000000e+01
5.200000000000000000e+01 5.700000000000000000e+01
5.700000000000000000e+01 7.300000000000000000e+01
6.400000000000000000e+01 8.700000000000000000e+01
7.000000000000000000e+01 1.050000000000000000e+02
7.700000000000000000e+01 1.230000000000000000e+02
8.600000000000000000e+01 1.390000000000000000e+02
1.000000000000000000e+02 1.530000000000000000e+02
1.180000000000000000e+02 1.600000000000000000e+02
1.390000000000000000e+02 1.510000000000000000e+02
1.570000000000000000e+02 1.350000000000000000e+02
1.690000000000000000e+02 1.190000000000000000e+02
1.780000000000000000e+02 9.600000000000000000e+01
1.800000000000000000e+02 7.800000000000000000e+01
1.800000000000000000e+02 6.400000000000000000e+01
1.820000000000000000e+02 4.800000000000000000e+01
1.800000000000000000e+02 3.000000000000000000e+01
5.700000000000000000e+01 5.700000000000000000e+01
6.400000000000000000e+01 5.700000000000000000e+01
7.300000000000000000e+01 5.900000000000000000e+01
8.200000000000000000e+01 5.900000000000000000e+01
8.900000000000000000e+01 6.200000000000000000e+01
1.180000000000000000e+02 6.200000000000000000e+01
1.250000000000000000e+02 5.900000000000000000e+01
1.340000000000000000e+02 5.700000000000000000e+01
1.460000000000000000e+02 5.500000000000000000e+01
1.550000000000000000e+02 5.300000000000000000e+01
1.050000000000000000e+02 7.500000000000000000e+01
1.050000000000000000e+02 9.100000000000000000e+01
1.050000000000000000e+02 1.030000000000000000e+02
1.070000000000000000e+02 1.100000000000000000e+02
1.000000000000000000e+02 1.070000000000000000e+02
1.050000000000000000e+02 1.100000000000000000e+02
1.120000000000000000e+02 1.120000000000000000e+02
1.160000000000000000e+02 1.100000000000000000e+02
1.210000000000000000e+02 1.070000000000000000e+02
7.300000000000000000e+01 6.900000000000000000e+01
7.700000000000000000e+01 7.100000000000000000e+01
8.400000000000000000e+01 6.900000000000000000e+01
9.100000000000000000e+01 7.100000000000000000e+01
8.400000000000000000e+01 7.300000000000000000e+01
7.700000000000000000e+01 7.300000000000000000e+01
1.230000000000000000e+02 6.900000000000000000e+01
1.270000000000000000e+02 6.900000000000000000e+01
1.370000000000000000e+02 6.900000000000000000e+01
1.430000000000000000e+02 6.600000000000000000e+01
1.370000000000000000e+02 7.100000000000000000e+01
1.270000000000000000e+02 7.100000000000000000e+01
9.100000000000000000e+01 1.230000000000000000e+02
9.600000000000000000e+01 1.210000000000000000e+02
1.070000000000000000e+02 1.190000000000000000e+02
1.120000000000000000e+02 1.210000000000000000e+02
1.160000000000000000e+02 1.190000000000000000e+02
1.270000000000000000e+02 1.210000000000000000e+02
1.340000000000000000e+02 1.210000000000000000e+02
1.270000000000000000e+02 1.300000000000000000e+02
1.210000000000000000e+02 1.350000000000000000e+02
1.140000000000000000e+02 1.370000000000000000e+02
1.050000000000000000e+02 1.370000000000000000e+02
9.800000000000000000e+01 1.320000000000000000e+02
9.300000000000000000e+01 1.230000000000000000e+02
1.050000000000000000e+02 1.230000000000000000e+02
1.120000000000000000e+02 1.230000000000000000e+02
1.180000000000000000e+02 1.230000000000000000e+02
1.340000000000000000e+02 1.210000000000000000e+02
1.180000000000000000e+02 1.280000000000000000e+02
1.120000000000000000e+02 1.280000000000000000e+02
1.050000000000000000e+02 1.280000000000000000e+02
