4.200000000000000000e+01 3.200000000000000000e+01
4.700000000000000000e+01 5.300000000000000000e+01
5.100000000000000000e+01 6.900000000000000000e+01
5.600000000000000000e+01 8.300000000000000000e+01
5.800000000000000000e+01 1.010000000000000000e+02
6.700000000000000000e+01 1.220000000000000000e+02
7.900000000000000000e+01 1.380000000000000000e+02
9.300000000000000000e+01 1.540000000000000000e+02
1.110000000000000000e+02 1.610000000000000000e+02
1.340000000000000000e+02 1.520000000000000000e+02
1.500000000000000000e+02 1.380000000000000000e+02
1.640000000000000000e+02 1.220000000000000000e+02
1.730000000000000000e+02 1.010000000000000000e+02
1.780000000000000000e+02 8.300000000000000000e+01
1.800000000000000000e+02 6.600000000000000000e+01
1.830000000000000000e+02 5.300000000000000000e+01
1.830000000000000000e+02 3.400000000000000000e+01
5.400000000000000000e+01 5.300000000000000000e+01
6.300000000000000000e+01 5.500000000000000000e+01
7.200000000000000000e+01 5.500000000000000000e+01
8.100000000000000000e+01 5.700000000000000000e+01
8.800000000000000000e+01 5.900000000000000000e+01
1.180000000000000000e+02 6.200000000000000000e+01
1.270000000000000000e+02 5.900000000000000000e+01
1.370000000000000000e+02 5.900000000000000000e+01
1.480000000000000000e+02 5.700000000000000000e+01
1.570000000000000000e+02 5.300000000000000000e+01
1.040000000000000000e+02 7.600000000000000000e+01
1.040000000000000000e+02 8.900000000000000000e+01
1.020000000000000000e+02 1.010000000000000000e+02
1.020000000000000000e+02 1.100000000000000000e+02
9.500000000000000000e+01 1.080000000000000000e+02
1.000000000000000000e+02 1.100000000000000000e+02
1.070000000000000000e+02 1.120000000000000000e+02
1.140000000000000000e+02 1.100000000000000000e+02
1.180000000000000000e+02 1.080000000000000000e+02
6.700000000000000000e+01 6.600000000000000000e+01
7.400000000000000000e+01 6.600000000000000000e+01
8.100000000000000000e+01 6.600000000000000000e+01
9.000000000000000000e+01 6.900000000000000000e+01
8.400000000000000000e+01 7.100000000000000000e+01
7.400000000000000000e+01 7.100000000000000000e+01
1.230000000000000000e+02 7.100000000000000000e+01
1.270000000000000000e+02 6.900000000000000000e+01
1.370000000000000000e+02 6.900000000000000000e+01
1.430000000000000000e+02 6.900000000000000000e+01
1.370000000000000000e+02 7.300000000000000000e+01
1.270000000000000000e+02 7.300000000000000000e+01
8.600000000000000000e+01 1.220000000000000000e+02
9.000000000000000000e+01 1.220000000000000000e+02
1.020000000000000000e+02 1.190000000000000000e+02
1.070000000000000000e+02 1.220000000000000000e+02
1.140000000000000000e+02 1.190000000000000000e+02
1.230000000000000000e+02 1.220000000000000000e+02
1.340000000000000000e+02 1.240000000000000000e+02
1.230000000000000000e+02 1.310000000000000000e+02
1.160000000000000000e+02 1.330000000000000000e+02
1.090000000000000000e+02 1.350000000000000000e+02
1.000000000000000000e+02 1.350000000000000000e+02
9.300000000000000000e+01 1.310000000000000000e+02
8.800000000000000000e+01 1.220000000000000000e+02
1.000000000000000000e+02 1.240000000000000000e+02
1.070000000000000000e+02 1.260000000000000000e+02
1.160000000000000000e+02 1.240000000000000000e+02
1.320000000000000000e+02 1.240000000000000000e+02
1.160000000000000000e+02 1.260000000000000000e+02
1.090000000000000000e+02 1.260000000000000000e+02
1.020000000000000000e+02 1.260000000000000000e+02
