4.000000000000000000e+01 3.100000000000000000e+01
4.500000000000000000e+01 5.000000000000000000e+01
5.000000000000000000e+01 6.300000000000000000e+01
5.400000000000000000e+01 8.000000000000000000e+01
6.100000000000000000e+01 1.010000000000000000e+02
6.800000000000000000e+01 1.210000000000000000e+02
8.000000000000000000e+01 1.380000000000000000e+02
9.600000000000000000e+01 1.540000000000000000e+02
1.140000000000000000e+02 1.630000000000000000e+02
1.380000000000000000e+02 1.540000000000000000e+02
1.540000000000000000e+02 1.380000000000000000e+02
1.680000000000000000e+02 1.190000000000000000e+02
1.770000000000000000e+02 9.800000000000000000e+01
1.820000000000000000e+02 8.000000000000000000e+01
1.840000000000000000e+02 6.300000000000000000e+01
1.860000000000000000e+02 4.700000000000000000e+01
1.860000000000000000e+02 3.100000000000000000e+01
5.400000000000000000e+01 5.200000000000000000e+01
6.100000000000000000e+01 5.400000000000000000e+01
7.000000000000000000e+01 5.700000000000000000e+01
8.000000000000000000e+01 5.900000000000000000e+01
8.900000000000000000e+01 6.100000000000000000e+01
1.190000000000000000e+02 5.900000000000000000e+01
1.280000000000000000e+02 5.700000000000000000e+01
1.380000000000000000e+02 5.700000000000000000e+01
1.490000000000000000e+02 5.400000000000000000e+01
1.610000000000000000e+02 5.200000000000000000e+01
1.050000000000000000e+02 7.500000000000000000e+01
1.050000000000000000e+02 9.100000000000000000e+01
1.050000000000000000e+02 1.030000000000000000e+02
1.050000000000000000e+02 1.100000000000000000e+02
9.600000000000000000e+01 1.070000000000000000e+02
1.000000000000000000e+02 1.100000000000000000e+02
1.070000000000000000e+02 1.120000000000000000e+02
1.140000000000000000e+02 1.100000000000000000e+02
1.210000000000000000e+02 1.070000000000000000e+02
6.800000000000000000e+01 6.600000000000000000e+01
7.500000000000000000e+01 6.800000000000000000e+01
8.200000000000000000e+01 6.600000000000000000e+01
9.100000000000000000e+01 6.800000000000000000e+01
8.400000000000000000e+01 7.300000000000000000e+01
7.500000000000000000e+01 7.000000000000000000e+01
1.240000000000000000e+02 7.000000000000000000e+01
1.280000000000000000e+02 6.800000000000000000e+01
1.380000000000000000e+02 6.800000000000000000e+01
1.440000000000000000e+02 6.800000000000000000e+01
1.380000000000000000e+02 7.300000000000000000e+01
1.280000000000000000e+02 7.300000000000000000e+01
8.400000000000000000e+01 1.210000000000000000e+02
9.100000000000000000e+01 1.210000000000000000e+02
1.030000000000000000e+02 1.210000000000000000e+02
1.100000000000000000e+02 1.210000000000000000e+02
1.140000000000000000e+02 1.210000000000000000e+02
1.280000000000000000e+02 1.210000000000000000e+02
1.380000000000000000e+02 1.240000000000000000e+02
1.280000000000000000e+02 1.350000000000000000e+02
1.210000000000000000e+02 1.420000000000000000e+02
1.120000000000000000e+02 1.450000000000000000e+02
1.000000000000000000e+02 1.450000000000000000e+02
9.400000000000000000e+01 1.350000000000000000e+02
8.700000000000000000e+01 1.210000000000000000e+02
1.000000000000000000e+02 1.260000000000000000e+02
1.100000000000000000e+02 1.260000000000000000e+02
1.190000000000000000e+02 1.260000000000000000e+02
1.350000000000000000e+02 1.240000000000000000e+02
1.190000000000000000e+02 1.330000000000000000e+02
1.100000000000000000e+02 1.350000000000000000e+02
1.030000000000000000e+02 1.350000000000000000e+02
