5.300000000000000000e+01 3.400000000000000000e+01
5.700000000000000000e+01 5.400000000000000000e+01
6.400000000000000000e+01 6.900000000000000000e+01
6.800000000000000000e+01 8.500000000000000000e+01
7.200000000000000000e+01 1.030000000000000000e+02
8.100000000000000000e+01 1.230000000000000000e+02
9.000000000000000000e+01 1.380000000000000000e+02
1.010000000000000000e+02 1.520000000000000000e+02
1.210000000000000000e+02 1.580000000000000000e+02
1.410000000000000000e+02 1.490000000000000000e+02
1.570000000000000000e+02 1.340000000000000000e+02
1.700000000000000000e+02 1.160000000000000000e+02
1.790000000000000000e+02 9.600000000000000000e+01
1.830000000000000000e+02 7.800000000000000000e+01
1.830000000000000000e+02 6.500000000000000000e+01
1.860000000000000000e+02 5.000000000000000000e+01
1.830000000000000000e+02 3.200000000000000000e+01
5.700000000000000000e+01 5.200000000000000000e+01
6.100000000000000000e+01 5.200000000000000000e+01
7.000000000000000000e+01 5.200000000000000000e+01
7.700000000000000000e+01 5.200000000000000000e+01
8.400000000000000000e+01 5.400000000000000000e+01
1.120000000000000000e+02 5.400000000000000000e+01
1.190000000000000000e+02 5.200000000000000000e+01
1.300000000000000000e+02 5.000000000000000000e+01
1.410000000000000000e+02 5.000000000000000000e+01
1.520000000000000000e+02 5.000000000000000000e+01
1.010000000000000000e+02 7.200000000000000000e+01
1.010000000000000000e+02 8.700000000000000000e+01
1.040000000000000000e+02 9.800000000000000000e+01
1.040000000000000000e+02 1.070000000000000000e+02
9.700000000000000000e+01 1.070000000000000000e+02
1.010000000000000000e+02 1.070000000000000000e+02
1.080000000000000000e+02 1.090000000000000000e+02
1.150000000000000000e+02 1.070000000000000000e+02
1.190000000000000000e+02 1.050000000000000000e+02
7.000000000000000000e+01 6.500000000000000000e+01
7.500000000000000000e+01 6.500000000000000000e+01
8.100000000000000000e+01 6.500000000000000000e+01
9.000000000000000000e+01 6.700000000000000000e+01
8.400000000000000000e+01 6.900000000000000000e+01
7.700000000000000000e+01 6.900000000000000000e+01
1.190000000000000000e+02 6.700000000000000000e+01
1.230000000000000000e+02 6.500000000000000000e+01
1.320000000000000000e+02 6.700000000000000000e+01
1.390000000000000000e+02 6.500000000000000000e+01
1.320000000000000000e+02 6.900000000000000000e+01
1.230000000000000000e+02 6.900000000000000000e+01
9.000000000000000000e+01 1.200000000000000000e+02
9.500000000000000000e+01 1.200000000000000000e+02
1.040000000000000000e+02 1.180000000000000000e+02
1.100000000000000000e+02 1.200000000000000000e+02
1.150000000000000000e+02 1.180000000000000000e+02
1.260000000000000000e+02 1.200000000000000000e+02
1.370000000000000000e+02 1.200000000000000000e+02
1.280000000000000000e+02 1.320000000000000000e+02
1.210000000000000000e+02 1.360000000000000000e+02
1.120000000000000000e+02 1.380000000000000000e+02
1.060000000000000000e+02 1.360000000000000000e+02
9.900000000000000000e+01 1.320000000000000000e+02
9.200000000000000000e+01 1.200000000000000000e+02
1.040000000000000000e+02 1.230000000000000000e+02
1.100000000000000000e+02 1.250000000000000000e+02
1.170000000000000000e+02 1.230000000000000000e+02
1.350000000000000000e+02 1.200000000000000000e+02
1.190000000000000000e+02 1.270000000000000000e+02
1.120000000000000000e+02 1.290000000000000000e+02
1.040000000000000000e+02 1.290000000000000000e+02
