1.639684600830078125e+02 2.518761444091796875e+02
1.689227600097656250e+02 2.752637023925781250e+02
1.728557434082031250e+02 2.980041503906250000e+02
1.782942810058593750e+02 3.188294067382812500e+02
1.911064910888671875e+02 3.413324584960937500e+02
2.139535675048828125e+02 3.597044982910156250e+02
2.408226470947265625e+02 3.716705627441406250e+02
2.682006530761718750e+02 3.831273803710937500e+02
2.852175598144531250e+02 3.936263427734375000e+02
2.968021850585937500e+02 3.858723754882812500e+02
3.013428955078125000e+02 3.780682983398437500e+02
3.024287719726562500e+02 3.684190368652343750e+02
3.022743530273437500e+02 3.453169555664062500e+02
3.062829895019531250e+02 3.226345214843750000e+02
3.005322875976562500e+02 3.137540283203125000e+02
2.981184082031250000e+02 2.886220092773437500e+02
2.930143432617187500e+02 2.685732421875000000e+02
2.410157165527343750e+02 2.162243957519531250e+02
2.561667175292968750e+02 2.093507385253906250e+02
2.692378540039062500e+02 2.093170471191406250e+02
2.787203979492187500e+02 2.133000793457031250e+02
2.852623901367187500e+02 2.191390075683593750e+02
2.984917602539062500e+02 2.294084320068359375e+02
2.982429809570312500e+02 2.296110839843750000e+02
2.960157470703125000e+02 2.329276733398437500e+02
2.910813903808593750e+02 2.401396636962890625e+02
2.818765869140625000e+02 2.526829223632812500e+02
2.966976318359375000e+02 2.465706176757812500e+02
3.082062377929687500e+02 2.587684326171875000e+02
3.209987182617187500e+02 2.701121826171875000e+02
3.253012390136718750e+02 2.811951599121093750e+02
2.940605468750000000e+02 2.940169677734375000e+02
3.017940673828125000e+02 2.956497192382812500e+02
3.070099792480468750e+02 2.988798828125000000e+02
3.072739257812500000e+02 3.003489379882812500e+02
3.038359375000000000e+02 3.021888427734375000e+02
2.566026611328125000e+02 2.367733612060546875e+02
2.677701721191406250e+02 2.346814270019531250e+02
2.712529907226562500e+02 2.374819335937500000e+02
2.713178100585937500e+02 2.446216125488281250e+02
2.716443176269531250e+02 2.436724243164062500e+02
2.659050292968750000e+02 2.412051086425781250e+02
2.846145019531250000e+02 2.571764831542968750e+02
2.906543884277343750e+02 2.550806579589843750e+02
2.937133789062500000e+02 2.582153320312500000e+02
2.874870605468750000e+02 2.648191528320312500e+02
2.920532226562500000e+02 2.648328247070312500e+02
2.908360595703125000e+02 2.616163940429687500e+02
2.698052368164062500e+02 3.205446472167968750e+02
2.889964599609375000e+02 3.157441711425781250e+02
3.026551208496093750e+02 3.141541748046875000e+02
3.060283508300781250e+02 3.175118103027343750e+02
3.077447204589843750e+02 3.181986083984375000e+02
3.039145507812500000e+02 3.271551513671875000e+02
2.925616149902343750e+02 3.400024719238281250e+02
3.013948669433593750e+02 3.393614501953125000e+02
3.047094726562500000e+02 3.386300048828125000e+02
3.029499511718750000e+02 3.359451599121093750e+02
2.980340576171875000e+02 3.329530029296875000e+02
2.878321228027343750e+02 3.280279846191406250e+02
2.711024475097656250e+02 3.204464416503906250e+02
2.956856689453125000e+02 3.218729248046875000e+02
3.016236267089843750e+02 3.241904296875000000e+02
3.022319335937500000e+02 3.272196960449218750e+02
2.924202880859375000e+02 3.386061706542968750e+02
3.013140563964843750e+02 3.297124938964843750e+02
3.001023559570312500e+02 3.274821472167968750e+02
2.947120361328125000e+02 3.246181640625000000e+02
