1.367271423339843750e+02 2.736050415039062500e+02
1.436870422363281250e+02 2.957468261718750000e+02
1.506442871093750000e+02 3.172976379394531250e+02
1.584700012207031250e+02 3.366511840820312500e+02
1.729582061767578125e+02 3.560221557617187500e+02
1.970642700195312500e+02 3.688089294433593750e+02
2.246396484375000000e+02 3.742079467773437500e+02
2.543375244140625000e+02 3.786707763671875000e+02
2.808647766113281250e+02 3.833999023437500000e+02
2.972053833007812500e+02 3.779818115234375000e+02
3.004249267578125000e+02 3.698929443359375000e+02
3.004539794921875000e+02 3.641372985839843750e+02
3.040728759765625000e+02 3.474715270996093750e+02
3.070891723632812500e+02 3.231617431640625000e+02
3.088605651855468750e+02 3.028796386718750000e+02
3.070768432617187500e+02 2.868080749511718750e+02
2.982559204101562500e+02 2.675440673828125000e+02
1.969583435058593750e+02 2.215442047119140625e+02
2.120421905517578125e+02 2.108548583984375000e+02
2.277499389648437500e+02 2.071232910156250000e+02
2.410075683593750000e+02 2.081421051025390625e+02
2.517640838623046875e+02 2.116871948242187500e+02
2.837062377929687500e+02 2.154369506835937500e+02
2.888942871093750000e+02 2.147120819091796875e+02
2.936931152343750000e+02 2.173432922363281250e+02
2.972918395996093750e+02 2.243176574707031250e+02
2.969086914062500000e+02 2.376988220214843750e+02
2.736123657226562500e+02 2.348033905029296875e+02
2.831800231933593750e+02 2.447001342773437500e+02
2.935651245117187500e+02 2.534996490478515625e+02
2.977791748046875000e+02 2.637007446289062500e+02
2.692385559082031250e+02 2.839035034179687500e+02
2.781275634765625000e+02 2.834461669921875000e+02
2.862568359375000000e+02 2.849082946777343750e+02
2.907372131347656250e+02 2.855646362304687500e+02
2.915210266113281250e+02 2.875071411132812500e+02
2.183439788818359375e+02 2.374979705810546875e+02
2.299731140136718750e+02 2.325434570312500000e+02
2.380809783935546875e+02 2.336839599609375000e+02
2.437275848388671875e+02 2.398931121826171875e+02
2.394867248535156250e+02 2.396828918457031250e+02
2.294732971191406250e+02 2.393716735839843750e+02
2.773634033203125000e+02 2.456482543945312500e+02
2.864778442382812500e+02 2.414749908447265625e+02
2.942801513671875000e+02 2.430372009277343750e+02
2.943947753906250000e+02 2.501123352050781250e+02
2.936715087890625000e+02 2.499673919677734375e+02
2.869052124023437500e+02 2.480159912109375000e+02
2.446208038330078125e+02 3.168505859375000000e+02
2.643137817382812500e+02 3.071665344238281250e+02
2.810492248535156250e+02 3.016312561035156250e+02
2.873908691406250000e+02 3.036660766601562500e+02
2.921608886718750000e+02 3.033834838867187500e+02
2.971893920898437500e+02 3.117966003417968750e+02
2.959181518554687500e+02 3.257850036621093750e+02
2.957539062500000000e+02 3.246022338867187500e+02
2.931684570312500000e+02 3.241206665039062500e+02
2.865831909179687500e+02 3.227100830078125000e+02
2.778259277343750000e+02 3.215848693847656250e+02
2.651352844238281250e+02 3.195527954101562500e+02
2.470424652099609375e+02 3.162266540527343750e+02
2.754407348632812500e+02 3.109287109375000000e+02
2.848151855468750000e+02 3.111918334960937500e+02
2.901467895507812500e+02 3.132537841796875000e+02
2.946224060058593750e+02 3.246138305664062500e+02
2.891948242187500000e+02 3.160148315429687500e+02
2.835712280273437500e+02 3.148550415039062500e+02
2.749006958007812500e+02 3.138742675781250000e+02
