1.778130035400390625e+02 2.479375000000000000e+02
1.817990722656250000e+02 2.717847290039062500e+02
1.844701080322265625e+02 2.948515014648437500e+02
1.887725830078125000e+02 3.161250000000000000e+02
2.002423095703125000e+02 3.396470336914062500e+02
2.212624206542968750e+02 3.597234191894531250e+02
2.462369079589843750e+02 3.736444091796875000e+02
2.711239318847656250e+02 3.869985961914062500e+02
2.837785339355468750e+02 3.982674865722656250e+02
2.947760620117187500e+02 3.912728271484375000e+02
2.994820556640625000e+02 3.830553283691406250e+02
3.013381958007812500e+02 3.738775634765625000e+02
3.017513122558593750e+02 3.510132446289062500e+02
3.073293151855468750e+02 3.271977539062500000e+02
2.972161254882812500e+02 3.161987304687500000e+02
2.966100158691406250e+02 2.917969360351562500e+02
2.896840820312500000e+02 2.672342529296875000e+02
2.558917541503906250e+02 2.182559204101562500e+02
2.701136474609375000e+02 2.123802795410156250e+02
2.814515991210937500e+02 2.131163024902343750e+02
2.890328674316406250e+02 2.175940246582031250e+02
2.937057800292968750e+02 2.237155609130859375e+02
2.995914916992187500e+02 2.339841613769531250e+02
2.974583740234375000e+02 2.338738098144531250e+02
2.929195861816406250e+02 2.366816711425781250e+02
2.853218383789062500e+02 2.431502380371093750e+02
2.736271057128906250e+02 2.546863403320312500e+02
3.008390197753906250e+02 2.516386260986328125e+02
3.123323974609375000e+02 2.648639526367187500e+02
3.251914672851562500e+02 2.773424072265625000e+02
3.292768859863281250e+02 2.888368225097656250e+02
2.990544738769531250e+02 2.994476928710937500e+02
3.059067687988281250e+02 3.015737304687500000e+02
3.097862243652343750e+02 3.050401306152343750e+02
3.085626525878906250e+02 3.063108825683593750e+02
3.038658447265625000e+02 3.076967773437500000e+02
2.685197143554687500e+02 2.397736816406250000e+02
2.788288879394531250e+02 2.384177246093750000e+02
2.804838256835937500e+02 2.412354431152343750e+02
2.786062011718750000e+02 2.481422271728515625e+02
2.805070190429687500e+02 2.474567871093750000e+02
2.766136474609375000e+02 2.447984008789062500e+02
2.839905700683593750e+02 2.606337585449218750e+02
2.885772705078125000e+02 2.587722167968750000e+02
2.897939453125000000e+02 2.618911132812500000e+02
2.817495727539062500e+02 2.677753295898437500e+02
2.878807983398437500e+02 2.683980102539062500e+02
2.886730346679687500e+02 2.653694763183593750e+02
2.764776611328125000e+02 3.245513305664062500e+02
2.942936096191406250e+02 3.210200805664062500e+02
3.060261230468750000e+02 3.202020263671875000e+02
3.081582641601562500e+02 3.236651611328125000e+02
3.087020263671875000e+02 3.243114013671875000e+02
3.020291137695312500e+02 3.326005859375000000e+02
2.878797607421875000e+02 3.442244262695312500e+02
2.993079833984375000e+02 3.446876220703125000e+02
3.044775390625000000e+02 3.445039672851562500e+02
3.045092163085937500e+02 3.419345397949218750e+02
3.012359008789062500e+02 3.387802124023437500e+02
2.925287170410156250e+02 3.332308349609375000e+02
2.773011474609375000e+02 3.244813842773437500e+02
2.990270996093750000e+02 3.274323120117187500e+02
3.033992919921875000e+02 3.299992065429687500e+02
3.023242797851562500e+02 3.328413696289062500e+02
2.881482849121093750e+02 3.428681335449218750e+02
3.014796142578125000e+02 3.352955932617187500e+02
3.018812255859375000e+02 3.332006835937500000e+02
2.979671020507812500e+02 3.301118774414062500e+02
