1.707639465332031250e+02 2.489737548828125000e+02
1.750454711914062500e+02 2.726144409179687500e+02
1.781695556640625000e+02 2.955437622070312500e+02
1.828828125000000000e+02 3.166312255859375000e+02
1.948804931640625000e+02 3.397460937500000000e+02
2.167585601806640625e+02 3.591800537109375000e+02
2.427036132812500000e+02 3.723822937011718750e+02
2.688819580078125000e+02 3.850710449218750000e+02
2.837874755859375000e+02 3.962148132324218750e+02
2.952101440429687500e+02 3.889716796875000000e+02
2.998452453613281250e+02 3.809338378906250000e+02
3.014183349609375000e+02 3.714068603515625000e+02
3.018134155273437500e+02 3.486459350585937500e+02
3.066890258789062500e+02 3.253238525390625000e+02
2.988411560058593750e+02 3.143882751464843750e+02
2.977102050781250000e+02 2.900549011230468750e+02
2.916965637207031250e+02 2.707458190917968750e+02
2.489136962890625000e+02 2.169866790771484375e+02
2.637442016601562500e+02 2.107819519042968750e+02
2.760394897460937500e+02 2.112974395751953125e+02
2.846146850585937500e+02 2.156594238281250000e+02
2.902362060546875000e+02 2.217420043945312500e+02
2.999320068359375000e+02 2.323363037109375000e+02
2.987882080078125000e+02 2.324408264160156250e+02
2.954261779785156250e+02 2.355523376464843750e+02
2.891427612304687500e+02 2.424226531982421875e+02
2.786037902832031250e+02 2.544402465820312500e+02
2.994022827148437500e+02 2.495955505371093750e+02
3.108222045898437500e+02 2.623773498535156250e+02
3.235775146484375000e+02 2.743685302734375000e+02
3.276823120117187500e+02 2.856766357421875000e+02
2.966909179687500000e+02 2.970744628906250000e+02
3.040173339843750000e+02 2.990429077148437500e+02
3.085862426757812500e+02 3.024708251953125000e+02
3.081322631835937500e+02 3.038878784179687500e+02
3.040684204101562500e+02 3.055090942382812500e+02
2.629494934082031250e+02 2.382016906738281250e+02
2.737692260742187500e+02 2.366023559570312500e+02
2.763707580566406250e+02 2.394934844970703125e+02
2.754455261230468750e+02 2.465650329589843750e+02
2.765278930664062500e+02 2.457015533447265625e+02
2.716675109863281250e+02 2.430367126464843750e+02
2.849170532226562500e+02 2.594276733398437500e+02
2.903101196289062500e+02 2.575503540039062500e+02
2.924762573242187500e+02 2.607554016113281250e+02
2.853027038574218750e+02 2.669927368164062500e+02
2.906252441406250000e+02 2.672981567382812500e+02
2.903871459960937500e+02 2.641074218750000000e+02
2.728857421875000000e+02 3.225793457031250000e+02
2.915384216308593750e+02 3.186269531250000000e+02
3.043472290039062500e+02 3.176016235351562500e+02
3.071110839843750000e+02 3.210729980468750000e+02
3.082713012695312500e+02 3.217901611328125000e+02
3.029936523437500000e+02 3.304543457031250000e+02
2.901511535644531250e+02 3.426593017578125000e+02
3.002493896484375000e+02 3.425610961914062500e+02
3.044607238769531250e+02 3.420726013183593750e+02
3.035698547363281250e+02 3.393786621093750000e+02
2.994445190429687500e+02 3.362179260253906250e+02
2.899643554687500000e+02 3.308582458496093750e+02
2.739640197753906250e+02 3.225215454101562500e+02
2.972637939453125000e+02 3.250032043457031250e+02
3.024577026367187500e+02 3.275402832031250000e+02
3.022411193847656250e+02 3.305290832519531250e+02
2.902171936035156250e+02 3.412715454101562500e+02
3.013301391601562500e+02 3.329873657226562500e+02
3.009002075195312500e+02 3.307672729492187500e+02
2.962188110351562500e+02 3.277045898437500000e+02
