1.394651489257812500e+02 2.700274353027343750e+02
1.463506469726562500e+02 2.922938232421875000e+02
1.530458679199218750e+02 3.139996337890625000e+02
1.607276306152343750e+02 3.335325927734375000e+02
1.753357391357421875e+02 3.532703247070312500e+02
1.997891845703125000e+02 3.667529907226562500e+02
2.278335571289062500e+02 3.729885559082031250e+02
2.577464294433593750e+02 3.784019165039062500e+02
2.831292724609375000e+02 3.841702270507812500e+02
2.982647094726562500e+02 3.795108642578125000e+02
3.012833251953125000e+02 3.716049194335937500e+02
3.008370971679687500e+02 3.587144775390625000e+02
3.033317260742187500e+02 3.477784729003906250e+02
3.062482604980468750e+02 3.237318420410156250e+02
3.079161376953125000e+02 3.050802001953125000e+02
3.056905517578125000e+02 2.877373657226562500e+02
2.972434387207031250e+02 2.585921020507812500e+02
2.036111755371093750e+02 2.197258605957031250e+02
2.189435424804687500e+02 2.095704956054687500e+02
2.344707031250000000e+02 2.064180450439453125e+02
2.473238830566406250e+02 2.079393005371093750e+02
2.575625000000000000e+02 2.119046173095703125e+02
2.868043823242187500e+02 2.171085357666015625e+02
2.911127014160156250e+02 2.166913146972656250e+02
2.947593688964843750e+02 2.196380462646484375e+02
2.969384155273437500e+02 2.269022216796875000e+02
2.950446777343750000e+02 2.404161376953125000e+02
2.781294250488281250e+02 2.358199462890625000e+02
2.883068237304687500e+02 2.458977355957031250e+02
2.993951721191406250e+02 2.548984680175781250e+02
3.037780456542968750e+02 2.651615905761718750e+02
2.743030395507812500e+02 2.844215698242187500e+02
2.831614379882812500e+02 2.842723999023437500e+02
2.909402770996093750e+02 2.860529174804687500e+02
2.947557373046875000e+02 2.869540405273437500e+02
2.948069152832031250e+02 2.890188903808593750e+02
2.244910278320312500e+02 2.363898773193359375e+02
2.362408447265625000e+02 2.318392333984375000e+02
2.436870422363281250e+02 2.333443450927734375e+02
2.484827575683593750e+02 2.398342590332031250e+02
2.449779357910156250e+02 2.393745422363281250e+02
2.355295715332031250e+02 2.386435852050781250e+02
2.791726684570312500e+02 2.471256103515625000e+02
2.878905639648437500e+02 2.433418426513671875e+02
2.950064086914062500e+02 2.452595977783203125e+02
2.940264282226562500e+02 2.524586791992187500e+02
2.942413940429687500e+02 2.521536712646484375e+02
2.883253479003906250e+02 2.498601837158203125e+02
2.494668273925781250e+02 3.163844909667968750e+02
2.694060974121093750e+02 3.073853759765625000e+02
2.858905944824218750e+02 3.024842224121093750e+02
2.918393249511718750e+02 3.047798156738281250e+02
2.961537780761718750e+02 3.047266235351562500e+02
2.997424011230468750e+02 3.134729919433593750e+02
2.967192993164062500e+02 3.275957641601562500e+02
2.981665039062500000e+02 3.261797790527343750e+02
2.965892944335937500e+02 3.254667663574218750e+02
2.907310791015625000e+02 3.237351074218750000e+02
2.824810180664062500e+02 3.222456665039062500e+02
2.699677124023437500e+02 3.197689514160156250e+02
2.517308502197265625e+02 3.158689575195312500e+02
2.799837951660156250e+02 3.115837097167968750e+02
2.889309387207031250e+02 3.122251281738281250e+02
2.935327758789062500e+02 3.145624694824218750e+02
2.955976562500000000e+02 3.263618469238281250e+02
2.925857543945312500e+02 3.172752990722656250e+02
2.876358032226562500e+02 3.158334350585937500e+02
2.793739929199218750e+02 3.145048522949218750e+02
