5.100000000000000000e+01 5.900000000000000000e+01
5.300000000000000000e+01 7.500000000000000000e+01
5.700000000000000000e+01 9.000000000000000000e+01
5.900000000000000000e+01 1.030000000000000000e+02
6.400000000000000000e+01 1.200000000000000000e+02
7.000000000000000000e+01 1.320000000000000000e+02
7.400000000000000000e+01 1.410000000000000000e+02
8.500000000000000000e+01 1.490000000000000000e+02
1.020000000000000000e+02 1.540000000000000000e+02
1.210000000000000000e+02 1.470000000000000000e+02
1.380000000000000000e+02 1.390000000000000000e+02
1.500000000000000000e+02 1.300000000000000000e+02
1.610000000000000000e+02 1.180000000000000000e+02
1.670000000000000000e+02 1.030000000000000000e+02
1.710000000000000000e+02 8.800000000000000000e+01
1.730000000000000000e+02 7.100000000000000000e+01
1.760000000000000000e+02 5.400000000000000000e+01
5.100000000000000000e+01 4.000000000000000000e+01
5.500000000000000000e+01 3.300000000000000000e+01
6.400000000000000000e+01 3.100000000000000000e+01
7.000000000000000000e+01 3.100000000000000000e+01
7.800000000000000000e+01 3.300000000000000000e+01
1.120000000000000000e+02 3.300000000000000000e+01
1.210000000000000000e+02 3.100000000000000000e+01
1.290000000000000000e+02 2.900000000000000000e+01
1.420000000000000000e+02 3.100000000000000000e+01
1.520000000000000000e+02 3.700000000000000000e+01
9.500000000000000000e+01 5.200000000000000000e+01
9.300000000000000000e+01 6.500000000000000000e+01
9.100000000000000000e+01 7.500000000000000000e+01
9.300000000000000000e+01 8.400000000000000000e+01
8.700000000000000000e+01 9.000000000000000000e+01
8.900000000000000000e+01 9.200000000000000000e+01
9.500000000000000000e+01 9.200000000000000000e+01
1.020000000000000000e+02 9.000000000000000000e+01
1.080000000000000000e+02 9.000000000000000000e+01
6.200000000000000000e+01 5.600000000000000000e+01
6.600000000000000000e+01 5.200000000000000000e+01
7.200000000000000000e+01 5.200000000000000000e+01
8.100000000000000000e+01 5.600000000000000000e+01
7.400000000000000000e+01 5.900000000000000000e+01
6.600000000000000000e+01 5.900000000000000000e+01
1.160000000000000000e+02 5.400000000000000000e+01
1.230000000000000000e+02 5.200000000000000000e+01
1.290000000000000000e+02 5.200000000000000000e+01
1.380000000000000000e+02 5.400000000000000000e+01
1.310000000000000000e+02 5.600000000000000000e+01
1.210000000000000000e+02 5.600000000000000000e+01
7.800000000000000000e+01 1.130000000000000000e+02
8.300000000000000000e+01 1.070000000000000000e+02
8.900000000000000000e+01 1.030000000000000000e+02
9.500000000000000000e+01 1.030000000000000000e+02
1.000000000000000000e+02 1.030000000000000000e+02
1.120000000000000000e+02 1.070000000000000000e+02
1.210000000000000000e+02 1.130000000000000000e+02
1.120000000000000000e+02 1.220000000000000000e+02
1.040000000000000000e+02 1.260000000000000000e+02
9.500000000000000000e+01 1.260000000000000000e+02
8.900000000000000000e+01 1.240000000000000000e+02
8.300000000000000000e+01 1.200000000000000000e+02
8.100000000000000000e+01 1.130000000000000000e+02
8.900000000000000000e+01 1.090000000000000000e+02
9.500000000000000000e+01 1.090000000000000000e+02
1.040000000000000000e+02 1.090000000000000000e+02
1.190000000000000000e+02 1.130000000000000000e+02
1.040000000000000000e+02 1.180000000000000000e+02
9.700000000000000000e+01 1.180000000000000000e+02
8.900000000000000000e+01 1.160000000000000000e+02
