3.700000000000000000e+01 5.700000000000000000e+01
3.700000000000000000e+01 7.500000000000000000e+01
4.100000000000000000e+01 9.100000000000000000e+01
4.400000000000000000e+01 1.070000000000000000e+02
4.800000000000000000e+01 1.230000000000000000e+02
6.000000000000000000e+01 1.340000000000000000e+02
7.300000000000000000e+01 1.450000000000000000e+02
9.100000000000000000e+01 1.520000000000000000e+02
1.120000000000000000e+02 1.590000000000000000e+02
1.300000000000000000e+02 1.570000000000000000e+02
1.410000000000000000e+02 1.500000000000000000e+02
1.460000000000000000e+02 1.430000000000000000e+02
1.500000000000000000e+02 1.320000000000000000e+02
1.550000000000000000e+02 1.160000000000000000e+02
1.590000000000000000e+02 1.000000000000000000e+02
1.640000000000000000e+02 8.400000000000000000e+01
1.660000000000000000e+02 6.600000000000000000e+01
6.900000000000000000e+01 3.900000000000000000e+01
8.000000000000000000e+01 3.400000000000000000e+01
9.400000000000000000e+01 3.200000000000000000e+01
1.030000000000000000e+02 3.400000000000000000e+01
1.120000000000000000e+02 3.700000000000000000e+01
1.460000000000000000e+02 4.100000000000000000e+01
1.550000000000000000e+02 3.900000000000000000e+01
1.610000000000000000e+02 3.900000000000000000e+01
1.710000000000000000e+02 4.100000000000000000e+01
1.730000000000000000e+02 4.800000000000000000e+01
1.300000000000000000e+02 5.900000000000000000e+01
1.300000000000000000e+02 7.100000000000000000e+01
1.320000000000000000e+02 8.200000000000000000e+01
1.320000000000000000e+02 9.100000000000000000e+01
1.140000000000000000e+02 9.800000000000000000e+01
1.180000000000000000e+02 9.800000000000000000e+01
1.250000000000000000e+02 1.000000000000000000e+02
1.320000000000000000e+02 1.000000000000000000e+02
1.370000000000000000e+02 1.000000000000000000e+02
8.200000000000000000e+01 5.700000000000000000e+01
9.100000000000000000e+01 5.200000000000000000e+01
1.000000000000000000e+02 5.200000000000000000e+01
1.070000000000000000e+02 5.700000000000000000e+01
1.000000000000000000e+02 5.900000000000000000e+01
8.900000000000000000e+01 5.900000000000000000e+01
1.410000000000000000e+02 5.900000000000000000e+01
1.500000000000000000e+02 5.700000000000000000e+01
1.590000000000000000e+02 5.700000000000000000e+01
1.610000000000000000e+02 6.200000000000000000e+01
1.570000000000000000e+02 6.400000000000000000e+01
1.500000000000000000e+02 6.400000000000000000e+01
9.100000000000000000e+01 1.160000000000000000e+02
1.050000000000000000e+02 1.110000000000000000e+02
1.180000000000000000e+02 1.090000000000000000e+02
1.250000000000000000e+02 1.110000000000000000e+02
1.300000000000000000e+02 1.110000000000000000e+02
1.390000000000000000e+02 1.160000000000000000e+02
1.410000000000000000e+02 1.200000000000000000e+02
1.340000000000000000e+02 1.270000000000000000e+02
1.300000000000000000e+02 1.320000000000000000e+02
1.210000000000000000e+02 1.320000000000000000e+02
1.120000000000000000e+02 1.290000000000000000e+02
1.050000000000000000e+02 1.250000000000000000e+02
9.400000000000000000e+01 1.160000000000000000e+02
1.160000000000000000e+02 1.160000000000000000e+02
1.230000000000000000e+02 1.160000000000000000e+02
1.300000000000000000e+02 1.180000000000000000e+02
1.390000000000000000e+02 1.200000000000000000e+02
1.300000000000000000e+02 1.230000000000000000e+02
1.230000000000000000e+02 1.230000000000000000e+02
1.140000000000000000e+02 1.200000000000000000e+02
