5.500000000000000000e+01 5.800000000000000000e+01
5.800000000000000000e+01 7.600000000000000000e+01
5.800000000000000000e+01 9.300000000000000000e+01
6.000000000000000000e+01 1.070000000000000000e+02
6.200000000000000000e+01 1.220000000000000000e+02
6.400000000000000000e+01 1.340000000000000000e+02
6.900000000000000000e+01 1.430000000000000000e+02
7.500000000000000000e+01 1.510000000000000000e+02
9.100000000000000000e+01 1.560000000000000000e+02
1.130000000000000000e+02 1.540000000000000000e+02
1.340000000000000000e+02 1.490000000000000000e+02
1.510000000000000000e+02 1.430000000000000000e+02
1.670000000000000000e+02 1.310000000000000000e+02
1.760000000000000000e+02 1.160000000000000000e+02
1.800000000000000000e+02 1.020000000000000000e+02
1.870000000000000000e+02 8.700000000000000000e+01
1.920000000000000000e+02 6.700000000000000000e+01
5.300000000000000000e+01 3.500000000000000000e+01
5.800000000000000000e+01 2.900000000000000000e+01
6.400000000000000000e+01 2.600000000000000000e+01
7.300000000000000000e+01 2.900000000000000000e+01
8.000000000000000000e+01 3.100000000000000000e+01
1.130000000000000000e+02 3.300000000000000000e+01
1.220000000000000000e+02 3.100000000000000000e+01
1.360000000000000000e+02 3.100000000000000000e+01
1.490000000000000000e+02 3.500000000000000000e+01
1.600000000000000000e+02 4.200000000000000000e+01
9.300000000000000000e+01 5.100000000000000000e+01
9.100000000000000000e+01 6.200000000000000000e+01
8.700000000000000000e+01 7.300000000000000000e+01
8.700000000000000000e+01 8.200000000000000000e+01
8.000000000000000000e+01 8.900000000000000000e+01
8.400000000000000000e+01 9.100000000000000000e+01
9.100000000000000000e+01 9.300000000000000000e+01
9.800000000000000000e+01 9.300000000000000000e+01
1.050000000000000000e+02 9.100000000000000000e+01
6.200000000000000000e+01 5.100000000000000000e+01
6.700000000000000000e+01 4.900000000000000000e+01
7.300000000000000000e+01 4.900000000000000000e+01
8.200000000000000000e+01 5.300000000000000000e+01
7.300000000000000000e+01 5.300000000000000000e+01
6.700000000000000000e+01 5.300000000000000000e+01
1.180000000000000000e+02 5.500000000000000000e+01
1.250000000000000000e+02 5.100000000000000000e+01
1.340000000000000000e+02 5.300000000000000000e+01
1.420000000000000000e+02 5.800000000000000000e+01
1.340000000000000000e+02 6.000000000000000000e+01
1.250000000000000000e+02 5.800000000000000000e+01
7.100000000000000000e+01 1.110000000000000000e+02
7.500000000000000000e+01 1.050000000000000000e+02
8.400000000000000000e+01 1.020000000000000000e+02
8.900000000000000000e+01 1.020000000000000000e+02
9.600000000000000000e+01 1.020000000000000000e+02
1.090000000000000000e+02 1.090000000000000000e+02
1.200000000000000000e+02 1.160000000000000000e+02
1.070000000000000000e+02 1.250000000000000000e+02
9.800000000000000000e+01 1.270000000000000000e+02
8.900000000000000000e+01 1.270000000000000000e+02
8.200000000000000000e+01 1.250000000000000000e+02
7.500000000000000000e+01 1.200000000000000000e+02
7.300000000000000000e+01 1.110000000000000000e+02
8.200000000000000000e+01 1.090000000000000000e+02
9.100000000000000000e+01 1.090000000000000000e+02
9.800000000000000000e+01 1.090000000000000000e+02
1.180000000000000000e+02 1.160000000000000000e+02
9.800000000000000000e+01 1.180000000000000000e+02
8.900000000000000000e+01 1.180000000000000000e+02
8.200000000000000000e+01 1.180000000000000000e+02
