6.600000000000000000e+01 6.000000000000000000e+01
6.800000000000000000e+01 7.700000000000000000e+01
7.100000000000000000e+01 9.300000000000000000e+01
7.300000000000000000e+01 1.080000000000000000e+02
7.500000000000000000e+01 1.230000000000000000e+02
7.500000000000000000e+01 1.340000000000000000e+02
7.700000000000000000e+01 1.430000000000000000e+02
8.200000000000000000e+01 1.520000000000000000e+02
9.700000000000000000e+01 1.580000000000000000e+02
1.160000000000000000e+02 1.520000000000000000e+02
1.360000000000000000e+02 1.450000000000000000e+02
1.530000000000000000e+02 1.340000000000000000e+02
1.660000000000000000e+02 1.210000000000000000e+02
1.730000000000000000e+02 1.060000000000000000e+02
1.770000000000000000e+02 9.100000000000000000e+01
1.820000000000000000e+02 7.500000000000000000e+01
1.840000000000000000e+02 5.600000000000000000e+01
5.300000000000000000e+01 4.000000000000000000e+01
5.500000000000000000e+01 3.400000000000000000e+01
6.200000000000000000e+01 3.200000000000000000e+01
6.800000000000000000e+01 3.400000000000000000e+01
7.500000000000000000e+01 3.600000000000000000e+01
1.060000000000000000e+02 3.600000000000000000e+01
1.120000000000000000e+02 3.400000000000000000e+01
1.230000000000000000e+02 3.200000000000000000e+01
1.360000000000000000e+02 3.400000000000000000e+01
1.490000000000000000e+02 4.000000000000000000e+01
8.800000000000000000e+01 5.600000000000000000e+01
8.600000000000000000e+01 6.700000000000000000e+01
8.200000000000000000e+01 7.700000000000000000e+01
8.200000000000000000e+01 8.600000000000000000e+01
7.900000000000000000e+01 9.300000000000000000e+01
8.400000000000000000e+01 9.500000000000000000e+01
8.800000000000000000e+01 9.500000000000000000e+01
9.500000000000000000e+01 9.500000000000000000e+01
1.010000000000000000e+02 9.300000000000000000e+01
6.000000000000000000e+01 5.600000000000000000e+01
6.400000000000000000e+01 5.100000000000000000e+01
7.100000000000000000e+01 5.100000000000000000e+01
7.900000000000000000e+01 5.600000000000000000e+01
7.300000000000000000e+01 5.800000000000000000e+01
6.400000000000000000e+01 5.800000000000000000e+01
1.120000000000000000e+02 5.600000000000000000e+01
1.160000000000000000e+02 5.100000000000000000e+01
1.250000000000000000e+02 4.900000000000000000e+01
1.340000000000000000e+02 5.400000000000000000e+01
1.270000000000000000e+02 5.800000000000000000e+01
1.160000000000000000e+02 5.800000000000000000e+01
7.500000000000000000e+01 1.140000000000000000e+02
7.700000000000000000e+01 1.100000000000000000e+02
8.400000000000000000e+01 1.060000000000000000e+02
8.800000000000000000e+01 1.060000000000000000e+02
9.200000000000000000e+01 1.060000000000000000e+02
1.060000000000000000e+02 1.100000000000000000e+02
1.160000000000000000e+02 1.140000000000000000e+02
1.060000000000000000e+02 1.230000000000000000e+02
9.700000000000000000e+01 1.280000000000000000e+02
9.000000000000000000e+01 1.280000000000000000e+02
8.400000000000000000e+01 1.280000000000000000e+02
7.900000000000000000e+01 1.230000000000000000e+02
7.700000000000000000e+01 1.140000000000000000e+02
8.400000000000000000e+01 1.120000000000000000e+02
9.000000000000000000e+01 1.120000000000000000e+02
9.700000000000000000e+01 1.120000000000000000e+02
1.140000000000000000e+02 1.140000000000000000e+02
9.700000000000000000e+01 1.190000000000000000e+02
9.000000000000000000e+01 1.190000000000000000e+02
8.400000000000000000e+01 1.190000000000000000e+02
