5.600000000000000000e+01 5.900000000000000000e+01
5.600000000000000000e+01 7.600000000000000000e+01
5.800000000000000000e+01 9.300000000000000000e+01
6.100000000000000000e+01 1.060000000000000000e+02
6.300000000000000000e+01 1.210000000000000000e+02
6.500000000000000000e+01 1.340000000000000000e+02
6.700000000000000000e+01 1.430000000000000000e+02
7.400000000000000000e+01 1.510000000000000000e+02
8.900000000000000000e+01 1.580000000000000000e+02
1.100000000000000000e+02 1.540000000000000000e+02
1.290000000000000000e+02 1.470000000000000000e+02
1.470000000000000000e+02 1.390000000000000000e+02
1.590000000000000000e+02 1.280000000000000000e+02
1.680000000000000000e+02 1.130000000000000000e+02
1.720000000000000000e+02 9.800000000000000000e+01
1.770000000000000000e+02 8.100000000000000000e+01
1.810000000000000000e+02 6.300000000000000000e+01
4.800000000000000000e+01 4.000000000000000000e+01
5.200000000000000000e+01 3.500000000000000000e+01
5.800000000000000000e+01 3.300000000000000000e+01
6.500000000000000000e+01 3.500000000000000000e+01
7.400000000000000000e+01 3.800000000000000000e+01
1.060000000000000000e+02 3.800000000000000000e+01
1.140000000000000000e+02 3.800000000000000000e+01
1.250000000000000000e+02 3.500000000000000000e+01
1.380000000000000000e+02 3.800000000000000000e+01
1.490000000000000000e+02 4.400000000000000000e+01
8.600000000000000000e+01 5.500000000000000000e+01
8.400000000000000000e+01 6.800000000000000000e+01
8.000000000000000000e+01 7.800000000000000000e+01
8.000000000000000000e+01 8.900000000000000000e+01
7.600000000000000000e+01 9.600000000000000000e+01
8.000000000000000000e+01 9.600000000000000000e+01
8.400000000000000000e+01 9.800000000000000000e+01
9.100000000000000000e+01 9.800000000000000000e+01
9.700000000000000000e+01 9.600000000000000000e+01
5.600000000000000000e+01 5.500000000000000000e+01
6.100000000000000000e+01 5.000000000000000000e+01
6.900000000000000000e+01 5.000000000000000000e+01
7.600000000000000000e+01 5.700000000000000000e+01
6.900000000000000000e+01 5.700000000000000000e+01
6.100000000000000000e+01 5.900000000000000000e+01
1.100000000000000000e+02 5.700000000000000000e+01
1.160000000000000000e+02 5.300000000000000000e+01
1.250000000000000000e+02 5.300000000000000000e+01
1.360000000000000000e+02 5.700000000000000000e+01
1.270000000000000000e+02 6.100000000000000000e+01
1.160000000000000000e+02 5.900000000000000000e+01
6.900000000000000000e+01 1.150000000000000000e+02
7.100000000000000000e+01 1.110000000000000000e+02
8.000000000000000000e+01 1.080000000000000000e+02
8.400000000000000000e+01 1.080000000000000000e+02
8.900000000000000000e+01 1.080000000000000000e+02
1.010000000000000000e+02 1.130000000000000000e+02
1.120000000000000000e+02 1.190000000000000000e+02
1.010000000000000000e+02 1.280000000000000000e+02
9.300000000000000000e+01 1.300000000000000000e+02
8.400000000000000000e+01 1.300000000000000000e+02
7.800000000000000000e+01 1.280000000000000000e+02
7.100000000000000000e+01 1.240000000000000000e+02
7.100000000000000000e+01 1.150000000000000000e+02
7.800000000000000000e+01 1.130000000000000000e+02
8.400000000000000000e+01 1.150000000000000000e+02
9.300000000000000000e+01 1.150000000000000000e+02
1.100000000000000000e+02 1.190000000000000000e+02
9.300000000000000000e+01 1.210000000000000000e+02
8.400000000000000000e+01 1.210000000000000000e+02
7.800000000000000000e+01 1.190000000000000000e+02
