5.100000000000000000e+01 5.100000000000000000e+01
5.100000000000000000e+01 7.000000000000000000e+01
5.300000000000000000e+01 8.600000000000000000e+01
5.500000000000000000e+01 1.010000000000000000e+02
5.700000000000000000e+01 1.160000000000000000e+02
6.200000000000000000e+01 1.290000000000000000e+02
6.600000000000000000e+01 1.380000000000000000e+02
7.500000000000000000e+01 1.470000000000000000e+02
9.000000000000000000e+01 1.510000000000000000e+02
1.120000000000000000e+02 1.490000000000000000e+02
1.310000000000000000e+02 1.420000000000000000e+02
1.470000000000000000e+02 1.360000000000000000e+02
1.600000000000000000e+02 1.230000000000000000e+02
1.680000000000000000e+02 1.070000000000000000e+02
1.730000000000000000e+02 9.400000000000000000e+01
1.790000000000000000e+02 7.700000000000000000e+01
1.820000000000000000e+02 5.700000000000000000e+01
5.100000000000000000e+01 3.100000000000000000e+01
5.500000000000000000e+01 2.700000000000000000e+01
6.400000000000000000e+01 2.400000000000000000e+01
7.200000000000000000e+01 2.700000000000000000e+01
7.900000000000000000e+01 2.900000000000000000e+01
1.160000000000000000e+02 3.100000000000000000e+01
1.250000000000000000e+02 2.900000000000000000e+01
1.360000000000000000e+02 2.900000000000000000e+01
1.470000000000000000e+02 3.100000000000000000e+01
1.580000000000000000e+02 3.800000000000000000e+01
9.400000000000000000e+01 4.800000000000000000e+01
9.200000000000000000e+01 6.200000000000000000e+01
9.000000000000000000e+01 7.200000000000000000e+01
9.000000000000000000e+01 8.100000000000000000e+01
8.300000000000000000e+01 8.800000000000000000e+01
8.600000000000000000e+01 9.000000000000000000e+01
9.200000000000000000e+01 9.000000000000000000e+01
9.900000000000000000e+01 9.000000000000000000e+01
1.050000000000000000e+02 9.000000000000000000e+01
5.900000000000000000e+01 4.800000000000000000e+01
6.400000000000000000e+01 4.400000000000000000e+01
7.200000000000000000e+01 4.600000000000000000e+01
8.100000000000000000e+01 5.100000000000000000e+01
7.200000000000000000e+01 5.100000000000000000e+01
6.600000000000000000e+01 5.100000000000000000e+01
1.180000000000000000e+02 5.100000000000000000e+01
1.250000000000000000e+02 4.600000000000000000e+01
1.340000000000000000e+02 4.800000000000000000e+01
1.420000000000000000e+02 5.300000000000000000e+01
1.340000000000000000e+02 5.500000000000000000e+01
1.250000000000000000e+02 5.500000000000000000e+01
7.200000000000000000e+01 1.100000000000000000e+02
7.700000000000000000e+01 1.030000000000000000e+02
8.600000000000000000e+01 9.900000000000000000e+01
9.000000000000000000e+01 1.010000000000000000e+02
9.600000000000000000e+01 1.010000000000000000e+02
1.070000000000000000e+02 1.050000000000000000e+02
1.160000000000000000e+02 1.120000000000000000e+02
1.050000000000000000e+02 1.200000000000000000e+02
9.900000000000000000e+01 1.230000000000000000e+02
9.000000000000000000e+01 1.230000000000000000e+02
8.300000000000000000e+01 1.200000000000000000e+02
7.700000000000000000e+01 1.160000000000000000e+02
7.500000000000000000e+01 1.100000000000000000e+02
8.600000000000000000e+01 1.050000000000000000e+02
9.200000000000000000e+01 1.050000000000000000e+02
9.900000000000000000e+01 1.070000000000000000e+02
1.140000000000000000e+02 1.120000000000000000e+02
9.900000000000000000e+01 1.160000000000000000e+02
9.000000000000000000e+01 1.140000000000000000e+02
8.300000000000000000e+01 1.140000000000000000e+02
