5.600000000000000000e+01 5.900000000000000000e+01
5.800000000000000000e+01 7.700000000000000000e+01
6.100000000000000000e+01 9.200000000000000000e+01
6.300000000000000000e+01 1.080000000000000000e+02
6.500000000000000000e+01 1.230000000000000000e+02
6.700000000000000000e+01 1.340000000000000000e+02
7.200000000000000000e+01 1.430000000000000000e+02
7.800000000000000000e+01 1.520000000000000000e+02
9.400000000000000000e+01 1.580000000000000000e+02
1.160000000000000000e+02 1.540000000000000000e+02
1.350000000000000000e+02 1.450000000000000000e+02
1.510000000000000000e+02 1.360000000000000000e+02
1.640000000000000000e+02 1.230000000000000000e+02
1.710000000000000000e+02 1.080000000000000000e+02
1.750000000000000000e+02 9.000000000000000000e+01
1.790000000000000000e+02 7.500000000000000000e+01
1.820000000000000000e+02 5.700000000000000000e+01
5.000000000000000000e+01 3.700000000000000000e+01
5.400000000000000000e+01 2.600000000000000000e+01
6.100000000000000000e+01 2.200000000000000000e+01
6.700000000000000000e+01 2.200000000000000000e+01
7.400000000000000000e+01 2.600000000000000000e+01
1.070000000000000000e+02 2.400000000000000000e+01
1.160000000000000000e+02 2.200000000000000000e+01
1.270000000000000000e+02 2.200000000000000000e+01
1.400000000000000000e+02 2.400000000000000000e+01
1.490000000000000000e+02 3.500000000000000000e+01
8.900000000000000000e+01 5.300000000000000000e+01
8.700000000000000000e+01 6.400000000000000000e+01
8.300000000000000000e+01 7.500000000000000000e+01
8.300000000000000000e+01 8.300000000000000000e+01
7.800000000000000000e+01 9.200000000000000000e+01
8.300000000000000000e+01 9.200000000000000000e+01
8.700000000000000000e+01 9.400000000000000000e+01
9.600000000000000000e+01 9.200000000000000000e+01
1.000000000000000000e+02 9.200000000000000000e+01
5.800000000000000000e+01 5.500000000000000000e+01
6.300000000000000000e+01 5.300000000000000000e+01
6.900000000000000000e+01 5.300000000000000000e+01
7.800000000000000000e+01 5.500000000000000000e+01
7.200000000000000000e+01 5.700000000000000000e+01
6.300000000000000000e+01 5.700000000000000000e+01
1.110000000000000000e+02 5.500000000000000000e+01
1.180000000000000000e+02 5.300000000000000000e+01
1.270000000000000000e+02 5.300000000000000000e+01
1.330000000000000000e+02 5.500000000000000000e+01
1.270000000000000000e+02 5.700000000000000000e+01
1.180000000000000000e+02 5.700000000000000000e+01
7.200000000000000000e+01 1.140000000000000000e+02
7.400000000000000000e+01 1.080000000000000000e+02
8.300000000000000000e+01 1.030000000000000000e+02
8.700000000000000000e+01 1.050000000000000000e+02
9.400000000000000000e+01 1.030000000000000000e+02
1.070000000000000000e+02 1.100000000000000000e+02
1.200000000000000000e+02 1.160000000000000000e+02
1.070000000000000000e+02 1.250000000000000000e+02
9.800000000000000000e+01 1.300000000000000000e+02
8.900000000000000000e+01 1.300000000000000000e+02
8.000000000000000000e+01 1.270000000000000000e+02
7.600000000000000000e+01 1.230000000000000000e+02
7.400000000000000000e+01 1.140000000000000000e+02
8.300000000000000000e+01 1.100000000000000000e+02
8.900000000000000000e+01 1.100000000000000000e+02
9.600000000000000000e+01 1.120000000000000000e+02
1.180000000000000000e+02 1.160000000000000000e+02
9.800000000000000000e+01 1.210000000000000000e+02
8.900000000000000000e+01 1.210000000000000000e+02
8.000000000000000000e+01 1.190000000000000000e+02
