5.400000000000000000e+01 5.500000000000000000e+01
5.400000000000000000e+01 7.300000000000000000e+01
5.400000000000000000e+01 8.900000000000000000e+01
5.400000000000000000e+01 1.040000000000000000e+02
5.700000000000000000e+01 1.200000000000000000e+02
5.900000000000000000e+01 1.360000000000000000e+02
6.600000000000000000e+01 1.450000000000000000e+02
7.700000000000000000e+01 1.540000000000000000e+02
9.500000000000000000e+01 1.580000000000000000e+02
1.150000000000000000e+02 1.560000000000000000e+02
1.330000000000000000e+02 1.510000000000000000e+02
1.490000000000000000e+02 1.450000000000000000e+02
1.620000000000000000e+02 1.330000000000000000e+02
1.710000000000000000e+02 1.180000000000000000e+02
1.760000000000000000e+02 1.040000000000000000e+02
1.800000000000000000e+02 8.600000000000000000e+01
1.820000000000000000e+02 7.100000000000000000e+01
5.400000000000000000e+01 3.700000000000000000e+01
5.900000000000000000e+01 3.000000000000000000e+01
6.800000000000000000e+01 3.000000000000000000e+01
7.700000000000000000e+01 3.000000000000000000e+01
8.400000000000000000e+01 3.500000000000000000e+01
1.170000000000000000e+02 3.700000000000000000e+01
1.240000000000000000e+02 3.700000000000000000e+01
1.350000000000000000e+02 3.900000000000000000e+01
1.460000000000000000e+02 4.100000000000000000e+01
1.550000000000000000e+02 5.000000000000000000e+01
9.900000000000000000e+01 5.700000000000000000e+01
9.500000000000000000e+01 6.800000000000000000e+01
9.300000000000000000e+01 8.200000000000000000e+01
9.000000000000000000e+01 9.100000000000000000e+01
8.600000000000000000e+01 9.800000000000000000e+01
9.000000000000000000e+01 9.800000000000000000e+01
9.500000000000000000e+01 1.000000000000000000e+02
1.010000000000000000e+02 1.000000000000000000e+02
1.060000000000000000e+02 9.800000000000000000e+01
6.600000000000000000e+01 5.500000000000000000e+01
6.800000000000000000e+01 5.300000000000000000e+01
7.700000000000000000e+01 5.500000000000000000e+01
8.400000000000000000e+01 5.700000000000000000e+01
7.700000000000000000e+01 5.900000000000000000e+01
7.000000000000000000e+01 5.900000000000000000e+01
1.190000000000000000e+02 6.200000000000000000e+01
1.260000000000000000e+02 5.900000000000000000e+01
1.330000000000000000e+02 5.900000000000000000e+01
1.420000000000000000e+02 6.200000000000000000e+01
1.330000000000000000e+02 6.400000000000000000e+01
1.260000000000000000e+02 6.400000000000000000e+01
7.700000000000000000e+01 1.180000000000000000e+02
8.100000000000000000e+01 1.130000000000000000e+02
9.000000000000000000e+01 1.110000000000000000e+02
9.500000000000000000e+01 1.130000000000000000e+02
9.900000000000000000e+01 1.110000000000000000e+02
1.100000000000000000e+02 1.150000000000000000e+02
1.190000000000000000e+02 1.220000000000000000e+02
1.080000000000000000e+02 1.240000000000000000e+02
1.010000000000000000e+02 1.270000000000000000e+02
9.300000000000000000e+01 1.270000000000000000e+02
8.600000000000000000e+01 1.270000000000000000e+02
8.100000000000000000e+01 1.220000000000000000e+02
7.900000000000000000e+01 1.180000000000000000e+02
8.800000000000000000e+01 1.180000000000000000e+02
9.500000000000000000e+01 1.180000000000000000e+02
1.010000000000000000e+02 1.180000000000000000e+02
1.170000000000000000e+02 1.220000000000000000e+02
1.010000000000000000e+02 1.200000000000000000e+02
9.500000000000000000e+01 1.200000000000000000e+02
8.800000000000000000e+01 1.180000000000000000e+02
