5.100000000000000000e+01 5.800000000000000000e+01
5.100000000000000000e+01 7.700000000000000000e+01
5.100000000000000000e+01 9.500000000000000000e+01
5.300000000000000000e+01 1.110000000000000000e+02
5.500000000000000000e+01 1.270000000000000000e+02
6.000000000000000000e+01 1.410000000000000000e+02
6.700000000000000000e+01 1.500000000000000000e+02
7.600000000000000000e+01 1.590000000000000000e+02
9.700000000000000000e+01 1.660000000000000000e+02
1.170000000000000000e+02 1.610000000000000000e+02
1.360000000000000000e+02 1.570000000000000000e+02
1.520000000000000000e+02 1.500000000000000000e+02
1.650000000000000000e+02 1.380000000000000000e+02
1.720000000000000000e+02 1.250000000000000000e+02
1.790000000000000000e+02 1.110000000000000000e+02
1.840000000000000000e+02 9.300000000000000000e+01
1.860000000000000000e+02 7.700000000000000000e+01
5.800000000000000000e+01 4.000000000000000000e+01
6.500000000000000000e+01 3.300000000000000000e+01
7.400000000000000000e+01 3.100000000000000000e+01
8.300000000000000000e+01 3.300000000000000000e+01
9.000000000000000000e+01 3.600000000000000000e+01
1.240000000000000000e+02 4.200000000000000000e+01
1.330000000000000000e+02 4.000000000000000000e+01
1.420000000000000000e+02 4.200000000000000000e+01
1.540000000000000000e+02 4.700000000000000000e+01
1.630000000000000000e+02 5.600000000000000000e+01
1.060000000000000000e+02 6.100000000000000000e+01
1.030000000000000000e+02 7.200000000000000000e+01
1.010000000000000000e+02 8.100000000000000000e+01
9.900000000000000000e+01 9.000000000000000000e+01
9.200000000000000000e+01 9.700000000000000000e+01
9.700000000000000000e+01 1.000000000000000000e+02
1.010000000000000000e+02 1.020000000000000000e+02
1.080000000000000000e+02 1.000000000000000000e+02
1.150000000000000000e+02 1.000000000000000000e+02
6.900000000000000000e+01 5.600000000000000000e+01
7.600000000000000000e+01 5.600000000000000000e+01
8.300000000000000000e+01 5.600000000000000000e+01
9.000000000000000000e+01 6.100000000000000000e+01
8.300000000000000000e+01 6.100000000000000000e+01
7.600000000000000000e+01 6.100000000000000000e+01
1.260000000000000000e+02 6.500000000000000000e+01
1.330000000000000000e+02 6.300000000000000000e+01
1.400000000000000000e+02 6.300000000000000000e+01
1.470000000000000000e+02 6.800000000000000000e+01
1.400000000000000000e+02 7.000000000000000000e+01
1.330000000000000000e+02 6.800000000000000000e+01
7.800000000000000000e+01 1.220000000000000000e+02
8.500000000000000000e+01 1.160000000000000000e+02
9.400000000000000000e+01 1.110000000000000000e+02
1.010000000000000000e+02 1.130000000000000000e+02
1.060000000000000000e+02 1.130000000000000000e+02
1.170000000000000000e+02 1.180000000000000000e+02
1.240000000000000000e+02 1.270000000000000000e+02
1.150000000000000000e+02 1.320000000000000000e+02
1.060000000000000000e+02 1.340000000000000000e+02
9.700000000000000000e+01 1.340000000000000000e+02
9.000000000000000000e+01 1.320000000000000000e+02
8.300000000000000000e+01 1.290000000000000000e+02
7.800000000000000000e+01 1.200000000000000000e+02
9.200000000000000000e+01 1.180000000000000000e+02
1.010000000000000000e+02 1.180000000000000000e+02
1.080000000000000000e+02 1.200000000000000000e+02
1.240000000000000000e+02 1.250000000000000000e+02
1.060000000000000000e+02 1.250000000000000000e+02
9.900000000000000000e+01 1.250000000000000000e+02
9.200000000000000000e+01 1.250000000000000000e+02
