5.000000000000000000e+01 6.100000000000000000e+01
5.300000000000000000e+01 8.100000000000000000e+01
5.300000000000000000e+01 9.700000000000000000e+01
5.500000000000000000e+01 1.110000000000000000e+02
5.900000000000000000e+01 1.290000000000000000e+02
6.400000000000000000e+01 1.420000000000000000e+02
7.100000000000000000e+01 1.490000000000000000e+02
8.200000000000000000e+01 1.580000000000000000e+02
1.030000000000000000e+02 1.630000000000000000e+02
1.210000000000000000e+02 1.580000000000000000e+02
1.390000000000000000e+02 1.510000000000000000e+02
1.520000000000000000e+02 1.450000000000000000e+02
1.660000000000000000e+02 1.330000000000000000e+02
1.730000000000000000e+02 1.170000000000000000e+02
1.770000000000000000e+02 1.040000000000000000e+02
1.800000000000000000e+02 8.800000000000000000e+01
1.840000000000000000e+02 7.000000000000000000e+01
5.700000000000000000e+01 4.000000000000000000e+01
6.400000000000000000e+01 3.300000000000000000e+01
7.300000000000000000e+01 2.900000000000000000e+01
8.200000000000000000e+01 3.100000000000000000e+01
8.900000000000000000e+01 3.300000000000000000e+01
1.230000000000000000e+02 3.800000000000000000e+01
1.300000000000000000e+02 3.600000000000000000e+01
1.410000000000000000e+02 3.600000000000000000e+01
1.520000000000000000e+02 4.000000000000000000e+01
1.620000000000000000e+02 4.700000000000000000e+01
1.050000000000000000e+02 5.800000000000000000e+01
1.030000000000000000e+02 7.000000000000000000e+01
1.000000000000000000e+02 8.100000000000000000e+01
1.000000000000000000e+02 8.800000000000000000e+01
9.300000000000000000e+01 9.700000000000000000e+01
9.600000000000000000e+01 9.700000000000000000e+01
1.030000000000000000e+02 9.900000000000000000e+01
1.090000000000000000e+02 9.900000000000000000e+01
1.140000000000000000e+02 9.700000000000000000e+01
6.900000000000000000e+01 5.600000000000000000e+01
7.500000000000000000e+01 5.600000000000000000e+01
8.200000000000000000e+01 5.600000000000000000e+01
8.900000000000000000e+01 5.800000000000000000e+01
8.200000000000000000e+01 6.100000000000000000e+01
7.500000000000000000e+01 6.100000000000000000e+01
1.250000000000000000e+02 6.100000000000000000e+01
1.320000000000000000e+02 5.600000000000000000e+01
1.390000000000000000e+02 5.800000000000000000e+01
1.460000000000000000e+02 6.100000000000000000e+01
1.390000000000000000e+02 6.300000000000000000e+01
1.320000000000000000e+02 6.300000000000000000e+01
8.200000000000000000e+01 1.220000000000000000e+02
8.700000000000000000e+01 1.150000000000000000e+02
9.600000000000000000e+01 1.110000000000000000e+02
1.030000000000000000e+02 1.110000000000000000e+02
1.070000000000000000e+02 1.110000000000000000e+02
1.180000000000000000e+02 1.150000000000000000e+02
1.250000000000000000e+02 1.240000000000000000e+02
1.160000000000000000e+02 1.290000000000000000e+02
1.090000000000000000e+02 1.310000000000000000e+02
1.000000000000000000e+02 1.330000000000000000e+02
9.300000000000000000e+01 1.310000000000000000e+02
8.900000000000000000e+01 1.290000000000000000e+02
8.400000000000000000e+01 1.220000000000000000e+02
9.600000000000000000e+01 1.170000000000000000e+02
1.030000000000000000e+02 1.170000000000000000e+02
1.090000000000000000e+02 1.170000000000000000e+02
1.230000000000000000e+02 1.220000000000000000e+02
1.090000000000000000e+02 1.240000000000000000e+02
1.030000000000000000e+02 1.240000000000000000e+02
9.600000000000000000e+01 1.220000000000000000e+02
