4.900000000000000000e+01 6.100000000000000000e+01
5.100000000000000000e+01 8.200000000000000000e+01
5.400000000000000000e+01 9.800000000000000000e+01
5.600000000000000000e+01 1.130000000000000000e+02
5.800000000000000000e+01 1.290000000000000000e+02
6.500000000000000000e+01 1.410000000000000000e+02
7.200000000000000000e+01 1.500000000000000000e+02
8.300000000000000000e+01 1.560000000000000000e+02
1.010000000000000000e+02 1.610000000000000000e+02
1.210000000000000000e+02 1.560000000000000000e+02
1.400000000000000000e+02 1.520000000000000000e+02
1.530000000000000000e+02 1.430000000000000000e+02
1.640000000000000000e+02 1.320000000000000000e+02
1.710000000000000000e+02 1.160000000000000000e+02
1.760000000000000000e+02 1.020000000000000000e+02
1.800000000000000000e+02 8.600000000000000000e+01
1.830000000000000000e+02 6.800000000000000000e+01
5.800000000000000000e+01 4.600000000000000000e+01
6.500000000000000000e+01 3.900000000000000000e+01
7.400000000000000000e+01 3.700000000000000000e+01
8.100000000000000000e+01 3.700000000000000000e+01
9.000000000000000000e+01 3.900000000000000000e+01
1.210000000000000000e+02 4.100000000000000000e+01
1.310000000000000000e+02 4.100000000000000000e+01
1.400000000000000000e+02 4.100000000000000000e+01
1.510000000000000000e+02 4.600000000000000000e+01
1.600000000000000000e+02 5.000000000000000000e+01
1.060000000000000000e+02 6.100000000000000000e+01
1.060000000000000000e+02 7.300000000000000000e+01
1.030000000000000000e+02 8.400000000000000000e+01
1.010000000000000000e+02 9.100000000000000000e+01
9.200000000000000000e+01 1.000000000000000000e+02
9.700000000000000000e+01 1.000000000000000000e+02
1.030000000000000000e+02 1.020000000000000000e+02
1.100000000000000000e+02 1.000000000000000000e+02
1.150000000000000000e+02 1.000000000000000000e+02
6.900000000000000000e+01 5.900000000000000000e+01
7.400000000000000000e+01 5.700000000000000000e+01
8.300000000000000000e+01 5.700000000000000000e+01
9.000000000000000000e+01 6.100000000000000000e+01
8.300000000000000000e+01 6.400000000000000000e+01
7.600000000000000000e+01 6.100000000000000000e+01
1.260000000000000000e+02 6.400000000000000000e+01
1.330000000000000000e+02 6.100000000000000000e+01
1.400000000000000000e+02 6.100000000000000000e+01
1.460000000000000000e+02 6.400000000000000000e+01
1.400000000000000000e+02 6.600000000000000000e+01
1.330000000000000000e+02 6.600000000000000000e+01
8.100000000000000000e+01 1.230000000000000000e+02
8.800000000000000000e+01 1.180000000000000000e+02
9.900000000000000000e+01 1.130000000000000000e+02
1.030000000000000000e+02 1.130000000000000000e+02
1.080000000000000000e+02 1.130000000000000000e+02
1.170000000000000000e+02 1.180000000000000000e+02
1.260000000000000000e+02 1.230000000000000000e+02
1.170000000000000000e+02 1.290000000000000000e+02
1.100000000000000000e+02 1.320000000000000000e+02
1.010000000000000000e+02 1.340000000000000000e+02
9.400000000000000000e+01 1.320000000000000000e+02
8.800000000000000000e+01 1.290000000000000000e+02
8.300000000000000000e+01 1.230000000000000000e+02
9.700000000000000000e+01 1.200000000000000000e+02
1.030000000000000000e+02 1.200000000000000000e+02
1.100000000000000000e+02 1.200000000000000000e+02
1.240000000000000000e+02 1.230000000000000000e+02
1.100000000000000000e+02 1.250000000000000000e+02
1.030000000000000000e+02 1.250000000000000000e+02
9.700000000000000000e+01 1.250000000000000000e+02
