5.200000000000000000e+01 5.900000000000000000e+01
4.900000000000000000e+01 7.800000000000000000e+01
5.200000000000000000e+01 9.500000000000000000e+01
5.200000000000000000e+01 1.110000000000000000e+02
5.400000000000000000e+01 1.270000000000000000e+02
5.900000000000000000e+01 1.440000000000000000e+02
6.600000000000000000e+01 1.530000000000000000e+02
7.700000000000000000e+01 1.620000000000000000e+02
9.600000000000000000e+01 1.670000000000000000e+02
1.170000000000000000e+02 1.650000000000000000e+02
1.360000000000000000e+02 1.600000000000000000e+02
1.500000000000000000e+02 1.530000000000000000e+02
1.640000000000000000e+02 1.410000000000000000e+02
1.730000000000000000e+02 1.250000000000000000e+02
1.780000000000000000e+02 1.110000000000000000e+02
1.820000000000000000e+02 9.500000000000000000e+01
1.850000000000000000e+02 7.600000000000000000e+01
5.900000000000000000e+01 4.100000000000000000e+01
6.300000000000000000e+01 3.400000000000000000e+01
7.500000000000000000e+01 3.100000000000000000e+01
8.200000000000000000e+01 3.400000000000000000e+01
9.100000000000000000e+01 3.600000000000000000e+01
1.240000000000000000e+02 4.100000000000000000e+01
1.330000000000000000e+02 4.100000000000000000e+01
1.430000000000000000e+02 4.300000000000000000e+01
1.540000000000000000e+02 4.800000000000000000e+01
1.640000000000000000e+02 5.500000000000000000e+01
1.050000000000000000e+02 5.900000000000000000e+01
1.030000000000000000e+02 7.100000000000000000e+01
1.010000000000000000e+02 8.300000000000000000e+01
1.010000000000000000e+02 9.000000000000000000e+01
9.100000000000000000e+01 9.900000000000000000e+01
9.600000000000000000e+01 9.900000000000000000e+01
1.010000000000000000e+02 1.020000000000000000e+02
1.080000000000000000e+02 1.020000000000000000e+02
1.150000000000000000e+02 1.020000000000000000e+02
7.000000000000000000e+01 5.700000000000000000e+01
7.500000000000000000e+01 5.700000000000000000e+01
8.200000000000000000e+01 5.700000000000000000e+01
8.900000000000000000e+01 6.200000000000000000e+01
8.200000000000000000e+01 6.200000000000000000e+01
7.500000000000000000e+01 6.200000000000000000e+01
1.260000000000000000e+02 6.400000000000000000e+01
1.330000000000000000e+02 6.200000000000000000e+01
1.400000000000000000e+02 6.400000000000000000e+01
1.470000000000000000e+02 6.600000000000000000e+01
1.400000000000000000e+02 6.900000000000000000e+01
1.330000000000000000e+02 6.600000000000000000e+01
7.700000000000000000e+01 1.230000000000000000e+02
8.400000000000000000e+01 1.160000000000000000e+02
9.400000000000000000e+01 1.110000000000000000e+02
1.010000000000000000e+02 1.130000000000000000e+02
1.050000000000000000e+02 1.130000000000000000e+02
1.170000000000000000e+02 1.180000000000000000e+02
1.240000000000000000e+02 1.270000000000000000e+02
1.150000000000000000e+02 1.320000000000000000e+02
1.080000000000000000e+02 1.370000000000000000e+02
9.800000000000000000e+01 1.370000000000000000e+02
9.100000000000000000e+01 1.340000000000000000e+02
8.400000000000000000e+01 1.300000000000000000e+02
8.000000000000000000e+01 1.230000000000000000e+02
9.400000000000000000e+01 1.200000000000000000e+02
1.010000000000000000e+02 1.200000000000000000e+02
1.080000000000000000e+02 1.200000000000000000e+02
1.240000000000000000e+02 1.270000000000000000e+02
1.080000000000000000e+02 1.270000000000000000e+02
9.800000000000000000e+01 1.270000000000000000e+02
9.100000000000000000e+01 1.250000000000000000e+02
