3.700000000000000000e+01 6.400000000000000000e+01
4.000000000000000000e+01 8.400000000000000000e+01
4.200000000000000000e+01 1.010000000000000000e+02
4.700000000000000000e+01 1.170000000000000000e+02
5.100000000000000000e+01 1.330000000000000000e+02
6.100000000000000000e+01 1.450000000000000000e+02
7.500000000000000000e+01 1.540000000000000000e+02
8.900000000000000000e+01 1.590000000000000000e+02
1.090000000000000000e+02 1.640000000000000000e+02
1.300000000000000000e+02 1.590000000000000000e+02
1.470000000000000000e+02 1.540000000000000000e+02
1.580000000000000000e+02 1.470000000000000000e+02
1.680000000000000000e+02 1.360000000000000000e+02
1.720000000000000000e+02 1.190000000000000000e+02
1.770000000000000000e+02 1.050000000000000000e+02
1.790000000000000000e+02 8.900000000000000000e+01
1.820000000000000000e+02 7.100000000000000000e+01
5.600000000000000000e+01 4.500000000000000000e+01
6.500000000000000000e+01 3.800000000000000000e+01
7.500000000000000000e+01 3.300000000000000000e+01
8.600000000000000000e+01 3.300000000000000000e+01
9.300000000000000000e+01 3.600000000000000000e+01
1.280000000000000000e+02 3.800000000000000000e+01
1.370000000000000000e+02 3.600000000000000000e+01
1.470000000000000000e+02 3.800000000000000000e+01
1.580000000000000000e+02 4.000000000000000000e+01
1.650000000000000000e+02 5.000000000000000000e+01
1.120000000000000000e+02 5.900000000000000000e+01
1.120000000000000000e+02 7.100000000000000000e+01
1.090000000000000000e+02 8.200000000000000000e+01
1.090000000000000000e+02 8.900000000000000000e+01
1.000000000000000000e+02 9.800000000000000000e+01
1.050000000000000000e+02 1.010000000000000000e+02
1.120000000000000000e+02 1.010000000000000000e+02
1.160000000000000000e+02 9.800000000000000000e+01
1.230000000000000000e+02 9.800000000000000000e+01
7.000000000000000000e+01 5.900000000000000000e+01
7.700000000000000000e+01 5.900000000000000000e+01
8.400000000000000000e+01 5.900000000000000000e+01
9.300000000000000000e+01 6.100000000000000000e+01
8.600000000000000000e+01 6.100000000000000000e+01
7.700000000000000000e+01 6.100000000000000000e+01
1.300000000000000000e+02 6.100000000000000000e+01
1.370000000000000000e+02 5.900000000000000000e+01
1.470000000000000000e+02 5.900000000000000000e+01
1.510000000000000000e+02 6.100000000000000000e+01
1.470000000000000000e+02 6.400000000000000000e+01
1.370000000000000000e+02 6.400000000000000000e+01
8.900000000000000000e+01 1.240000000000000000e+02
9.600000000000000000e+01 1.150000000000000000e+02
1.050000000000000000e+02 1.100000000000000000e+02
1.120000000000000000e+02 1.120000000000000000e+02
1.160000000000000000e+02 1.100000000000000000e+02
1.260000000000000000e+02 1.170000000000000000e+02
1.330000000000000000e+02 1.240000000000000000e+02
1.260000000000000000e+02 1.290000000000000000e+02
1.190000000000000000e+02 1.330000000000000000e+02
1.090000000000000000e+02 1.330000000000000000e+02
1.020000000000000000e+02 1.330000000000000000e+02
9.600000000000000000e+01 1.290000000000000000e+02
9.100000000000000000e+01 1.240000000000000000e+02
1.050000000000000000e+02 1.190000000000000000e+02
1.120000000000000000e+02 1.170000000000000000e+02
1.190000000000000000e+02 1.190000000000000000e+02
1.300000000000000000e+02 1.240000000000000000e+02
1.160000000000000000e+02 1.240000000000000000e+02
1.120000000000000000e+02 1.240000000000000000e+02
1.050000000000000000e+02 1.240000000000000000e+02
