5.400000000000000000e+01 5.500000000000000000e+01
5.400000000000000000e+01 7.400000000000000000e+01
5.400000000000000000e+01 9.200000000000000000e+01
5.400000000000000000e+01 1.060000000000000000e+02
5.600000000000000000e+01 1.240000000000000000e+02
6.100000000000000000e+01 1.370000000000000000e+02
6.800000000000000000e+01 1.470000000000000000e+02
7.900000000000000000e+01 1.560000000000000000e+02
9.700000000000000000e+01 1.600000000000000000e+02
1.180000000000000000e+02 1.580000000000000000e+02
1.340000000000000000e+02 1.510000000000000000e+02
1.500000000000000000e+02 1.440000000000000000e+02
1.610000000000000000e+02 1.350000000000000000e+02
1.700000000000000000e+02 1.190000000000000000e+02
1.750000000000000000e+02 1.060000000000000000e+02
1.790000000000000000e+02 9.000000000000000000e+01
1.820000000000000000e+02 7.100000000000000000e+01
5.600000000000000000e+01 3.900000000000000000e+01
6.300000000000000000e+01 3.300000000000000000e+01
7.000000000000000000e+01 3.000000000000000000e+01
7.900000000000000000e+01 3.300000000000000000e+01
8.600000000000000000e+01 3.500000000000000000e+01
1.200000000000000000e+02 3.900000000000000000e+01
1.290000000000000000e+02 3.700000000000000000e+01
1.380000000000000000e+02 3.900000000000000000e+01
1.500000000000000000e+02 4.200000000000000000e+01
1.590000000000000000e+02 5.100000000000000000e+01
1.020000000000000000e+02 5.800000000000000000e+01
1.000000000000000000e+02 6.900000000000000000e+01
9.700000000000000000e+01 8.000000000000000000e+01
9.500000000000000000e+01 9.000000000000000000e+01
8.800000000000000000e+01 9.600000000000000000e+01
9.300000000000000000e+01 9.900000000000000000e+01
9.700000000000000000e+01 9.900000000000000000e+01
1.040000000000000000e+02 9.900000000000000000e+01
1.110000000000000000e+02 9.900000000000000000e+01
6.800000000000000000e+01 5.500000000000000000e+01
7.200000000000000000e+01 5.300000000000000000e+01
7.900000000000000000e+01 5.500000000000000000e+01
8.800000000000000000e+01 5.800000000000000000e+01
8.100000000000000000e+01 6.000000000000000000e+01
7.200000000000000000e+01 6.000000000000000000e+01
1.220000000000000000e+02 6.200000000000000000e+01
1.290000000000000000e+02 6.000000000000000000e+01
1.360000000000000000e+02 6.000000000000000000e+01
1.430000000000000000e+02 6.200000000000000000e+01
1.360000000000000000e+02 6.400000000000000000e+01
1.270000000000000000e+02 6.400000000000000000e+01
7.700000000000000000e+01 1.190000000000000000e+02
8.100000000000000000e+01 1.150000000000000000e+02
9.300000000000000000e+01 1.100000000000000000e+02
9.700000000000000000e+01 1.100000000000000000e+02
1.040000000000000000e+02 1.100000000000000000e+02
1.130000000000000000e+02 1.150000000000000000e+02
1.220000000000000000e+02 1.240000000000000000e+02
1.130000000000000000e+02 1.280000000000000000e+02
1.040000000000000000e+02 1.330000000000000000e+02
9.700000000000000000e+01 1.330000000000000000e+02
8.800000000000000000e+01 1.310000000000000000e+02
8.400000000000000000e+01 1.280000000000000000e+02
7.900000000000000000e+01 1.190000000000000000e+02
9.100000000000000000e+01 1.170000000000000000e+02
9.700000000000000000e+01 1.170000000000000000e+02
1.040000000000000000e+02 1.170000000000000000e+02
1.200000000000000000e+02 1.210000000000000000e+02
1.040000000000000000e+02 1.240000000000000000e+02
9.700000000000000000e+01 1.240000000000000000e+02
9.100000000000000000e+01 1.240000000000000000e+02
