4.800000000000000000e+01 6.200000000000000000e+01
4.800000000000000000e+01 8.000000000000000000e+01
5.000000000000000000e+01 9.600000000000000000e+01
5.200000000000000000e+01 1.120000000000000000e+02
5.700000000000000000e+01 1.280000000000000000e+02
6.100000000000000000e+01 1.420000000000000000e+02
7.100000000000000000e+01 1.510000000000000000e+02
8.200000000000000000e+01 1.580000000000000000e+02
1.030000000000000000e+02 1.630000000000000000e+02
1.210000000000000000e+02 1.600000000000000000e+02
1.370000000000000000e+02 1.510000000000000000e+02
1.510000000000000000e+02 1.440000000000000000e+02
1.650000000000000000e+02 1.300000000000000000e+02
1.720000000000000000e+02 1.140000000000000000e+02
1.760000000000000000e+02 1.010000000000000000e+02
1.790000000000000000e+02 8.500000000000000000e+01
1.810000000000000000e+02 6.600000000000000000e+01
5.400000000000000000e+01 4.300000000000000000e+01
6.100000000000000000e+01 3.600000000000000000e+01
7.100000000000000000e+01 3.400000000000000000e+01
8.000000000000000000e+01 3.400000000000000000e+01
8.700000000000000000e+01 3.600000000000000000e+01
1.210000000000000000e+02 3.900000000000000000e+01
1.300000000000000000e+02 3.600000000000000000e+01
1.390000000000000000e+02 3.900000000000000000e+01
1.510000000000000000e+02 4.100000000000000000e+01
1.600000000000000000e+02 4.800000000000000000e+01
1.030000000000000000e+02 5.900000000000000000e+01
1.030000000000000000e+02 7.100000000000000000e+01
1.000000000000000000e+02 8.200000000000000000e+01
9.800000000000000000e+01 9.100000000000000000e+01
9.100000000000000000e+01 9.800000000000000000e+01
9.600000000000000000e+01 1.010000000000000000e+02
1.030000000000000000e+02 1.010000000000000000e+02
1.100000000000000000e+02 1.010000000000000000e+02
1.140000000000000000e+02 1.010000000000000000e+02
6.600000000000000000e+01 5.900000000000000000e+01
7.300000000000000000e+01 5.700000000000000000e+01
8.000000000000000000e+01 5.700000000000000000e+01
8.700000000000000000e+01 5.900000000000000000e+01
8.200000000000000000e+01 6.200000000000000000e+01
7.300000000000000000e+01 6.200000000000000000e+01
1.230000000000000000e+02 6.200000000000000000e+01
1.330000000000000000e+02 5.700000000000000000e+01
1.390000000000000000e+02 5.900000000000000000e+01
1.460000000000000000e+02 6.200000000000000000e+01
1.390000000000000000e+02 6.400000000000000000e+01
1.300000000000000000e+02 6.400000000000000000e+01
8.000000000000000000e+01 1.240000000000000000e+02
8.700000000000000000e+01 1.170000000000000000e+02
9.600000000000000000e+01 1.120000000000000000e+02
1.000000000000000000e+02 1.120000000000000000e+02
1.070000000000000000e+02 1.120000000000000000e+02
1.190000000000000000e+02 1.170000000000000000e+02
1.260000000000000000e+02 1.240000000000000000e+02
1.160000000000000000e+02 1.330000000000000000e+02
1.100000000000000000e+02 1.350000000000000000e+02
1.000000000000000000e+02 1.350000000000000000e+02
9.300000000000000000e+01 1.350000000000000000e+02
8.700000000000000000e+01 1.300000000000000000e+02
8.200000000000000000e+01 1.240000000000000000e+02
9.600000000000000000e+01 1.190000000000000000e+02
1.030000000000000000e+02 1.190000000000000000e+02
1.100000000000000000e+02 1.190000000000000000e+02
1.230000000000000000e+02 1.240000000000000000e+02
1.100000000000000000e+02 1.260000000000000000e+02
1.030000000000000000e+02 1.280000000000000000e+02
9.300000000000000000e+01 1.260000000000000000e+02
