5.852343750000000000e+01 5.775000000000000000e+01
5.796484375000000000e+01 7.356250000000000000e+01
5.796484375000000000e+01 8.937500000000000000e+01
6.075781250000000000e+01 1.051875000000000000e+02
6.522656250000000000e+01 1.196250000000000000e+02
7.192968750000000000e+01 1.333750000000000000e+02
7.975000000000000000e+01 1.450625000000000000e+02
8.812890625000000000e+01 1.560625000000000000e+02
9.985937500000000000e+01 1.622500000000000000e+02
1.166171875000000000e+02 1.608750000000000000e+02
1.328164062500000000e+02 1.546875000000000000e+02
1.490156250000000000e+02 1.464375000000000000e+02
1.624218750000000000e+02 1.347500000000000000e+02
1.719179687500000000e+02 1.168750000000000000e+02
1.763867187500000000e+02 9.693750000000000000e+01
1.780625000000000000e+02 7.562500000000000000e+01
1.786210937500000000e+02 5.500000000000000000e+01
5.740625000000000000e+01 4.331250000000000000e+01
6.187500000000000000e+01 3.712500000000000000e+01
6.913671875000000000e+01 3.643750000000000000e+01
7.583984375000000000e+01 3.987500000000000000e+01
8.310156250000000000e+01 4.331250000000000000e+01
1.054453125000000000e+02 3.918750000000000000e+01
1.171757812500000000e+02 3.575000000000000000e+01
1.294648437500000000e+02 3.506250000000000000e+01
1.406367187500000000e+02 3.850000000000000000e+01
1.501328125000000000e+02 4.675000000000000000e+01
9.371484375000000000e+01 5.843750000000000000e+01
9.259765625000000000e+01 6.943750000000000000e+01
9.092187500000000000e+01 8.043750000000000000e+01
8.980468750000000000e+01 9.075000000000000000e+01
8.310156250000000000e+01 9.831250000000000000e+01
8.757031250000000000e+01 1.010625000000000000e+02
9.371484375000000000e+01 1.024375000000000000e+02
1.009765625000000000e+02 1.003750000000000000e+02
1.082382812500000000e+02 9.831250000000000000e+01
6.410937500000000000e+01 6.350000000000000000e+01
6.801953125000000000e+01 5.706250000000000000e+01
7.583984375000000000e+01 5.706250000000000000e+01
8.254296875000000000e+01 6.118750000000000000e+01
7.528125000000000000e+01 6.256250000000000000e+01
6.801953125000000000e+01 6.256250000000000000e+01
1.143828125000000000e+02 6.187500000000000000e+01
1.222031250000000000e+02 5.706250000000000000e+01
1.311406250000000000e+02 5.843750000000000000e+01
1.361679687500000000e+02 6.418750000000000000e+01
1.311406250000000000e+02 6.325000000000000000e+01
1.227617187500000000e+02 6.393750000000000000e+01
7.863281250000000000e+01 1.155000000000000000e+02
8.254296875000000000e+01 1.093125000000000000e+02
8.868750000000000000e+01 1.095625000000000000e+02
9.539062500000000000e+01 1.079375000000000000e+02
1.009765625000000000e+02 1.095625000000000000e+02
1.149414062500000000e+02 1.093125000000000000e+02
1.272304687500000000e+02 1.141250000000000000e+02
1.194101562500000000e+02 1.258125000000000000e+02
1.087968750000000000e+02 1.326875000000000000e+02
9.650781250000000000e+01 1.347500000000000000e+02
8.812890625000000000e+01 1.320000000000000000e+02
8.198437500000000000e+01 1.251250000000000000e+02
8.030859375000000000e+01 1.155000000000000000e+02
8.757031250000000000e+01 1.127500000000000000e+02
9.594921875000000000e+01 1.134375000000000000e+02
1.110312500000000000e+02 1.127500000000000000e+02
1.255546875000000000e+02 1.141250000000000000e+02
1.121484375000000000e+02 1.223750000000000000e+02
9.650781250000000000e+01 1.244375000000000000e+02
8.757031250000000000e+01 1.216875000000000000e+02
