5.464062500000000000e+01 6.042968750000000000e+01
5.408203125000000000e+01 7.607031250000000000e+01
5.352343750000000000e+01 9.242187500000000000e+01
5.575781250000000000e+01 1.080625000000000000e+02
6.022656250000000000e+01 1.229921875000000000e+02
6.637109375000000000e+01 1.365000000000000000e+02
7.419140625000000000e+01 1.478750000000000000e+02
8.312890625000000000e+01 1.585390625000000000e+02
9.430078125000000000e+01 1.642265625000000000e+02
1.110585937500000000e+02 1.635156250000000000e+02
1.272578125000000000e+02 1.578281250000000000e+02
1.428984375000000000e+02 1.500078125000000000e+02
1.568632812500000000e+02 1.393437500000000000e+02
1.663593750000000000e+02 1.215703125000000000e+02
1.713867187500000000e+02 1.016640625000000000e+02
1.741796875000000000e+02 7.962500000000000000e+01
1.741796875000000000e+02 5.900781250000000000e+01
5.352343750000000000e+01 4.692187500000000000e+01
5.855078125000000000e+01 4.123437500000000000e+01
6.525390625000000000e+01 4.123437500000000000e+01
7.251562500000000000e+01 4.407812500000000000e+01
7.921875000000000000e+01 4.763281250000000000e+01
1.026796875000000000e+02 4.478906250000000000e+01
1.144101562500000000e+02 4.123437500000000000e+01
1.261406250000000000e+02 3.981250000000000000e+01
1.373125000000000000e+02 4.265625000000000000e+01
1.462500000000000000e+02 5.118750000000000000e+01
9.039062500000000000e+01 6.185156250000000000e+01
8.927343750000000000e+01 7.322656250000000000e+01
8.759765625000000000e+01 8.389062500000000000e+01
8.703906250000000000e+01 9.455468750000000000e+01
7.921875000000000000e+01 1.009531250000000000e+02
8.368750000000000000e+01 1.037968750000000000e+02
8.983203125000000000e+01 1.052187500000000000e+02
9.709375000000000000e+01 1.030859375000000000e+02
1.049140625000000000e+02 1.009531250000000000e+02
6.022656250000000000e+01 6.627343750000000000e+01
6.469531250000000000e+01 6.114062500000000000e+01
7.251562500000000000e+01 6.114062500000000000e+01
7.921875000000000000e+01 6.469531250000000000e+01
7.195703125000000000e+01 6.540625000000000000e+01
6.469531250000000000e+01 6.540625000000000000e+01
1.116171875000000000e+02 6.540625000000000000e+01
1.194375000000000000e+02 6.114062500000000000e+01
1.283750000000000000e+02 6.185156250000000000e+01
1.334023437500000000e+02 6.769531250000000000e+01
1.283750000000000000e+02 6.611718750000000000e+01
1.199960937500000000e+02 6.682812500000000000e+01
7.419140625000000000e+01 1.165937500000000000e+02
7.866015625000000000e+01 1.109062500000000000e+02
8.536328125000000000e+01 1.124843750000000000e+02
9.150781250000000000e+01 1.101953125000000000e+02
9.765234375000000000e+01 1.124843750000000000e+02
1.110585937500000000e+02 1.116171875000000000e+02
1.227890625000000000e+02 1.173046875000000000e+02
1.149687500000000000e+02 1.286796875000000000e+02
1.037968750000000000e+02 1.350781250000000000e+02
9.206640625000000000e+01 1.365000000000000000e+02
8.368750000000000000e+01 1.336562500000000000e+02
7.754296875000000000e+01 1.265468750000000000e+02
7.530859375000000000e+01 1.165937500000000000e+02
8.368750000000000000e+01 1.144609375000000000e+02
9.206640625000000000e+01 1.158828125000000000e+02
1.071484375000000000e+02 1.151718750000000000e+02
1.216718750000000000e+02 1.173046875000000000e+02
1.077070312500000000e+02 1.251250000000000000e+02
9.262500000000000000e+01 1.265468750000000000e+02
8.312890625000000000e+01 1.237031250000000000e+02
