5.631640625000000000e+01 5.678125000000000000e+01
5.631640625000000000e+01 7.403125000000000000e+01
5.685937500000000000e+01 8.912500000000000000e+01
6.066015625000000000e+01 1.042187500000000000e+02
6.554687500000000000e+01 1.178750000000000000e+02
7.151953125000000000e+01 1.308125000000000000e+02
7.857812500000000000e+01 1.430312500000000000e+02
8.563671875000000000e+01 1.552500000000000000e+02
9.595312500000000000e+01 1.624375000000000000e+02
1.122421875000000000e+02 1.617187500000000000e+02
1.279882812500000000e+02 1.545312500000000000e+02
1.431914062500000000e+02 1.459062500000000000e+02
1.573085937500000000e+02 1.329687500000000000e+02
1.670820312500000000e+02 1.164375000000000000e+02
1.719687500000000000e+02 9.559375000000000000e+01
1.741406250000000000e+02 7.259375000000000000e+01
1.741406250000000000e+02 5.031250000000000000e+01
5.468750000000000000e+01 5.175000000000000000e+01
5.903125000000000000e+01 4.743750000000000000e+01
6.608984375000000000e+01 4.887500000000000000e+01
7.314843750000000000e+01 5.103125000000000000e+01
7.966406250000000000e+01 5.390625000000000000e+01
9.812500000000000000e+01 5.031250000000000000e+01
1.089843750000000000e+02 4.671875000000000000e+01
1.203867187500000000e+02 4.456250000000000000e+01
1.317890625000000000e+02 4.528125000000000000e+01
1.415625000000000000e+02 5.175000000000000000e+01
8.835156250000000000e+01 6.181250000000000000e+01
8.726562500000000000e+01 7.331250000000000000e+01
8.617968750000000000e+01 8.409375000000000000e+01
8.509375000000000000e+01 9.559375000000000000e+01
8.020703125000000000e+01 1.020625000000000000e+02
8.400781250000000000e+01 1.042187500000000000e+02
8.889453125000000000e+01 1.056562500000000000e+02
9.541015625000000000e+01 1.042187500000000000e+02
1.019257812500000000e+02 1.027812500000000000e+02
6.174609375000000000e+01 6.696875000000000000e+01
6.554687500000000000e+01 5.965625000000000000e+01
7.314843750000000000e+01 5.965625000000000000e+01
7.912109375000000000e+01 6.468750000000000000e+01
7.260546875000000000e+01 6.684375000000000000e+01
6.554687500000000000e+01 6.684375000000000000e+01
1.078984375000000000e+02 6.325000000000000000e+01
1.155000000000000000e+02 5.893750000000000000e+01
1.241875000000000000e+02 6.037500000000000000e+01
1.296171875000000000e+02 6.553125000000000000e+01
1.241875000000000000e+02 6.468750000000000000e+01
1.160429687500000000e+02 6.540625000000000000e+01
7.803515625000000000e+01 1.214687500000000000e+02
8.020703125000000000e+01 1.171562500000000000e+02
8.455078125000000000e+01 1.180000000000000000e+02
8.943750000000000000e+01 1.164375000000000000e+02
9.432421875000000000e+01 1.180000000000000000e+02
1.040976562500000000e+02 1.185937500000000000e+02
1.144140625000000000e+02 1.221875000000000000e+02
1.078984375000000000e+02 1.315312500000000000e+02
9.975390625000000000e+01 1.365625000000000000e+02
8.998046875000000000e+01 1.380000000000000000e+02
8.400781250000000000e+01 1.351250000000000000e+02
8.020703125000000000e+01 1.293750000000000000e+02
7.966406250000000000e+01 1.214687500000000000e+02
8.455078125000000000e+01 1.214687500000000000e+02
8.998046875000000000e+01 1.221875000000000000e+02
1.013828125000000000e+02 1.221875000000000000e+02
1.127851562500000000e+02 1.229062500000000000e+02
1.013828125000000000e+02 1.243437500000000000e+02
8.998046875000000000e+01 1.257812500000000000e+02
8.455078125000000000e+01 1.236250000000000000e+02
