5.721875000000000000e+01 5.845312500000000000e+01
5.666796875000000000e+01 7.340625000000000000e+01
5.721875000000000000e+01 8.971875000000000000e+01
6.052343750000000000e+01 1.053515625000000000e+02
6.603125000000000000e+01 1.196250000000000000e+02
7.208984375000000000e+01 1.325390625000000000e+02
8.035156250000000000e+01 1.447734375000000000e+02
8.861328125000000000e+01 1.556484375000000000e+02
1.007304687500000000e+02 1.617656250000000000e+02
1.167031250000000000e+02 1.597265625000000000e+02
1.332265625000000000e+02 1.529296875000000000e+02
1.486484375000000000e+02 1.440937500000000000e+02
1.618671875000000000e+02 1.325390625000000000e+02
1.712304687500000000e+02 1.141875000000000000e+02
1.756367187500000000e+02 9.447656250000000000e+01
1.767382812500000000e+02 7.272656250000000000e+01
1.761875000000000000e+02 5.233593750000000000e+01
5.611718750000000000e+01 4.214062500000000000e+01
6.052343750000000000e+01 3.602343750000000000e+01
6.713281250000000000e+01 3.670312500000000000e+01
7.429296875000000000e+01 3.942187500000000000e+01
8.090234375000000000e+01 4.350000000000000000e+01
1.034843750000000000e+02 3.942187500000000000e+01
1.150507812500000000e+02 3.534375000000000000e+01
1.266171875000000000e+02 3.330468750000000000e+01
1.381835937500000000e+02 3.670312500000000000e+01
1.475468750000000000e+02 4.485937500000000000e+01
9.246875000000000000e+01 5.845312500000000000e+01
9.136718750000000000e+01 6.932812500000000000e+01
8.971484375000000000e+01 8.020312500000000000e+01
8.861328125000000000e+01 9.039843750000000000e+01
8.200390625000000000e+01 9.787500000000000000e+01
8.696093750000000000e+01 1.005937500000000000e+02
9.301953125000000000e+01 1.019531250000000000e+02
1.001796875000000000e+02 9.923437500000000000e+01
1.073398437500000000e+02 9.719531250000000000e+01
6.272656250000000000e+01 6.349218750000000000e+01
6.658203125000000000e+01 5.777343750000000000e+01
7.429296875000000000e+01 5.777343750000000000e+01
8.145312500000000000e+01 6.117187500000000000e+01
7.429296875000000000e+01 6.253125000000000000e+01
6.713281250000000000e+01 6.253125000000000000e+01
1.128476562500000000e+02 6.117187500000000000e+01
1.205585937500000000e+02 5.641406250000000000e+01
1.293710937500000000e+02 5.709375000000000000e+01
1.343281250000000000e+02 6.281250000000000000e+01
1.293710937500000000e+02 6.185156250000000000e+01
1.211093750000000000e+02 6.253125000000000000e+01
7.925000000000000000e+01 1.155468750000000000e+02
8.200390625000000000e+01 1.094296875000000000e+02
8.806250000000000000e+01 1.090312500000000000e+02
9.412109375000000000e+01 1.073906250000000000e+02
1.001796875000000000e+02 1.090312500000000000e+02
1.133984375000000000e+02 1.087500000000000000e+02
1.255156250000000000e+02 1.141875000000000000e+02
1.183554687500000000e+02 1.250625000000000000e+02
1.084414062500000000e+02 1.325390625000000000e+02
9.577343750000000000e+01 1.345781250000000000e+02
8.806250000000000000e+01 1.318593750000000000e+02
8.200390625000000000e+01 1.250625000000000000e+02
8.035156250000000000e+01 1.155468750000000000e+02
8.751171875000000000e+01 1.135078125000000000e+02
9.522265625000000000e+01 1.135078125000000000e+02
1.100937500000000000e+02 1.121484375000000000e+02
1.238632812500000000e+02 1.141875000000000000e+02
1.111953125000000000e+02 1.209843750000000000e+02
9.632421875000000000e+01 1.237031250000000000e+02
8.751171875000000000e+01 1.216640625000000000e+02
