5.629296875000000000e+01 5.803515625000000000e+01
5.572656250000000000e+01 7.411718750000000000e+01
5.572656250000000000e+01 9.019921875000000000e+01
5.855859375000000000e+01 1.055820312500000000e+02
6.252343750000000000e+01 1.202656250000000000e+02
6.932031250000000000e+01 1.335507812500000000e+02
7.668359375000000000e+01 1.454375000000000000e+02
8.574609375000000000e+01 1.559257812500000000e+02
9.707421875000000000e+01 1.622187500000000000e+02
1.135000000000000000e+02 1.608203125000000000e+02
1.304921875000000000e+02 1.545273437500000000e+02
1.463515625000000000e+02 1.468359375000000000e+02
1.599453125000000000e+02 1.356484375000000000e+02
1.695742187500000000e+02 1.181679687500000000e+02
1.741054687500000000e+02 9.858984375000000000e+01
1.763710937500000000e+02 7.761328125000000000e+01
1.769375000000000000e+02 5.663671875000000000e+01
5.516015625000000000e+01 4.475000000000000000e+01
5.969140625000000000e+01 3.845703125000000000e+01
6.705468750000000000e+01 3.775781250000000000e+01
7.385156250000000000e+01 4.055468750000000000e+01
8.064843750000000000e+01 4.405078125000000000e+01
1.044375000000000000e+02 4.055468750000000000e+01
1.157656250000000000e+02 3.705859375000000000e+01
1.276601562500000000e+02 3.635937500000000000e+01
1.389882812500000000e+02 3.985546875000000000e+01
1.480507812500000000e+02 4.824609375000000000e+01
9.197656250000000000e+01 5.943359375000000000e+01
9.084375000000000000e+01 7.062109375000000000e+01
8.971093750000000000e+01 8.110937500000000000e+01
8.801171875000000000e+01 9.229687500000000000e+01
8.121484375000000000e+01 9.928906250000000000e+01
8.574609375000000000e+01 1.013867187500000000e+02
9.197656250000000000e+01 1.034843750000000000e+02
9.933984375000000000e+01 1.006875000000000000e+02
1.067031250000000000e+02 9.928906250000000000e+01
6.195703125000000000e+01 6.453125000000000000e+01
6.592187500000000000e+01 5.803515625000000000e+01
7.385156250000000000e+01 5.803515625000000000e+01
8.121484375000000000e+01 6.223046875000000000e+01
7.385156250000000000e+01 6.362890625000000000e+01
6.648828125000000000e+01 6.362890625000000000e+01
1.129335937500000000e+02 6.223046875000000000e+01
1.208632812500000000e+02 5.873437500000000000e+01
1.293593750000000000e+02 5.943359375000000000e+01
1.350234375000000000e+02 6.523046875000000000e+01
1.293593750000000000e+02 6.432812500000000000e+01
1.214296875000000000e+02 6.432812500000000000e+01
7.668359375000000000e+01 1.146718750000000000e+02
8.064843750000000000e+01 1.090781250000000000e+02
8.687890625000000000e+01 1.099804687500000000e+02
9.310937500000000000e+01 1.083789062500000000e+02
9.933984375000000000e+01 1.099804687500000000e+02
1.129335937500000000e+02 1.097773437500000000e+02
1.253945312500000000e+02 1.153710937500000000e+02
1.174648437500000000e+02 1.265585937500000000e+02
1.067031250000000000e+02 1.335507812500000000e+02
9.424218750000000000e+01 1.349492187500000000e+02
8.574609375000000000e+01 1.321523437500000000e+02
7.951562500000000000e+01 1.244609375000000000e+02
7.781640625000000000e+01 1.153710937500000000e+02
8.574609375000000000e+01 1.125742187500000000e+02
9.367578125000000000e+01 1.132734375000000000e+02
1.089687500000000000e+02 1.132734375000000000e+02
1.236953125000000000e+02 1.153710937500000000e+02
1.101015625000000000e+02 1.230625000000000000e+02
9.480859375000000000e+01 1.251601562500000000e+02
8.517968750000000000e+01 1.216640625000000000e+02
