5.464062500000000000e+01 5.835937500000000000e+01
5.352343750000000000e+01 7.453125000000000000e+01
5.352343750000000000e+01 9.070312500000000000e+01
5.575781250000000000e+01 1.061718750000000000e+02
6.022656250000000000e+01 1.209375000000000000e+02
6.637109375000000000e+01 1.342968750000000000e+02
7.419140625000000000e+01 1.462500000000000000e+02
8.312890625000000000e+01 1.567968750000000000e+02
9.485937500000000000e+01 1.624218750000000000e+02
1.110585937500000000e+02 1.617187500000000000e+02
1.278164062500000000e+02 1.560937500000000000e+02
1.434570312500000000e+02 1.483593750000000000e+02
1.574218750000000000e+02 1.371093750000000000e+02
1.669179687500000000e+02 1.195312500000000000e+02
1.719453125000000000e+02 9.914062500000000000e+01
1.741796875000000000e+02 7.804687500000000000e+01
1.747382812500000000e+02 5.695312500000000000e+01
5.352343750000000000e+01 4.500000000000000000e+01
5.855078125000000000e+01 3.937500000000000000e+01
6.525390625000000000e+01 3.937500000000000000e+01
7.251562500000000000e+01 4.218750000000000000e+01
7.921875000000000000e+01 4.570312500000000000e+01
1.026796875000000000e+02 4.289062500000000000e+01
1.144101562500000000e+02 3.937500000000000000e+01
1.261406250000000000e+02 3.796875000000000000e+01
1.378710937500000000e+02 4.078125000000000000e+01
1.468085937500000000e+02 4.921875000000000000e+01
9.039062500000000000e+01 5.976562500000000000e+01
8.927343750000000000e+01 7.101562500000000000e+01
8.759765625000000000e+01 8.156250000000000000e+01
8.648046875000000000e+01 9.210937500000000000e+01
7.921875000000000000e+01 9.914062500000000000e+01
8.368750000000000000e+01 1.019531250000000000e+02
8.983203125000000000e+01 1.033593750000000000e+02
9.709375000000000000e+01 1.012500000000000000e+02
1.049140625000000000e+02 9.914062500000000000e+01
6.022656250000000000e+01 6.417187500000000000e+01
6.413671875000000000e+01 5.906250000000000000e+01
7.195703125000000000e+01 5.906250000000000000e+01
7.921875000000000000e+01 6.257812500000000000e+01
7.195703125000000000e+01 6.328125000000000000e+01
6.469531250000000000e+01 6.328125000000000000e+01
1.116171875000000000e+02 6.328125000000000000e+01
1.194375000000000000e+02 5.906250000000000000e+01
1.278164062500000000e+02 5.976562500000000000e+01
1.334023437500000000e+02 6.557812500000000000e+01
1.283750000000000000e+02 6.398437500000000000e+01
1.199960937500000000e+02 6.468750000000000000e+01
7.419140625000000000e+01 1.146093750000000000e+02
7.866015625000000000e+01 1.089843750000000000e+02
8.536328125000000000e+01 1.105781250000000000e+02
9.150781250000000000e+01 1.082812500000000000e+02
9.765234375000000000e+01 1.105781250000000000e+02
1.110585937500000000e+02 1.096875000000000000e+02
1.233476562500000000e+02 1.153125000000000000e+02
1.155273437500000000e+02 1.272656250000000000e+02
1.043554687500000000e+02 1.335937500000000000e+02
9.206640625000000000e+01 1.342968750000000000e+02
8.368750000000000000e+01 1.321875000000000000e+02
7.754296875000000000e+01 1.244531250000000000e+02
7.586718750000000000e+01 1.153125000000000000e+02
8.368750000000000000e+01 1.132031250000000000e+02
9.206640625000000000e+01 1.139062500000000000e+02
1.071484375000000000e+02 1.132031250000000000e+02
1.216718750000000000e+02 1.153125000000000000e+02
1.082656250000000000e+02 1.230468750000000000e+02
9.262500000000000000e+01 1.251562500000000000e+02
8.312890625000000000e+01 1.223437500000000000e+02
