5.876953125000000000e+01 5.676562500000000000e+01
5.821875000000000000e+01 7.298437500000000000e+01
5.821875000000000000e+01 8.852734375000000000e+01
6.152343750000000000e+01 1.047460937500000000e+02
6.648046875000000000e+01 1.189375000000000000e+02
7.253906250000000000e+01 1.317773437500000000e+02
8.025000000000000000e+01 1.439414062500000000e+02
8.906250000000000000e+01 1.547539062500000000e+02
1.006289062500000000e+02 1.608359375000000000e+02
1.177031250000000000e+02 1.594843750000000000e+02
1.336757812500000000e+02 1.527265625000000000e+02
1.496484375000000000e+02 1.446171875000000000e+02
1.628671875000000000e+02 1.324531250000000000e+02
1.722304687500000000e+02 1.148828125000000000e+02
1.766367187500000000e+02 9.460937500000000000e+01
1.788398437500000000e+02 7.433593750000000000e+01
1.782890625000000000e+02 5.338671875000000000e+01
5.711718750000000000e+01 4.189843750000000000e+01
6.152343750000000000e+01 3.581640625000000000e+01
6.868359375000000000e+01 3.649218750000000000e+01
7.584375000000000000e+01 3.919531250000000000e+01
8.245312500000000000e+01 4.325000000000000000e+01
1.050351562500000000e+02 3.919531250000000000e+01
1.166015625000000000e+02 3.514062500000000000e+01
1.287187500000000000e+02 3.378906250000000000e+01
1.402851562500000000e+02 3.649218750000000000e+01
1.490976562500000000e+02 4.527734375000000000e+01
9.346875000000000000e+01 5.811718750000000000e+01
9.236718750000000000e+01 6.892968750000000000e+01
9.126562500000000000e+01 7.974218750000000000e+01
8.961328125000000000e+01 8.987890625000000000e+01
8.300390625000000000e+01 9.798828125000000000e+01
8.796093750000000000e+01 1.000156250000000000e+02
9.401953125000000000e+01 1.013671875000000000e+02
1.011796875000000000e+02 9.933984375000000000e+01
1.083398437500000000e+02 9.731250000000000000e+01
6.427734375000000000e+01 6.246875000000000000e+01
6.813281250000000000e+01 5.676562500000000000e+01
7.584375000000000000e+01 5.744140625000000000e+01
8.245312500000000000e+01 6.082031250000000000e+01
7.529296875000000000e+01 6.217187500000000000e+01
6.813281250000000000e+01 6.217187500000000000e+01
1.143984375000000000e+02 6.149609375000000000e+01
1.221093750000000000e+02 5.676562500000000000e+01
1.309218750000000000e+02 5.744140625000000000e+01
1.358789062500000000e+02 6.314453125000000000e+01
1.309218750000000000e+02 6.217187500000000000e+01
1.226601562500000000e+02 6.284765625000000000e+01
7.969921875000000000e+01 1.142070312500000000e+02
8.300390625000000000e+01 1.081250000000000000e+02
8.906250000000000000e+01 1.090976562500000000e+02
9.512109375000000000e+01 1.074492187500000000e+02
1.011796875000000000e+02 1.090976562500000000e+02
1.149492187500000000e+02 1.081250000000000000e+02
1.270664062500000000e+02 1.135312500000000000e+02
1.193554687500000000e+02 1.243437500000000000e+02
1.088906250000000000e+02 1.317773437500000000e+02
9.677343750000000000e+01 1.338046875000000000e+02
8.851171875000000000e+01 1.311015625000000000e+02
8.245312500000000000e+01 1.236679687500000000e+02
8.135156250000000000e+01 1.142070312500000000e+02
8.796093750000000000e+01 1.121796875000000000e+02
9.567187500000000000e+01 1.128554687500000000e+02
1.110937500000000000e+02 1.115039062500000000e+02
1.254140625000000000e+02 1.135312500000000000e+02
1.121953125000000000e+02 1.209648437500000000e+02
9.677343750000000000e+01 1.229921875000000000e+02
8.851171875000000000e+01 1.209648437500000000e+02
