6.717187500000000000e+01 5.232812500000000000e+01
6.393750000000000000e+01 6.709375000000000000e+01
6.178125000000000000e+01 8.256250000000000000e+01
6.124218750000000000e+01 9.803125000000000000e+01
6.285937500000000000e+01 1.127968750000000000e+02
6.501562500000000000e+01 1.275625000000000000e+02
6.986718750000000000e+01 1.409218750000000000e+02
7.579687500000000000e+01 1.528750000000000000e+02
8.550000000000000000e+01 1.606093750000000000e+02
1.016718750000000000e+02 1.634218750000000000e+02
1.178437500000000000e+02 1.620156250000000000e+02
1.334765625000000000e+02 1.577968750000000000e+02
1.485703125000000000e+02 1.507656250000000000e+02
1.609687500000000000e+02 1.388125000000000000e+02
1.690546875000000000e+02 1.212343750000000000e+02
1.755234375000000000e+02 1.029531250000000000e+02
1.803750000000000000e+02 8.256250000000000000e+01
6.771093750000000000e+01 4.318750000000000000e+01
7.256250000000000000e+01 3.967187500000000000e+01
7.849218750000000000e+01 4.178125000000000000e+01
8.388281250000000000e+01 4.600000000000000000e+01
8.927343750000000000e+01 5.092187500000000000e+01
1.108359375000000000e+02 5.443750000000000000e+01
1.221562500000000000e+02 5.232812500000000000e+01
1.340156250000000000e+02 5.303125000000000000e+01
1.442578125000000000e+02 5.725000000000000000e+01
1.523437500000000000e+02 6.709375000000000000e+01
9.682031250000000000e+01 6.146875000000000000e+01
9.358593750000000000e+01 7.060937500000000000e+01
9.035156250000000000e+01 7.975000000000000000e+01
8.765625000000000000e+01 8.889062500000000000e+01
8.064843750000000000e+01 9.451562500000000000e+01
8.442187500000000000e+01 9.732812500000000000e+01
8.927343750000000000e+01 1.008437500000000000e+02
9.628125000000000000e+01 1.001406250000000000e+02
1.032890625000000000e+02 1.001406250000000000e+02
7.094531250000000000e+01 6.025000000000000000e+01
7.471875000000000000e+01 5.514062500000000000e+01
8.118750000000000000e+01 5.654687500000000000e+01
8.711718750000000000e+01 6.076562500000000000e+01
8.064843750000000000e+01 6.006250000000000000e+01
7.471875000000000000e+01 5.865625000000000000e+01
1.173046875000000000e+02 6.920312500000000000e+01
1.259296875000000000e+02 6.779687500000000000e+01
1.340156250000000000e+02 7.060937500000000000e+01
1.394062500000000000e+02 7.712500000000000000e+01
1.334765625000000000e+02 7.412500000000000000e+01
1.253906250000000000e+02 7.201562500000000000e+01
7.417968750000000000e+01 1.120937500000000000e+02
7.741406250000000000e+01 1.064687500000000000e+02
8.388281250000000000e+01 1.080625000000000000e+02
8.927343750000000000e+01 1.071718750000000000e+02
9.520312500000000000e+01 1.101718750000000000e+02
1.065234375000000000e+02 1.135000000000000000e+02
1.167656250000000000e+02 1.212343750000000000e+02
1.081406250000000000e+02 1.303750000000000000e+02
9.789843750000000000e+01 1.345937500000000000e+02
8.603906250000000000e+01 1.338906250000000000e+02
7.957031250000000000e+01 1.296718750000000000e+02
7.525781250000000000e+01 1.219375000000000000e+02
7.579687500000000000e+01 1.127968750000000000e+02
8.226562500000000000e+01 1.113906250000000000e+02
8.927343750000000000e+01 1.135000000000000000e+02
1.027500000000000000e+02 1.163125000000000000e+02
1.151484375000000000e+02 1.212343750000000000e+02
1.022109375000000000e+02 1.247500000000000000e+02
8.819531250000000000e+01 1.226406250000000000e+02
8.118750000000000000e+01 1.191250000000000000e+02
