7.446093750000000000e+01 5.107812500000000000e+01
6.999218750000000000e+01 6.521875000000000000e+01
6.608203125000000000e+01 8.077343750000000000e+01
6.496484375000000000e+01 9.632812500000000000e+01
6.496484375000000000e+01 1.118828125000000000e+02
6.664062500000000000e+01 1.274375000000000000e+02
7.055078125000000000e+01 1.408710937500000000e+02
7.669531250000000000e+01 1.528906250000000000e+02
8.730859375000000000e+01 1.613750000000000000e+02
1.029492187500000000e+02 1.656171875000000000e+02
1.191484375000000000e+02 1.642031250000000000e+02
1.347890625000000000e+02 1.620820312500000000e+02
1.504296875000000000e+02 1.557187500000000000e+02
1.627187500000000000e+02 1.436992187500000000e+02
1.716562500000000000e+02 1.274375000000000000e+02
1.789179687500000000e+02 1.097617187500000000e+02
1.850625000000000000e+02 9.137890625000000000e+01
7.557812500000000000e+01 4.259375000000000000e+01
8.116406250000000000e+01 3.976562500000000000e+01
8.730859375000000000e+01 4.259375000000000000e+01
9.345312500000000000e+01 4.754296875000000000e+01
9.848046875000000000e+01 5.249218750000000000e+01
1.213828125000000000e+02 5.956250000000000000e+01
1.325546875000000000e+02 5.885546875000000000e+01
1.442851562500000000e+02 6.097656250000000000e+01
1.543398437500000000e+02 6.592578125000000000e+01
1.616015625000000000e+02 7.511718750000000000e+01
1.057421875000000000e+02 6.521875000000000000e+01
1.023906250000000000e+02 7.441015625000000000e+01
9.792187500000000000e+01 8.289453125000000000e+01
9.457031250000000000e+01 9.208593750000000000e+01
8.675000000000000000e+01 9.632812500000000000e+01
9.010156250000000000e+01 9.986328125000000000e+01
9.512890625000000000e+01 1.033984375000000000e+02
1.029492187500000000e+02 1.033984375000000000e+02
1.102109375000000000e+02 1.033984375000000000e+02
7.892968750000000000e+01 5.973437500000000000e+01
8.283984375000000000e+01 5.673437500000000000e+01
8.954296875000000000e+01 5.814843750000000000e+01
9.568750000000000000e+01 6.309765625000000000e+01
8.898437500000000000e+01 6.097656250000000000e+01
8.228125000000000000e+01 5.956250000000000000e+01
1.258515625000000000e+02 7.441015625000000000e+01
1.342304687500000000e+02 7.370312500000000000e+01
1.426093750000000000e+02 7.723828125000000000e+01
1.476367187500000000e+02 8.448046875000000000e+01
1.420507812500000000e+02 8.077343750000000000e+01
1.336718750000000000e+02 7.794531250000000000e+01
7.781250000000000000e+01 1.118828125000000000e+02
8.283984375000000000e+01 1.069335937500000000e+02
8.954296875000000000e+01 1.092265625000000000e+02
9.457031250000000000e+01 1.090546875000000000e+02
1.012734375000000000e+02 1.134687500000000000e+02
1.124453125000000000e+02 1.161250000000000000e+02
1.219414062500000000e+02 1.246093750000000000e+02
1.130039062500000000e+02 1.330937500000000000e+02
1.018320312500000000e+02 1.373359375000000000e+02
9.010156250000000000e+01 1.352148437500000000e+02
8.283984375000000000e+01 1.309726562500000000e+02
7.837109375000000000e+01 1.224882812500000000e+02
7.892968750000000000e+01 1.125898437500000000e+02
8.675000000000000000e+01 1.118828125000000000e+02
9.457031250000000000e+01 1.147109375000000000e+02
1.079765625000000000e+02 1.182460937500000000e+02
1.208242187500000000e+02 1.246093750000000000e+02
1.068593750000000000e+02 1.274375000000000000e+02
9.289453125000000000e+01 1.253164062500000000e+02
8.451562500000000000e+01 1.203671875000000000e+02
