7.368359375000000000e+01 4.948437500000000000e+01
6.982812500000000000e+01 6.452343750000000000e+01
6.542187500000000000e+01 7.956250000000000000e+01
6.432031250000000000e+01 9.460156250000000000e+01
6.432031250000000000e+01 1.103242187500000000e+02
6.652343750000000000e+01 1.253632812500000000e+02
7.092968750000000000e+01 1.397187500000000000e+02
7.698828125000000000e+01 1.520234375000000000e+02
8.690234375000000000e+01 1.602265625000000000e+02
1.034257812500000000e+02 1.636445312500000000e+02
1.193984375000000000e+02 1.622773437500000000e+02
1.353710937500000000e+02 1.595429687500000000e+02
1.513437500000000000e+02 1.527070312500000000e+02
1.634609375000000000e+02 1.410859375000000000e+02
1.722734375000000000e+02 1.246796875000000000e+02
1.794335937500000000e+02 1.069062500000000000e+02
1.849414062500000000e+02 8.844921875000000000e+01
7.533593750000000000e+01 4.128125000000000000e+01
8.084375000000000000e+01 3.854687500000000000e+01
8.745312500000000000e+01 4.196484375000000000e+01
9.296093750000000000e+01 4.675000000000000000e+01
9.846875000000000000e+01 5.221875000000000000e+01
1.221523437500000000e+02 5.837109375000000000e+01
1.337187500000000000e+02 5.837109375000000000e+01
1.447343750000000000e+02 5.973828125000000000e+01
1.551992187500000000e+02 6.452343750000000000e+01
1.623593750000000000e+02 7.341015625000000000e+01
1.061796875000000000e+02 6.452343750000000000e+01
1.023242187500000000e+02 7.341015625000000000e+01
9.846875000000000000e+01 8.229687500000000000e+01
9.516406250000000000e+01 9.118359375000000000e+01
8.635156250000000000e+01 9.528515625000000000e+01
9.075781250000000000e+01 9.870312500000000000e+01
9.571484375000000000e+01 1.028046875000000000e+02
1.034257812500000000e+02 1.028046875000000000e+02
1.105859375000000000e+02 1.021210937500000000e+02
7.808984375000000000e+01 5.863671875000000000e+01
8.249609375000000000e+01 5.563671875000000000e+01
8.910546875000000000e+01 5.768750000000000000e+01
9.516406250000000000e+01 6.247265625000000000e+01
8.855468750000000000e+01 6.042187500000000000e+01
8.194531250000000000e+01 5.837109375000000000e+01
1.265585937500000000e+02 7.272656250000000000e+01
1.353710937500000000e+02 7.272656250000000000e+01
1.436328125000000000e+02 7.614453125000000000e+01
1.485898437500000000e+02 8.256250000000000000e+01
1.430820312500000000e+02 7.956250000000000000e+01
1.348203125000000000e+02 7.682812500000000000e+01
7.698828125000000000e+01 1.103242187500000000e+02
8.249609375000000000e+01 1.055390625000000000e+02
8.965625000000000000e+01 1.085390625000000000e+02
9.516406250000000000e+01 1.082734375000000000e+02
1.012226562500000000e+02 1.126406250000000000e+02
1.127890625000000000e+02 1.151093750000000000e+02
1.227031250000000000e+02 1.226289062500000000e+02
1.133398437500000000e+02 1.315156250000000000e+02
1.023242187500000000e+02 1.349335937500000000e+02
9.020703125000000000e+01 1.335664062500000000e+02
8.249609375000000000e+01 1.287812500000000000e+02
7.753906250000000000e+01 1.205781250000000000e+02
7.864062500000000000e+01 1.110078125000000000e+02
8.690234375000000000e+01 1.103242187500000000e+02
9.461328125000000000e+01 1.137421875000000000e+02
1.083828125000000000e+02 1.171601562500000000e+02
1.216015625000000000e+02 1.226289062500000000e+02
1.072812500000000000e+02 1.260468750000000000e+02
9.296093750000000000e+01 1.239960937500000000e+02
8.414843750000000000e+01 1.192109375000000000e+02
