1.600000000000000000e+01 6.200000000000000000e+01
1.900000000000000000e+01 8.500000000000000000e+01
2.100000000000000000e+01 1.060000000000000000e+02
2.600000000000000000e+01 1.230000000000000000e+02
3.400000000000000000e+01 1.390000000000000000e+02
4.700000000000000000e+01 1.520000000000000000e+02
6.000000000000000000e+01 1.590000000000000000e+02
8.000000000000000000e+01 1.640000000000000000e+02
1.090000000000000000e+02 1.700000000000000000e+02
1.340000000000000000e+02 1.640000000000000000e+02
1.550000000000000000e+02 1.590000000000000000e+02
1.700000000000000000e+02 1.540000000000000000e+02
1.830000000000000000e+02 1.410000000000000000e+02
1.910000000000000000e+02 1.290000000000000000e+02
1.960000000000000000e+02 1.130000000000000000e+02
2.010000000000000000e+02 9.500000000000000000e+01
2.060000000000000000e+02 7.200000000000000000e+01
3.900000000000000000e+01 4.900000000000000000e+01
5.000000000000000000e+01 4.700000000000000000e+01
6.200000000000000000e+01 4.400000000000000000e+01
7.500000000000000000e+01 4.400000000000000000e+01
8.800000000000000000e+01 4.400000000000000000e+01
1.260000000000000000e+02 4.700000000000000000e+01
1.370000000000000000e+02 4.400000000000000000e+01
1.520000000000000000e+02 4.400000000000000000e+01
1.670000000000000000e+02 4.700000000000000000e+01
1.800000000000000000e+02 4.900000000000000000e+01
1.060000000000000000e+02 5.900000000000000000e+01
1.060000000000000000e+02 7.000000000000000000e+01
1.060000000000000000e+02 8.200000000000000000e+01
1.060000000000000000e+02 9.300000000000000000e+01
9.300000000000000000e+01 9.800000000000000000e+01
9.800000000000000000e+01 1.000000000000000000e+02
1.090000000000000000e+02 1.030000000000000000e+02
1.160000000000000000e+02 1.000000000000000000e+02
1.240000000000000000e+02 9.800000000000000000e+01
5.700000000000000000e+01 5.900000000000000000e+01
6.500000000000000000e+01 5.900000000000000000e+01
7.500000000000000000e+01 5.700000000000000000e+01
8.300000000000000000e+01 5.900000000000000000e+01
7.500000000000000000e+01 6.200000000000000000e+01
6.500000000000000000e+01 6.200000000000000000e+01
1.320000000000000000e+02 5.900000000000000000e+01
1.420000000000000000e+02 5.700000000000000000e+01
1.520000000000000000e+02 5.900000000000000000e+01
1.600000000000000000e+02 6.200000000000000000e+01
1.520000000000000000e+02 6.200000000000000000e+01
1.390000000000000000e+02 6.200000000000000000e+01
7.800000000000000000e+01 1.230000000000000000e+02
8.800000000000000000e+01 1.180000000000000000e+02
1.010000000000000000e+02 1.180000000000000000e+02
1.090000000000000000e+02 1.180000000000000000e+02
1.160000000000000000e+02 1.180000000000000000e+02
1.290000000000000000e+02 1.210000000000000000e+02
1.390000000000000000e+02 1.230000000000000000e+02
1.290000000000000000e+02 1.310000000000000000e+02
1.190000000000000000e+02 1.340000000000000000e+02
1.090000000000000000e+02 1.340000000000000000e+02
9.800000000000000000e+01 1.340000000000000000e+02
8.800000000000000000e+01 1.290000000000000000e+02
8.000000000000000000e+01 1.210000000000000000e+02
9.800000000000000000e+01 1.230000000000000000e+02
1.090000000000000000e+02 1.230000000000000000e+02
1.160000000000000000e+02 1.230000000000000000e+02
1.370000000000000000e+02 1.230000000000000000e+02
1.160000000000000000e+02 1.230000000000000000e+02
1.090000000000000000e+02 1.230000000000000000e+02
1.010000000000000000e+02 1.230000000000000000e+02
