1.700000000000000000e+01 5.900000000000000000e+01
1.900000000000000000e+01 8.200000000000000000e+01
2.200000000000000000e+01 1.020000000000000000e+02
3.000000000000000000e+01 1.210000000000000000e+02
3.800000000000000000e+01 1.360000000000000000e+02
4.800000000000000000e+01 1.490000000000000000e+02
6.100000000000000000e+01 1.540000000000000000e+02
8.100000000000000000e+01 1.590000000000000000e+02
1.100000000000000000e+02 1.640000000000000000e+02
1.360000000000000000e+02 1.590000000000000000e+02
1.540000000000000000e+02 1.540000000000000000e+02
1.690000000000000000e+02 1.490000000000000000e+02
1.820000000000000000e+02 1.360000000000000000e+02
1.900000000000000000e+02 1.210000000000000000e+02
1.920000000000000000e+02 1.080000000000000000e+02
1.970000000000000000e+02 8.700000000000000000e+01
2.000000000000000000e+02 6.400000000000000000e+01
3.800000000000000000e+01 4.600000000000000000e+01
4.800000000000000000e+01 4.600000000000000000e+01
6.100000000000000000e+01 4.300000000000000000e+01
7.400000000000000000e+01 4.100000000000000000e+01
8.700000000000000000e+01 4.300000000000000000e+01
1.230000000000000000e+02 4.300000000000000000e+01
1.360000000000000000e+02 4.100000000000000000e+01
1.480000000000000000e+02 4.100000000000000000e+01
1.640000000000000000e+02 4.300000000000000000e+01
1.770000000000000000e+02 4.600000000000000000e+01
1.050000000000000000e+02 5.300000000000000000e+01
1.050000000000000000e+02 6.600000000000000000e+01
1.050000000000000000e+02 7.700000000000000000e+01
1.050000000000000000e+02 8.700000000000000000e+01
8.900000000000000000e+01 9.500000000000000000e+01
9.700000000000000000e+01 9.500000000000000000e+01
1.050000000000000000e+02 9.700000000000000000e+01
1.150000000000000000e+02 9.500000000000000000e+01
1.200000000000000000e+02 9.200000000000000000e+01
5.300000000000000000e+01 5.900000000000000000e+01
6.300000000000000000e+01 5.600000000000000000e+01
7.100000000000000000e+01 5.300000000000000000e+01
8.100000000000000000e+01 5.600000000000000000e+01
7.400000000000000000e+01 5.900000000000000000e+01
6.300000000000000000e+01 6.100000000000000000e+01
1.300000000000000000e+02 5.600000000000000000e+01
1.380000000000000000e+02 5.300000000000000000e+01
1.480000000000000000e+02 5.600000000000000000e+01
1.590000000000000000e+02 5.600000000000000000e+01
1.480000000000000000e+02 5.900000000000000000e+01
1.380000000000000000e+02 5.900000000000000000e+01
7.600000000000000000e+01 1.210000000000000000e+02
8.700000000000000000e+01 1.150000000000000000e+02
9.900000000000000000e+01 1.130000000000000000e+02
1.070000000000000000e+02 1.130000000000000000e+02
1.150000000000000000e+02 1.130000000000000000e+02
1.280000000000000000e+02 1.150000000000000000e+02
1.380000000000000000e+02 1.180000000000000000e+02
1.280000000000000000e+02 1.230000000000000000e+02
1.170000000000000000e+02 1.260000000000000000e+02
1.070000000000000000e+02 1.260000000000000000e+02
9.700000000000000000e+01 1.260000000000000000e+02
8.900000000000000000e+01 1.230000000000000000e+02
7.900000000000000000e+01 1.180000000000000000e+02
9.700000000000000000e+01 1.180000000000000000e+02
1.070000000000000000e+02 1.180000000000000000e+02
1.170000000000000000e+02 1.180000000000000000e+02
1.360000000000000000e+02 1.180000000000000000e+02
1.150000000000000000e+02 1.150000000000000000e+02
1.070000000000000000e+02 1.180000000000000000e+02
9.900000000000000000e+01 1.180000000000000000e+02
