2.200000000000000000e+01 6.500000000000000000e+01
2.400000000000000000e+01 8.700000000000000000e+01
3.200000000000000000e+01 1.070000000000000000e+02
3.700000000000000000e+01 1.220000000000000000e+02
4.400000000000000000e+01 1.400000000000000000e+02
5.700000000000000000e+01 1.500000000000000000e+02
6.900000000000000000e+01 1.550000000000000000e+02
8.700000000000000000e+01 1.570000000000000000e+02
1.120000000000000000e+02 1.600000000000000000e+02
1.340000000000000000e+02 1.550000000000000000e+02
1.540000000000000000e+02 1.500000000000000000e+02
1.690000000000000000e+02 1.450000000000000000e+02
1.820000000000000000e+02 1.350000000000000000e+02
1.890000000000000000e+02 1.200000000000000000e+02
1.940000000000000000e+02 1.050000000000000000e+02
1.970000000000000000e+02 8.700000000000000000e+01
1.990000000000000000e+02 6.500000000000000000e+01
3.900000000000000000e+01 4.700000000000000000e+01
4.900000000000000000e+01 4.500000000000000000e+01
6.200000000000000000e+01 4.200000000000000000e+01
7.400000000000000000e+01 4.000000000000000000e+01
8.400000000000000000e+01 4.200000000000000000e+01
1.240000000000000000e+02 4.200000000000000000e+01
1.340000000000000000e+02 4.000000000000000000e+01
1.470000000000000000e+02 4.000000000000000000e+01
1.620000000000000000e+02 4.200000000000000000e+01
1.740000000000000000e+02 4.500000000000000000e+01
1.040000000000000000e+02 5.500000000000000000e+01
1.040000000000000000e+02 6.500000000000000000e+01
1.020000000000000000e+02 7.700000000000000000e+01
1.020000000000000000e+02 8.700000000000000000e+01
9.200000000000000000e+01 9.200000000000000000e+01
9.700000000000000000e+01 9.500000000000000000e+01
1.040000000000000000e+02 9.500000000000000000e+01
1.140000000000000000e+02 9.500000000000000000e+01
1.190000000000000000e+02 9.200000000000000000e+01
5.700000000000000000e+01 5.700000000000000000e+01
6.400000000000000000e+01 5.700000000000000000e+01
7.400000000000000000e+01 5.500000000000000000e+01
8.200000000000000000e+01 5.700000000000000000e+01
7.400000000000000000e+01 6.000000000000000000e+01
6.400000000000000000e+01 6.000000000000000000e+01
1.290000000000000000e+02 5.500000000000000000e+01
1.370000000000000000e+02 5.200000000000000000e+01
1.470000000000000000e+02 5.500000000000000000e+01
1.570000000000000000e+02 5.700000000000000000e+01
1.470000000000000000e+02 6.000000000000000000e+01
1.370000000000000000e+02 5.700000000000000000e+01
7.900000000000000000e+01 1.170000000000000000e+02
8.700000000000000000e+01 1.120000000000000000e+02
9.900000000000000000e+01 1.100000000000000000e+02
1.070000000000000000e+02 1.100000000000000000e+02
1.120000000000000000e+02 1.070000000000000000e+02
1.270000000000000000e+02 1.120000000000000000e+02
1.370000000000000000e+02 1.170000000000000000e+02
1.270000000000000000e+02 1.200000000000000000e+02
1.170000000000000000e+02 1.250000000000000000e+02
1.070000000000000000e+02 1.250000000000000000e+02
9.700000000000000000e+01 1.250000000000000000e+02
8.900000000000000000e+01 1.220000000000000000e+02
8.200000000000000000e+01 1.170000000000000000e+02
9.700000000000000000e+01 1.150000000000000000e+02
1.070000000000000000e+02 1.150000000000000000e+02
1.140000000000000000e+02 1.150000000000000000e+02
1.340000000000000000e+02 1.170000000000000000e+02
1.140000000000000000e+02 1.150000000000000000e+02
1.070000000000000000e+02 1.150000000000000000e+02
9.900000000000000000e+01 1.150000000000000000e+02
