1.300000000000000000e+01 6.200000000000000000e+01
1.500000000000000000e+01 8.800000000000000000e+01
2.000000000000000000e+01 1.060000000000000000e+02
2.500000000000000000e+01 1.210000000000000000e+02
3.300000000000000000e+01 1.390000000000000000e+02
4.600000000000000000e+01 1.520000000000000000e+02
6.100000000000000000e+01 1.570000000000000000e+02
8.200000000000000000e+01 1.620000000000000000e+02
1.070000000000000000e+02 1.670000000000000000e+02
1.360000000000000000e+02 1.620000000000000000e+02
1.530000000000000000e+02 1.570000000000000000e+02
1.690000000000000000e+02 1.500000000000000000e+02
1.820000000000000000e+02 1.390000000000000000e+02
1.890000000000000000e+02 1.240000000000000000e+02
1.940000000000000000e+02 1.090000000000000000e+02
2.000000000000000000e+02 9.100000000000000000e+01
2.020000000000000000e+02 6.800000000000000000e+01
3.600000000000000000e+01 5.000000000000000000e+01
4.800000000000000000e+01 4.700000000000000000e+01
6.100000000000000000e+01 4.400000000000000000e+01
7.400000000000000000e+01 4.400000000000000000e+01
8.400000000000000000e+01 4.400000000000000000e+01
1.250000000000000000e+02 4.400000000000000000e+01
1.380000000000000000e+02 4.400000000000000000e+01
1.510000000000000000e+02 4.400000000000000000e+01
1.660000000000000000e+02 4.700000000000000000e+01
1.790000000000000000e+02 5.000000000000000000e+01
1.050000000000000000e+02 6.000000000000000000e+01
1.050000000000000000e+02 7.000000000000000000e+01
1.050000000000000000e+02 8.300000000000000000e+01
1.050000000000000000e+02 9.300000000000000000e+01
9.200000000000000000e+01 9.800000000000000000e+01
1.000000000000000000e+02 1.010000000000000000e+02
1.070000000000000000e+02 1.030000000000000000e+02
1.150000000000000000e+02 1.010000000000000000e+02
1.230000000000000000e+02 9.800000000000000000e+01
5.400000000000000000e+01 6.200000000000000000e+01
6.400000000000000000e+01 6.000000000000000000e+01
7.100000000000000000e+01 5.700000000000000000e+01
8.200000000000000000e+01 6.000000000000000000e+01
7.400000000000000000e+01 6.200000000000000000e+01
6.400000000000000000e+01 6.200000000000000000e+01
1.330000000000000000e+02 6.000000000000000000e+01
1.410000000000000000e+02 5.700000000000000000e+01
1.510000000000000000e+02 6.000000000000000000e+01
1.590000000000000000e+02 6.000000000000000000e+01
1.510000000000000000e+02 6.200000000000000000e+01
1.410000000000000000e+02 6.200000000000000000e+01
7.700000000000000000e+01 1.240000000000000000e+02
8.700000000000000000e+01 1.190000000000000000e+02
1.000000000000000000e+02 1.160000000000000000e+02
1.070000000000000000e+02 1.160000000000000000e+02
1.150000000000000000e+02 1.160000000000000000e+02
1.300000000000000000e+02 1.160000000000000000e+02
1.410000000000000000e+02 1.190000000000000000e+02
1.300000000000000000e+02 1.290000000000000000e+02
1.200000000000000000e+02 1.340000000000000000e+02
1.100000000000000000e+02 1.340000000000000000e+02
9.700000000000000000e+01 1.340000000000000000e+02
8.700000000000000000e+01 1.290000000000000000e+02
7.900000000000000000e+01 1.210000000000000000e+02
1.000000000000000000e+02 1.240000000000000000e+02
1.070000000000000000e+02 1.240000000000000000e+02
1.180000000000000000e+02 1.210000000000000000e+02
1.380000000000000000e+02 1.190000000000000000e+02
1.180000000000000000e+02 1.240000000000000000e+02
1.070000000000000000e+02 1.240000000000000000e+02
1.000000000000000000e+02 1.240000000000000000e+02
