2.100000000000000000e+01 5.300000000000000000e+01
2.400000000000000000e+01 7.500000000000000000e+01
3.200000000000000000e+01 9.600000000000000000e+01
3.700000000000000000e+01 1.130000000000000000e+02
4.400000000000000000e+01 1.310000000000000000e+02
5.700000000000000000e+01 1.430000000000000000e+02
6.900000000000000000e+01 1.530000000000000000e+02
8.700000000000000000e+01 1.580000000000000000e+02
1.120000000000000000e+02 1.640000000000000000e+02
1.370000000000000000e+02 1.580000000000000000e+02
1.570000000000000000e+02 1.510000000000000000e+02
1.730000000000000000e+02 1.410000000000000000e+02
1.850000000000000000e+02 1.280000000000000000e+02
1.930000000000000000e+02 1.110000000000000000e+02
1.980000000000000000e+02 9.300000000000000000e+01
2.030000000000000000e+02 7.500000000000000000e+01
2.050000000000000000e+02 5.300000000000000000e+01
3.900000000000000000e+01 4.300000000000000000e+01
5.200000000000000000e+01 4.000000000000000000e+01
6.400000000000000000e+01 3.800000000000000000e+01
7.400000000000000000e+01 3.800000000000000000e+01
8.700000000000000000e+01 3.800000000000000000e+01
1.270000000000000000e+02 4.000000000000000000e+01
1.370000000000000000e+02 3.800000000000000000e+01
1.500000000000000000e+02 3.800000000000000000e+01
1.650000000000000000e+02 3.800000000000000000e+01
1.780000000000000000e+02 4.000000000000000000e+01
1.070000000000000000e+02 5.000000000000000000e+01
1.050000000000000000e+02 6.300000000000000000e+01
1.050000000000000000e+02 7.500000000000000000e+01
1.050000000000000000e+02 8.500000000000000000e+01
9.200000000000000000e+01 9.000000000000000000e+01
9.700000000000000000e+01 9.300000000000000000e+01
1.070000000000000000e+02 9.600000000000000000e+01
1.150000000000000000e+02 9.300000000000000000e+01
1.220000000000000000e+02 9.000000000000000000e+01
5.700000000000000000e+01 5.500000000000000000e+01
6.700000000000000000e+01 5.300000000000000000e+01
7.400000000000000000e+01 5.000000000000000000e+01
8.400000000000000000e+01 5.300000000000000000e+01
7.700000000000000000e+01 5.500000000000000000e+01
6.700000000000000000e+01 5.800000000000000000e+01
1.320000000000000000e+02 5.300000000000000000e+01
1.400000000000000000e+02 5.000000000000000000e+01
1.500000000000000000e+02 5.300000000000000000e+01
1.600000000000000000e+02 5.300000000000000000e+01
1.500000000000000000e+02 5.500000000000000000e+01
1.400000000000000000e+02 5.500000000000000000e+01
8.200000000000000000e+01 1.160000000000000000e+02
8.900000000000000000e+01 1.110000000000000000e+02
1.000000000000000000e+02 1.080000000000000000e+02
1.070000000000000000e+02 1.080000000000000000e+02
1.120000000000000000e+02 1.080000000000000000e+02
1.250000000000000000e+02 1.130000000000000000e+02
1.320000000000000000e+02 1.180000000000000000e+02
1.250000000000000000e+02 1.230000000000000000e+02
1.170000000000000000e+02 1.280000000000000000e+02
1.100000000000000000e+02 1.310000000000000000e+02
9.700000000000000000e+01 1.310000000000000000e+02
8.900000000000000000e+01 1.260000000000000000e+02
8.200000000000000000e+01 1.160000000000000000e+02
1.000000000000000000e+02 1.160000000000000000e+02
1.070000000000000000e+02 1.160000000000000000e+02
1.150000000000000000e+02 1.160000000000000000e+02
1.320000000000000000e+02 1.180000000000000000e+02
1.150000000000000000e+02 1.180000000000000000e+02
1.070000000000000000e+02 1.180000000000000000e+02
1.000000000000000000e+02 1.180000000000000000e+02
