2.400000000000000000e+01 5.600000000000000000e+01
2.600000000000000000e+01 7.900000000000000000e+01
3.400000000000000000e+01 9.900000000000000000e+01
3.900000000000000000e+01 1.160000000000000000e+02
4.600000000000000000e+01 1.340000000000000000e+02
5.600000000000000000e+01 1.460000000000000000e+02
6.900000000000000000e+01 1.510000000000000000e+02
8.600000000000000000e+01 1.560000000000000000e+02
1.110000000000000000e+02 1.610000000000000000e+02
1.340000000000000000e+02 1.560000000000000000e+02
1.540000000000000000e+02 1.510000000000000000e+02
1.690000000000000000e+02 1.440000000000000000e+02
1.820000000000000000e+02 1.310000000000000000e+02
1.890000000000000000e+02 1.140000000000000000e+02
1.940000000000000000e+02 9.600000000000000000e+01
1.990000000000000000e+02 7.900000000000000000e+01
2.020000000000000000e+02 5.600000000000000000e+01
3.900000000000000000e+01 4.300000000000000000e+01
4.900000000000000000e+01 4.100000000000000000e+01
6.100000000000000000e+01 3.800000000000000000e+01
7.400000000000000000e+01 3.800000000000000000e+01
8.400000000000000000e+01 3.800000000000000000e+01
1.240000000000000000e+02 3.800000000000000000e+01
1.340000000000000000e+02 3.800000000000000000e+01
1.490000000000000000e+02 3.800000000000000000e+01
1.640000000000000000e+02 3.800000000000000000e+01
1.770000000000000000e+02 4.100000000000000000e+01
1.040000000000000000e+02 5.300000000000000000e+01
1.040000000000000000e+02 6.300000000000000000e+01
1.040000000000000000e+02 7.600000000000000000e+01
1.040000000000000000e+02 8.600000000000000000e+01
9.100000000000000000e+01 9.100000000000000000e+01
9.600000000000000000e+01 9.400000000000000000e+01
1.060000000000000000e+02 9.600000000000000000e+01
1.140000000000000000e+02 9.400000000000000000e+01
1.220000000000000000e+02 9.100000000000000000e+01
5.600000000000000000e+01 5.600000000000000000e+01
6.400000000000000000e+01 5.300000000000000000e+01
7.400000000000000000e+01 5.100000000000000000e+01
8.100000000000000000e+01 5.300000000000000000e+01
7.400000000000000000e+01 5.800000000000000000e+01
6.400000000000000000e+01 5.800000000000000000e+01
1.290000000000000000e+02 5.300000000000000000e+01
1.390000000000000000e+02 5.300000000000000000e+01
1.490000000000000000e+02 5.300000000000000000e+01
1.570000000000000000e+02 5.600000000000000000e+01
1.490000000000000000e+02 5.800000000000000000e+01
1.390000000000000000e+02 5.800000000000000000e+01
7.900000000000000000e+01 1.160000000000000000e+02
8.600000000000000000e+01 1.110000000000000000e+02
9.900000000000000000e+01 1.090000000000000000e+02
1.060000000000000000e+02 1.090000000000000000e+02
1.140000000000000000e+02 1.090000000000000000e+02
1.270000000000000000e+02 1.110000000000000000e+02
1.370000000000000000e+02 1.160000000000000000e+02
1.270000000000000000e+02 1.210000000000000000e+02
1.160000000000000000e+02 1.260000000000000000e+02
1.060000000000000000e+02 1.260000000000000000e+02
9.900000000000000000e+01 1.260000000000000000e+02
8.900000000000000000e+01 1.210000000000000000e+02
8.100000000000000000e+01 1.160000000000000000e+02
9.900000000000000000e+01 1.140000000000000000e+02
1.060000000000000000e+02 1.160000000000000000e+02
1.160000000000000000e+02 1.140000000000000000e+02
1.340000000000000000e+02 1.160000000000000000e+02
1.140000000000000000e+02 1.160000000000000000e+02
1.060000000000000000e+02 1.160000000000000000e+02
9.900000000000000000e+01 1.160000000000000000e+02
