2.500000000000000000e+01 5.500000000000000000e+01
2.800000000000000000e+01 7.700000000000000000e+01
3.200000000000000000e+01 9.700000000000000000e+01
3.700000000000000000e+01 1.150000000000000000e+02
4.500000000000000000e+01 1.320000000000000000e+02
5.500000000000000000e+01 1.450000000000000000e+02
7.000000000000000000e+01 1.520000000000000000e+02
8.500000000000000000e+01 1.570000000000000000e+02
1.100000000000000000e+02 1.620000000000000000e+02
1.320000000000000000e+02 1.570000000000000000e+02
1.520000000000000000e+02 1.500000000000000000e+02
1.670000000000000000e+02 1.420000000000000000e+02
1.800000000000000000e+02 1.300000000000000000e+02
1.870000000000000000e+02 1.150000000000000000e+02
1.900000000000000000e+02 1.000000000000000000e+02
1.950000000000000000e+02 8.000000000000000000e+01
1.970000000000000000e+02 5.700000000000000000e+01
4.200000000000000000e+01 4.500000000000000000e+01
5.200000000000000000e+01 4.200000000000000000e+01
6.500000000000000000e+01 4.000000000000000000e+01
7.500000000000000000e+01 4.000000000000000000e+01
8.500000000000000000e+01 4.200000000000000000e+01
1.220000000000000000e+02 4.200000000000000000e+01
1.350000000000000000e+02 4.000000000000000000e+01
1.470000000000000000e+02 4.000000000000000000e+01
1.620000000000000000e+02 4.200000000000000000e+01
1.750000000000000000e+02 4.500000000000000000e+01
1.050000000000000000e+02 5.500000000000000000e+01
1.050000000000000000e+02 6.500000000000000000e+01
1.050000000000000000e+02 7.700000000000000000e+01
1.050000000000000000e+02 8.700000000000000000e+01
9.000000000000000000e+01 9.200000000000000000e+01
9.700000000000000000e+01 9.200000000000000000e+01
1.050000000000000000e+02 9.500000000000000000e+01
1.150000000000000000e+02 9.200000000000000000e+01
1.200000000000000000e+02 9.200000000000000000e+01
5.700000000000000000e+01 5.700000000000000000e+01
6.500000000000000000e+01 5.500000000000000000e+01
7.500000000000000000e+01 5.200000000000000000e+01
8.200000000000000000e+01 5.500000000000000000e+01
7.500000000000000000e+01 5.700000000000000000e+01
6.500000000000000000e+01 5.700000000000000000e+01
1.270000000000000000e+02 5.500000000000000000e+01
1.370000000000000000e+02 5.200000000000000000e+01
1.470000000000000000e+02 5.500000000000000000e+01
1.550000000000000000e+02 5.500000000000000000e+01
1.470000000000000000e+02 5.700000000000000000e+01
1.370000000000000000e+02 5.700000000000000000e+01
7.700000000000000000e+01 1.170000000000000000e+02
8.500000000000000000e+01 1.100000000000000000e+02
9.700000000000000000e+01 1.070000000000000000e+02
1.050000000000000000e+02 1.070000000000000000e+02
1.120000000000000000e+02 1.070000000000000000e+02
1.250000000000000000e+02 1.100000000000000000e+02
1.370000000000000000e+02 1.170000000000000000e+02
1.250000000000000000e+02 1.250000000000000000e+02
1.170000000000000000e+02 1.300000000000000000e+02
1.070000000000000000e+02 1.300000000000000000e+02
9.700000000000000000e+01 1.300000000000000000e+02
8.700000000000000000e+01 1.250000000000000000e+02
8.000000000000000000e+01 1.170000000000000000e+02
9.700000000000000000e+01 1.150000000000000000e+02
1.050000000000000000e+02 1.150000000000000000e+02
1.150000000000000000e+02 1.150000000000000000e+02
1.350000000000000000e+02 1.170000000000000000e+02
1.150000000000000000e+02 1.200000000000000000e+02
1.070000000000000000e+02 1.200000000000000000e+02
9.700000000000000000e+01 1.200000000000000000e+02
