2.000000000000000000e+01 6.300000000000000000e+01
2.200000000000000000e+01 8.900000000000000000e+01
2.500000000000000000e+01 1.070000000000000000e+02
3.000000000000000000e+01 1.220000000000000000e+02
3.800000000000000000e+01 1.400000000000000000e+02
4.800000000000000000e+01 1.510000000000000000e+02
6.100000000000000000e+01 1.580000000000000000e+02
8.100000000000000000e+01 1.640000000000000000e+02
1.070000000000000000e+02 1.660000000000000000e+02
1.330000000000000000e+02 1.610000000000000000e+02
1.530000000000000000e+02 1.560000000000000000e+02
1.690000000000000000e+02 1.510000000000000000e+02
1.810000000000000000e+02 1.400000000000000000e+02
1.890000000000000000e+02 1.280000000000000000e+02
1.940000000000000000e+02 1.120000000000000000e+02
1.990000000000000000e+02 9.400000000000000000e+01
2.020000000000000000e+02 7.100000000000000000e+01
3.800000000000000000e+01 5.100000000000000000e+01
4.800000000000000000e+01 4.800000000000000000e+01
6.100000000000000000e+01 4.500000000000000000e+01
7.400000000000000000e+01 4.300000000000000000e+01
8.400000000000000000e+01 4.500000000000000000e+01
1.250000000000000000e+02 4.500000000000000000e+01
1.350000000000000000e+02 4.500000000000000000e+01
1.480000000000000000e+02 4.500000000000000000e+01
1.630000000000000000e+02 4.800000000000000000e+01
1.760000000000000000e+02 5.100000000000000000e+01
1.040000000000000000e+02 5.800000000000000000e+01
1.040000000000000000e+02 6.900000000000000000e+01
1.020000000000000000e+02 8.100000000000000000e+01
1.020000000000000000e+02 9.200000000000000000e+01
8.900000000000000000e+01 9.700000000000000000e+01
9.700000000000000000e+01 9.900000000000000000e+01
1.040000000000000000e+02 9.900000000000000000e+01
1.150000000000000000e+02 9.900000000000000000e+01
1.200000000000000000e+02 9.700000000000000000e+01
5.300000000000000000e+01 6.100000000000000000e+01
6.300000000000000000e+01 6.100000000000000000e+01
7.100000000000000000e+01 5.800000000000000000e+01
8.100000000000000000e+01 6.100000000000000000e+01
7.400000000000000000e+01 6.300000000000000000e+01
6.300000000000000000e+01 6.300000000000000000e+01
1.300000000000000000e+02 5.800000000000000000e+01
1.380000000000000000e+02 5.600000000000000000e+01
1.480000000000000000e+02 5.800000000000000000e+01
1.580000000000000000e+02 6.100000000000000000e+01
1.480000000000000000e+02 6.300000000000000000e+01
1.380000000000000000e+02 6.300000000000000000e+01
7.600000000000000000e+01 1.200000000000000000e+02
8.600000000000000000e+01 1.170000000000000000e+02
9.900000000000000000e+01 1.120000000000000000e+02
1.040000000000000000e+02 1.150000000000000000e+02
1.120000000000000000e+02 1.120000000000000000e+02
1.270000000000000000e+02 1.150000000000000000e+02
1.380000000000000000e+02 1.200000000000000000e+02
1.250000000000000000e+02 1.250000000000000000e+02
1.170000000000000000e+02 1.280000000000000000e+02
1.070000000000000000e+02 1.300000000000000000e+02
9.700000000000000000e+01 1.300000000000000000e+02
8.600000000000000000e+01 1.250000000000000000e+02
7.900000000000000000e+01 1.200000000000000000e+02
9.700000000000000000e+01 1.200000000000000000e+02
1.070000000000000000e+02 1.200000000000000000e+02
1.150000000000000000e+02 1.200000000000000000e+02
1.350000000000000000e+02 1.200000000000000000e+02
1.150000000000000000e+02 1.200000000000000000e+02
1.070000000000000000e+02 1.200000000000000000e+02
9.700000000000000000e+01 1.200000000000000000e+02
