1.500000000000000000e+01 6.100000000000000000e+01
2.000000000000000000e+01 8.400000000000000000e+01
2.500000000000000000e+01 1.040000000000000000e+02
3.000000000000000000e+01 1.190000000000000000e+02
4.000000000000000000e+01 1.370000000000000000e+02
5.300000000000000000e+01 1.490000000000000000e+02
6.600000000000000000e+01 1.570000000000000000e+02
8.600000000000000000e+01 1.620000000000000000e+02
1.110000000000000000e+02 1.670000000000000000e+02
1.390000000000000000e+02 1.620000000000000000e+02
1.590000000000000000e+02 1.540000000000000000e+02
1.740000000000000000e+02 1.470000000000000000e+02
1.870000000000000000e+02 1.370000000000000000e+02
1.950000000000000000e+02 1.220000000000000000e+02
2.000000000000000000e+02 1.060000000000000000e+02
2.050000000000000000e+02 8.600000000000000000e+01
2.070000000000000000e+02 6.300000000000000000e+01
3.800000000000000000e+01 4.800000000000000000e+01
5.000000000000000000e+01 4.600000000000000000e+01
6.300000000000000000e+01 4.300000000000000000e+01
7.600000000000000000e+01 4.300000000000000000e+01
8.600000000000000000e+01 4.300000000000000000e+01
1.260000000000000000e+02 4.300000000000000000e+01
1.360000000000000000e+02 4.300000000000000000e+01
1.490000000000000000e+02 4.300000000000000000e+01
1.670000000000000000e+02 4.600000000000000000e+01
1.790000000000000000e+02 4.800000000000000000e+01
1.060000000000000000e+02 5.600000000000000000e+01
1.060000000000000000e+02 6.800000000000000000e+01
1.060000000000000000e+02 8.100000000000000000e+01
1.060000000000000000e+02 9.100000000000000000e+01
9.300000000000000000e+01 9.600000000000000000e+01
9.800000000000000000e+01 9.900000000000000000e+01
1.090000000000000000e+02 1.010000000000000000e+02
1.160000000000000000e+02 9.900000000000000000e+01
1.240000000000000000e+02 9.600000000000000000e+01
5.600000000000000000e+01 6.100000000000000000e+01
6.600000000000000000e+01 5.800000000000000000e+01
7.300000000000000000e+01 5.600000000000000000e+01
8.300000000000000000e+01 5.800000000000000000e+01
7.600000000000000000e+01 6.100000000000000000e+01
6.600000000000000000e+01 6.100000000000000000e+01
1.310000000000000000e+02 5.600000000000000000e+01
1.390000000000000000e+02 5.300000000000000000e+01
1.520000000000000000e+02 5.600000000000000000e+01
1.590000000000000000e+02 5.800000000000000000e+01
1.520000000000000000e+02 6.100000000000000000e+01
1.390000000000000000e+02 6.100000000000000000e+01
8.100000000000000000e+01 1.220000000000000000e+02
8.800000000000000000e+01 1.170000000000000000e+02
1.010000000000000000e+02 1.140000000000000000e+02
1.090000000000000000e+02 1.140000000000000000e+02
1.160000000000000000e+02 1.140000000000000000e+02
1.290000000000000000e+02 1.170000000000000000e+02
1.390000000000000000e+02 1.220000000000000000e+02
1.290000000000000000e+02 1.290000000000000000e+02
1.190000000000000000e+02 1.340000000000000000e+02
1.110000000000000000e+02 1.340000000000000000e+02
1.010000000000000000e+02 1.340000000000000000e+02
9.100000000000000000e+01 1.290000000000000000e+02
8.300000000000000000e+01 1.220000000000000000e+02
1.010000000000000000e+02 1.220000000000000000e+02
1.090000000000000000e+02 1.220000000000000000e+02
1.160000000000000000e+02 1.190000000000000000e+02
1.360000000000000000e+02 1.220000000000000000e+02
1.160000000000000000e+02 1.220000000000000000e+02
1.090000000000000000e+02 1.220000000000000000e+02
1.010000000000000000e+02 1.220000000000000000e+02
