2.500000000000000000e+01 5.600000000000000000e+01
2.700000000000000000e+01 7.800000000000000000e+01
3.200000000000000000e+01 9.800000000000000000e+01
3.700000000000000000e+01 1.150000000000000000e+02
4.500000000000000000e+01 1.330000000000000000e+02
5.700000000000000000e+01 1.450000000000000000e+02
7.000000000000000000e+01 1.530000000000000000e+02
8.700000000000000000e+01 1.580000000000000000e+02
1.120000000000000000e+02 1.630000000000000000e+02
1.370000000000000000e+02 1.580000000000000000e+02
1.540000000000000000e+02 1.500000000000000000e+02
1.690000000000000000e+02 1.450000000000000000e+02
1.820000000000000000e+02 1.300000000000000000e+02
1.890000000000000000e+02 1.150000000000000000e+02
1.940000000000000000e+02 1.000000000000000000e+02
1.990000000000000000e+02 8.000000000000000000e+01
2.010000000000000000e+02 5.800000000000000000e+01
4.200000000000000000e+01 4.300000000000000000e+01
5.200000000000000000e+01 4.300000000000000000e+01
6.500000000000000000e+01 4.100000000000000000e+01
7.700000000000000000e+01 4.100000000000000000e+01
8.700000000000000000e+01 4.100000000000000000e+01
1.270000000000000000e+02 4.100000000000000000e+01
1.370000000000000000e+02 4.100000000000000000e+01
1.490000000000000000e+02 4.100000000000000000e+01
1.640000000000000000e+02 4.100000000000000000e+01
1.770000000000000000e+02 4.300000000000000000e+01
1.070000000000000000e+02 5.300000000000000000e+01
1.070000000000000000e+02 6.600000000000000000e+01
1.040000000000000000e+02 7.500000000000000000e+01
1.040000000000000000e+02 8.500000000000000000e+01
9.500000000000000000e+01 9.300000000000000000e+01
1.000000000000000000e+02 9.300000000000000000e+01
1.070000000000000000e+02 9.500000000000000000e+01
1.170000000000000000e+02 9.300000000000000000e+01
1.220000000000000000e+02 9.300000000000000000e+01
5.700000000000000000e+01 5.800000000000000000e+01
6.700000000000000000e+01 5.600000000000000000e+01
7.500000000000000000e+01 5.300000000000000000e+01
8.500000000000000000e+01 5.600000000000000000e+01
7.700000000000000000e+01 5.800000000000000000e+01
6.700000000000000000e+01 5.800000000000000000e+01
1.320000000000000000e+02 5.600000000000000000e+01
1.390000000000000000e+02 5.300000000000000000e+01
1.490000000000000000e+02 5.600000000000000000e+01
1.590000000000000000e+02 5.600000000000000000e+01
1.490000000000000000e+02 5.800000000000000000e+01
1.390000000000000000e+02 5.800000000000000000e+01
8.000000000000000000e+01 1.150000000000000000e+02
8.700000000000000000e+01 1.130000000000000000e+02
1.020000000000000000e+02 1.080000000000000000e+02
1.090000000000000000e+02 1.100000000000000000e+02
1.140000000000000000e+02 1.080000000000000000e+02
1.290000000000000000e+02 1.130000000000000000e+02
1.390000000000000000e+02 1.180000000000000000e+02
1.290000000000000000e+02 1.250000000000000000e+02
1.190000000000000000e+02 1.280000000000000000e+02
1.090000000000000000e+02 1.300000000000000000e+02
1.000000000000000000e+02 1.280000000000000000e+02
9.000000000000000000e+01 1.250000000000000000e+02
8.200000000000000000e+01 1.150000000000000000e+02
1.000000000000000000e+02 1.150000000000000000e+02
1.090000000000000000e+02 1.150000000000000000e+02
1.190000000000000000e+02 1.150000000000000000e+02
1.370000000000000000e+02 1.180000000000000000e+02
1.170000000000000000e+02 1.180000000000000000e+02
1.090000000000000000e+02 1.180000000000000000e+02
1.000000000000000000e+02 1.180000000000000000e+02
