4.100000000000000000e+01 5.900000000000000000e+01
4.600000000000000000e+01 7.800000000000000000e+01
5.000000000000000000e+01 9.700000000000000000e+01
5.500000000000000000e+01 1.110000000000000000e+02
6.000000000000000000e+01 1.300000000000000000e+02
7.000000000000000000e+01 1.440000000000000000e+02
7.900000000000000000e+01 1.540000000000000000e+02
9.300000000000000000e+01 1.610000000000000000e+02
1.150000000000000000e+02 1.660000000000000000e+02
1.360000000000000000e+02 1.580000000000000000e+02
1.530000000000000000e+02 1.490000000000000000e+02
1.650000000000000000e+02 1.370000000000000000e+02
1.740000000000000000e+02 1.230000000000000000e+02
1.790000000000000000e+02 1.060000000000000000e+02
1.840000000000000000e+02 8.900000000000000000e+01
1.860000000000000000e+02 7.000000000000000000e+01
1.860000000000000000e+02 5.100000000000000000e+01
5.000000000000000000e+01 4.400000000000000000e+01
5.800000000000000000e+01 4.000000000000000000e+01
6.700000000000000000e+01 3.700000000000000000e+01
7.700000000000000000e+01 3.700000000000000000e+01
8.600000000000000000e+01 4.000000000000000000e+01
1.220000000000000000e+02 3.700000000000000000e+01
1.310000000000000000e+02 3.500000000000000000e+01
1.430000000000000000e+02 3.500000000000000000e+01
1.550000000000000000e+02 3.500000000000000000e+01
1.650000000000000000e+02 4.000000000000000000e+01
1.050000000000000000e+02 5.600000000000000000e+01
1.050000000000000000e+02 7.000000000000000000e+01
1.050000000000000000e+02 8.000000000000000000e+01
1.050000000000000000e+02 8.900000000000000000e+01
9.800000000000000000e+01 9.900000000000000000e+01
1.030000000000000000e+02 9.900000000000000000e+01
1.100000000000000000e+02 9.900000000000000000e+01
1.170000000000000000e+02 9.900000000000000000e+01
1.220000000000000000e+02 9.700000000000000000e+01
6.500000000000000000e+01 6.100000000000000000e+01
7.200000000000000000e+01 5.900000000000000000e+01
7.900000000000000000e+01 5.600000000000000000e+01
8.900000000000000000e+01 5.900000000000000000e+01
8.100000000000000000e+01 6.100000000000000000e+01
7.200000000000000000e+01 6.300000000000000000e+01
1.270000000000000000e+02 5.600000000000000000e+01
1.340000000000000000e+02 5.400000000000000000e+01
1.430000000000000000e+02 5.400000000000000000e+01
1.500000000000000000e+02 5.400000000000000000e+01
1.430000000000000000e+02 5.900000000000000000e+01
1.340000000000000000e+02 5.900000000000000000e+01
8.900000000000000000e+01 1.230000000000000000e+02
9.300000000000000000e+01 1.160000000000000000e+02
1.050000000000000000e+02 1.130000000000000000e+02
1.100000000000000000e+02 1.130000000000000000e+02
1.150000000000000000e+02 1.110000000000000000e+02
1.290000000000000000e+02 1.130000000000000000e+02
1.380000000000000000e+02 1.180000000000000000e+02
1.290000000000000000e+02 1.250000000000000000e+02
1.190000000000000000e+02 1.300000000000000000e+02
1.120000000000000000e+02 1.320000000000000000e+02
1.030000000000000000e+02 1.320000000000000000e+02
9.600000000000000000e+01 1.280000000000000000e+02
9.100000000000000000e+01 1.200000000000000000e+02
1.030000000000000000e+02 1.180000000000000000e+02
1.100000000000000000e+02 1.180000000000000000e+02
1.190000000000000000e+02 1.180000000000000000e+02
1.360000000000000000e+02 1.180000000000000000e+02
1.190000000000000000e+02 1.200000000000000000e+02
1.120000000000000000e+02 1.230000000000000000e+02
1.030000000000000000e+02 1.230000000000000000e+02
