4.900000000000000000e+01 5.900000000000000000e+01
5.400000000000000000e+01 7.800000000000000000e+01
5.600000000000000000e+01 9.600000000000000000e+01
6.000000000000000000e+01 1.120000000000000000e+02
6.500000000000000000e+01 1.280000000000000000e+02
7.200000000000000000e+01 1.440000000000000000e+02
7.900000000000000000e+01 1.530000000000000000e+02
8.800000000000000000e+01 1.600000000000000000e+02
1.060000000000000000e+02 1.640000000000000000e+02
1.270000000000000000e+02 1.580000000000000000e+02
1.450000000000000000e+02 1.480000000000000000e+02
1.590000000000000000e+02 1.370000000000000000e+02
1.720000000000000000e+02 1.230000000000000000e+02
1.790000000000000000e+02 1.070000000000000000e+02
1.810000000000000000e+02 9.100000000000000000e+01
1.860000000000000000e+02 7.300000000000000000e+01
1.860000000000000000e+02 5.300000000000000000e+01
4.900000000000000000e+01 4.600000000000000000e+01
5.600000000000000000e+01 4.100000000000000000e+01
6.300000000000000000e+01 4.100000000000000000e+01
7.200000000000000000e+01 4.100000000000000000e+01
8.100000000000000000e+01 4.100000000000000000e+01
1.130000000000000000e+02 3.900000000000000000e+01
1.220000000000000000e+02 3.700000000000000000e+01
1.330000000000000000e+02 3.700000000000000000e+01
1.450000000000000000e+02 3.700000000000000000e+01
1.560000000000000000e+02 4.100000000000000000e+01
9.700000000000000000e+01 5.700000000000000000e+01
9.500000000000000000e+01 6.900000000000000000e+01
9.200000000000000000e+01 8.000000000000000000e+01
9.500000000000000000e+01 8.900000000000000000e+01
8.800000000000000000e+01 9.600000000000000000e+01
9.200000000000000000e+01 9.800000000000000000e+01
9.900000000000000000e+01 9.800000000000000000e+01
1.060000000000000000e+02 9.800000000000000000e+01
1.110000000000000000e+02 9.600000000000000000e+01
6.300000000000000000e+01 5.900000000000000000e+01
6.700000000000000000e+01 5.700000000000000000e+01
7.400000000000000000e+01 5.700000000000000000e+01
8.300000000000000000e+01 5.900000000000000000e+01
7.600000000000000000e+01 6.200000000000000000e+01
6.700000000000000000e+01 6.200000000000000000e+01
1.200000000000000000e+02 5.700000000000000000e+01
1.270000000000000000e+02 5.300000000000000000e+01
1.330000000000000000e+02 5.300000000000000000e+01
1.430000000000000000e+02 5.500000000000000000e+01
1.360000000000000000e+02 5.700000000000000000e+01
1.270000000000000000e+02 5.700000000000000000e+01
8.100000000000000000e+01 1.210000000000000000e+02
8.500000000000000000e+01 1.160000000000000000e+02
9.500000000000000000e+01 1.120000000000000000e+02
9.900000000000000000e+01 1.140000000000000000e+02
1.040000000000000000e+02 1.120000000000000000e+02
1.170000000000000000e+02 1.140000000000000000e+02
1.270000000000000000e+02 1.190000000000000000e+02
1.170000000000000000e+02 1.280000000000000000e+02
1.080000000000000000e+02 1.320000000000000000e+02
1.010000000000000000e+02 1.320000000000000000e+02
9.500000000000000000e+01 1.320000000000000000e+02
8.800000000000000000e+01 1.280000000000000000e+02
8.100000000000000000e+01 1.210000000000000000e+02
9.500000000000000000e+01 1.190000000000000000e+02
9.900000000000000000e+01 1.190000000000000000e+02
1.080000000000000000e+02 1.190000000000000000e+02
1.270000000000000000e+02 1.190000000000000000e+02
1.080000000000000000e+02 1.230000000000000000e+02
1.010000000000000000e+02 1.230000000000000000e+02
9.500000000000000000e+01 1.230000000000000000e+02
