5.600000000000000000e+01 6.300000000000000000e+01
6.000000000000000000e+01 8.100000000000000000e+01
6.700000000000000000e+01 9.700000000000000000e+01
7.200000000000000000e+01 1.130000000000000000e+02
7.600000000000000000e+01 1.310000000000000000e+02
8.300000000000000000e+01 1.440000000000000000e+02
8.700000000000000000e+01 1.530000000000000000e+02
9.900000000000000000e+01 1.600000000000000000e+02
1.170000000000000000e+02 1.620000000000000000e+02
1.370000000000000000e+02 1.530000000000000000e+02
1.520000000000000000e+02 1.420000000000000000e+02
1.680000000000000000e+02 1.290000000000000000e+02
1.790000000000000000e+02 1.130000000000000000e+02
1.840000000000000000e+02 9.500000000000000000e+01
1.860000000000000000e+02 7.700000000000000000e+01
1.860000000000000000e+02 5.900000000000000000e+01
1.860000000000000000e+02 4.100000000000000000e+01
4.900000000000000000e+01 5.200000000000000000e+01
5.400000000000000000e+01 4.800000000000000000e+01
6.000000000000000000e+01 4.500000000000000000e+01
6.700000000000000000e+01 4.500000000000000000e+01
7.400000000000000000e+01 4.800000000000000000e+01
1.050000000000000000e+02 4.100000000000000000e+01
1.140000000000000000e+02 3.600000000000000000e+01
1.250000000000000000e+02 3.400000000000000000e+01
1.370000000000000000e+02 3.400000000000000000e+01
1.500000000000000000e+02 3.600000000000000000e+01
9.200000000000000000e+01 5.900000000000000000e+01
9.200000000000000000e+01 7.200000000000000000e+01
9.200000000000000000e+01 8.400000000000000000e+01
9.200000000000000000e+01 9.300000000000000000e+01
9.000000000000000000e+01 9.900000000000000000e+01
9.200000000000000000e+01 9.900000000000000000e+01
9.900000000000000000e+01 1.020000000000000000e+02
1.050000000000000000e+02 9.700000000000000000e+01
1.120000000000000000e+02 9.500000000000000000e+01
6.300000000000000000e+01 6.300000000000000000e+01
6.500000000000000000e+01 6.100000000000000000e+01
7.200000000000000000e+01 6.100000000000000000e+01
8.100000000000000000e+01 6.100000000000000000e+01
7.400000000000000000e+01 6.600000000000000000e+01
6.700000000000000000e+01 6.600000000000000000e+01
1.140000000000000000e+02 5.400000000000000000e+01
1.210000000000000000e+02 5.000000000000000000e+01
1.280000000000000000e+02 5.000000000000000000e+01
1.370000000000000000e+02 5.000000000000000000e+01
1.300000000000000000e+02 5.400000000000000000e+01
1.210000000000000000e+02 5.700000000000000000e+01
8.500000000000000000e+01 1.240000000000000000e+02
9.000000000000000000e+01 1.200000000000000000e+02
9.600000000000000000e+01 1.150000000000000000e+02
1.010000000000000000e+02 1.150000000000000000e+02
1.050000000000000000e+02 1.130000000000000000e+02
1.190000000000000000e+02 1.130000000000000000e+02
1.300000000000000000e+02 1.170000000000000000e+02
1.210000000000000000e+02 1.260000000000000000e+02
1.120000000000000000e+02 1.310000000000000000e+02
1.050000000000000000e+02 1.330000000000000000e+02
9.900000000000000000e+01 1.350000000000000000e+02
9.200000000000000000e+01 1.310000000000000000e+02
8.700000000000000000e+01 1.240000000000000000e+02
9.600000000000000000e+01 1.200000000000000000e+02
1.030000000000000000e+02 1.200000000000000000e+02
1.100000000000000000e+02 1.170000000000000000e+02
1.280000000000000000e+02 1.170000000000000000e+02
1.100000000000000000e+02 1.220000000000000000e+02
1.030000000000000000e+02 1.240000000000000000e+02
9.900000000000000000e+01 1.240000000000000000e+02
