4.500000000000000000e+01 4.700000000000000000e+01
4.300000000000000000e+01 6.800000000000000000e+01
4.300000000000000000e+01 8.300000000000000000e+01
4.500000000000000000e+01 9.900000000000000000e+01
4.800000000000000000e+01 1.180000000000000000e+02
5.200000000000000000e+01 1.310000000000000000e+02
6.100000000000000000e+01 1.430000000000000000e+02
7.300000000000000000e+01 1.540000000000000000e+02
9.100000000000000000e+01 1.610000000000000000e+02
1.140000000000000000e+02 1.590000000000000000e+02
1.300000000000000000e+02 1.540000000000000000e+02
1.430000000000000000e+02 1.470000000000000000e+02
1.570000000000000000e+02 1.360000000000000000e+02
1.660000000000000000e+02 1.200000000000000000e+02
1.710000000000000000e+02 1.060000000000000000e+02
1.770000000000000000e+02 9.000000000000000000e+01
1.820000000000000000e+02 7.000000000000000000e+01
5.700000000000000000e+01 3.300000000000000000e+01
6.600000000000000000e+01 3.100000000000000000e+01
7.500000000000000000e+01 3.100000000000000000e+01
8.400000000000000000e+01 3.300000000000000000e+01
9.300000000000000000e+01 3.800000000000000000e+01
1.250000000000000000e+02 4.500000000000000000e+01
1.340000000000000000e+02 4.300000000000000000e+01
1.460000000000000000e+02 4.500000000000000000e+01
1.570000000000000000e+02 4.700000000000000000e+01
1.640000000000000000e+02 5.400000000000000000e+01
1.070000000000000000e+02 5.600000000000000000e+01
1.050000000000000000e+02 6.800000000000000000e+01
1.000000000000000000e+02 7.900000000000000000e+01
1.000000000000000000e+02 8.800000000000000000e+01
8.900000000000000000e+01 9.500000000000000000e+01
9.300000000000000000e+01 9.700000000000000000e+01
1.000000000000000000e+02 9.900000000000000000e+01
1.070000000000000000e+02 9.700000000000000000e+01
1.110000000000000000e+02 9.700000000000000000e+01
6.800000000000000000e+01 4.900000000000000000e+01
7.500000000000000000e+01 4.900000000000000000e+01
8.200000000000000000e+01 4.900000000000000000e+01
9.100000000000000000e+01 5.400000000000000000e+01
8.200000000000000000e+01 5.400000000000000000e+01
7.500000000000000000e+01 5.400000000000000000e+01
1.250000000000000000e+02 5.800000000000000000e+01
1.340000000000000000e+02 5.600000000000000000e+01
1.410000000000000000e+02 5.800000000000000000e+01
1.480000000000000000e+02 6.300000000000000000e+01
1.410000000000000000e+02 6.500000000000000000e+01
1.320000000000000000e+02 6.300000000000000000e+01
7.500000000000000000e+01 1.150000000000000000e+02
8.200000000000000000e+01 1.130000000000000000e+02
9.300000000000000000e+01 1.110000000000000000e+02
9.800000000000000000e+01 1.130000000000000000e+02
1.020000000000000000e+02 1.130000000000000000e+02
1.140000000000000000e+02 1.180000000000000000e+02
1.210000000000000000e+02 1.220000000000000000e+02
1.110000000000000000e+02 1.270000000000000000e+02
1.020000000000000000e+02 1.310000000000000000e+02
9.600000000000000000e+01 1.290000000000000000e+02
8.900000000000000000e+01 1.270000000000000000e+02
8.200000000000000000e+01 1.220000000000000000e+02
7.700000000000000000e+01 1.150000000000000000e+02
9.100000000000000000e+01 1.180000000000000000e+02
9.800000000000000000e+01 1.180000000000000000e+02
1.050000000000000000e+02 1.200000000000000000e+02
1.180000000000000000e+02 1.220000000000000000e+02
1.050000000000000000e+02 1.220000000000000000e+02
9.600000000000000000e+01 1.220000000000000000e+02
9.100000000000000000e+01 1.200000000000000000e+02
