4.700000000000000000e+01 5.800000000000000000e+01
4.900000000000000000e+01 7.800000000000000000e+01
5.400000000000000000e+01 9.500000000000000000e+01
5.800000000000000000e+01 1.110000000000000000e+02
6.300000000000000000e+01 1.270000000000000000e+02
7.200000000000000000e+01 1.430000000000000000e+02
7.900000000000000000e+01 1.520000000000000000e+02
9.100000000000000000e+01 1.590000000000000000e+02
1.110000000000000000e+02 1.610000000000000000e+02
1.300000000000000000e+02 1.570000000000000000e+02
1.480000000000000000e+02 1.470000000000000000e+02
1.600000000000000000e+02 1.360000000000000000e+02
1.710000000000000000e+02 1.220000000000000000e+02
1.780000000000000000e+02 1.040000000000000000e+02
1.800000000000000000e+02 8.800000000000000000e+01
1.850000000000000000e+02 7.200000000000000000e+01
1.850000000000000000e+02 5.100000000000000000e+01
4.900000000000000000e+01 4.600000000000000000e+01
5.600000000000000000e+01 4.200000000000000000e+01
6.500000000000000000e+01 4.200000000000000000e+01
7.400000000000000000e+01 4.200000000000000000e+01
8.100000000000000000e+01 4.400000000000000000e+01
1.160000000000000000e+02 4.200000000000000000e+01
1.250000000000000000e+02 3.900000000000000000e+01
1.370000000000000000e+02 3.700000000000000000e+01
1.480000000000000000e+02 3.700000000000000000e+01
1.600000000000000000e+02 3.900000000000000000e+01
1.000000000000000000e+02 5.800000000000000000e+01
1.000000000000000000e+02 6.900000000000000000e+01
9.700000000000000000e+01 8.100000000000000000e+01
1.000000000000000000e+02 9.200000000000000000e+01
9.100000000000000000e+01 9.900000000000000000e+01
9.700000000000000000e+01 9.900000000000000000e+01
1.020000000000000000e+02 1.010000000000000000e+02
1.090000000000000000e+02 9.900000000000000000e+01
1.140000000000000000e+02 9.700000000000000000e+01
6.300000000000000000e+01 6.000000000000000000e+01
6.800000000000000000e+01 5.800000000000000000e+01
7.700000000000000000e+01 5.800000000000000000e+01
8.400000000000000000e+01 6.000000000000000000e+01
7.700000000000000000e+01 6.200000000000000000e+01
7.000000000000000000e+01 6.200000000000000000e+01
1.230000000000000000e+02 5.500000000000000000e+01
1.300000000000000000e+02 5.300000000000000000e+01
1.370000000000000000e+02 5.300000000000000000e+01
1.460000000000000000e+02 5.500000000000000000e+01
1.370000000000000000e+02 5.800000000000000000e+01
1.300000000000000000e+02 5.800000000000000000e+01
8.100000000000000000e+01 1.220000000000000000e+02
8.800000000000000000e+01 1.180000000000000000e+02
9.700000000000000000e+01 1.150000000000000000e+02
1.040000000000000000e+02 1.150000000000000000e+02
1.090000000000000000e+02 1.150000000000000000e+02
1.200000000000000000e+02 1.150000000000000000e+02
1.300000000000000000e+02 1.200000000000000000e+02
1.200000000000000000e+02 1.240000000000000000e+02
1.110000000000000000e+02 1.290000000000000000e+02
1.040000000000000000e+02 1.290000000000000000e+02
9.700000000000000000e+01 1.290000000000000000e+02
9.100000000000000000e+01 1.270000000000000000e+02
8.400000000000000000e+01 1.220000000000000000e+02
9.700000000000000000e+01 1.200000000000000000e+02
1.040000000000000000e+02 1.200000000000000000e+02
1.110000000000000000e+02 1.200000000000000000e+02
1.270000000000000000e+02 1.200000000000000000e+02
1.110000000000000000e+02 1.200000000000000000e+02
1.040000000000000000e+02 1.220000000000000000e+02
9.700000000000000000e+01 1.220000000000000000e+02
