6.900000000000000000e+01 4.800000000000000000e+01
7.100000000000000000e+01 6.800000000000000000e+01
7.300000000000000000e+01 8.400000000000000000e+01
7.800000000000000000e+01 9.900000000000000000e+01
8.000000000000000000e+01 1.150000000000000000e+02
8.000000000000000000e+01 1.300000000000000000e+02
8.200000000000000000e+01 1.430000000000000000e+02
8.900000000000000000e+01 1.570000000000000000e+02
1.040000000000000000e+02 1.630000000000000000e+02
1.240000000000000000e+02 1.570000000000000000e+02
1.440000000000000000e+02 1.480000000000000000e+02
1.600000000000000000e+02 1.350000000000000000e+02
1.730000000000000000e+02 1.190000000000000000e+02
1.790000000000000000e+02 1.010000000000000000e+02
1.820000000000000000e+02 8.600000000000000000e+01
1.840000000000000000e+02 6.800000000000000000e+01
1.860000000000000000e+02 5.000000000000000000e+01
5.300000000000000000e+01 4.400000000000000000e+01
5.300000000000000000e+01 4.100000000000000000e+01
5.800000000000000000e+01 4.100000000000000000e+01
6.400000000000000000e+01 4.400000000000000000e+01
7.100000000000000000e+01 4.600000000000000000e+01
9.700000000000000000e+01 4.800000000000000000e+01
1.060000000000000000e+02 4.600000000000000000e+01
1.150000000000000000e+02 4.600000000000000000e+01
1.280000000000000000e+02 4.600000000000000000e+01
1.420000000000000000e+02 4.800000000000000000e+01
8.400000000000000000e+01 6.100000000000000000e+01
8.200000000000000000e+01 7.300000000000000000e+01
7.800000000000000000e+01 8.400000000000000000e+01
7.800000000000000000e+01 9.500000000000000000e+01
7.800000000000000000e+01 9.900000000000000000e+01
8.200000000000000000e+01 9.900000000000000000e+01
8.600000000000000000e+01 1.010000000000000000e+02
9.300000000000000000e+01 9.900000000000000000e+01
9.700000000000000000e+01 9.900000000000000000e+01
6.200000000000000000e+01 5.700000000000000000e+01
6.200000000000000000e+01 5.500000000000000000e+01
6.900000000000000000e+01 5.500000000000000000e+01
7.800000000000000000e+01 5.900000000000000000e+01
7.100000000000000000e+01 6.100000000000000000e+01
6.400000000000000000e+01 5.900000000000000000e+01
1.060000000000000000e+02 5.900000000000000000e+01
1.130000000000000000e+02 5.700000000000000000e+01
1.200000000000000000e+02 5.700000000000000000e+01
1.280000000000000000e+02 5.900000000000000000e+01
1.200000000000000000e+02 6.100000000000000000e+01
1.130000000000000000e+02 6.100000000000000000e+01
7.500000000000000000e+01 1.190000000000000000e+02
7.500000000000000000e+01 1.150000000000000000e+02
8.200000000000000000e+01 1.120000000000000000e+02
8.600000000000000000e+01 1.150000000000000000e+02
9.300000000000000000e+01 1.150000000000000000e+02
1.040000000000000000e+02 1.170000000000000000e+02
1.170000000000000000e+02 1.210000000000000000e+02
1.090000000000000000e+02 1.300000000000000000e+02
1.000000000000000000e+02 1.370000000000000000e+02
9.100000000000000000e+01 1.370000000000000000e+02
8.400000000000000000e+01 1.370000000000000000e+02
8.000000000000000000e+01 1.300000000000000000e+02
7.800000000000000000e+01 1.190000000000000000e+02
8.400000000000000000e+01 1.190000000000000000e+02
8.900000000000000000e+01 1.190000000000000000e+02
9.700000000000000000e+01 1.190000000000000000e+02
1.170000000000000000e+02 1.210000000000000000e+02
9.700000000000000000e+01 1.280000000000000000e+02
9.100000000000000000e+01 1.280000000000000000e+02
8.400000000000000000e+01 1.280000000000000000e+02
