6.800000000000000000e+01 5.500000000000000000e+01
7.000000000000000000e+01 7.300000000000000000e+01
7.200000000000000000e+01 8.800000000000000000e+01
7.400000000000000000e+01 1.030000000000000000e+02
7.700000000000000000e+01 1.210000000000000000e+02
7.900000000000000000e+01 1.340000000000000000e+02
7.900000000000000000e+01 1.450000000000000000e+02
8.500000000000000000e+01 1.560000000000000000e+02
1.010000000000000000e+02 1.630000000000000000e+02
1.200000000000000000e+02 1.560000000000000000e+02
1.400000000000000000e+02 1.470000000000000000e+02
1.580000000000000000e+02 1.390000000000000000e+02
1.710000000000000000e+02 1.230000000000000000e+02
1.800000000000000000e+02 1.060000000000000000e+02
1.820000000000000000e+02 9.000000000000000000e+01
1.860000000000000000e+02 7.300000000000000000e+01
1.890000000000000000e+02 5.500000000000000000e+01
5.500000000000000000e+01 4.200000000000000000e+01
5.700000000000000000e+01 3.800000000000000000e+01
6.100000000000000000e+01 3.500000000000000000e+01
6.800000000000000000e+01 3.800000000000000000e+01
7.400000000000000000e+01 3.800000000000000000e+01
1.030000000000000000e+02 3.800000000000000000e+01
1.120000000000000000e+02 3.800000000000000000e+01
1.230000000000000000e+02 3.800000000000000000e+01
1.360000000000000000e+02 4.000000000000000000e+01
1.470000000000000000e+02 4.200000000000000000e+01
8.800000000000000000e+01 5.500000000000000000e+01
8.500000000000000000e+01 6.800000000000000000e+01
8.100000000000000000e+01 7.900000000000000000e+01
8.100000000000000000e+01 8.800000000000000000e+01
8.100000000000000000e+01 9.500000000000000000e+01
8.300000000000000000e+01 9.700000000000000000e+01
8.800000000000000000e+01 9.900000000000000000e+01
9.400000000000000000e+01 9.700000000000000000e+01
1.010000000000000000e+02 9.500000000000000000e+01
6.300000000000000000e+01 5.500000000000000000e+01
6.600000000000000000e+01 5.300000000000000000e+01
7.200000000000000000e+01 5.300000000000000000e+01
8.100000000000000000e+01 5.500000000000000000e+01
7.400000000000000000e+01 5.700000000000000000e+01
6.800000000000000000e+01 5.700000000000000000e+01
1.120000000000000000e+02 5.500000000000000000e+01
1.180000000000000000e+02 5.100000000000000000e+01
1.250000000000000000e+02 5.300000000000000000e+01
1.340000000000000000e+02 5.500000000000000000e+01
1.250000000000000000e+02 5.700000000000000000e+01
1.160000000000000000e+02 5.700000000000000000e+01
7.700000000000000000e+01 1.190000000000000000e+02
7.900000000000000000e+01 1.120000000000000000e+02
8.300000000000000000e+01 1.100000000000000000e+02
9.000000000000000000e+01 1.120000000000000000e+02
9.400000000000000000e+01 1.100000000000000000e+02
1.070000000000000000e+02 1.140000000000000000e+02
1.180000000000000000e+02 1.190000000000000000e+02
1.070000000000000000e+02 1.300000000000000000e+02
1.010000000000000000e+02 1.340000000000000000e+02
9.200000000000000000e+01 1.360000000000000000e+02
8.500000000000000000e+01 1.340000000000000000e+02
8.100000000000000000e+01 1.300000000000000000e+02
7.900000000000000000e+01 1.190000000000000000e+02
8.500000000000000000e+01 1.170000000000000000e+02
9.000000000000000000e+01 1.170000000000000000e+02
9.900000000000000000e+01 1.170000000000000000e+02
1.180000000000000000e+02 1.190000000000000000e+02
9.900000000000000000e+01 1.250000000000000000e+02
9.200000000000000000e+01 1.280000000000000000e+02
8.500000000000000000e+01 1.250000000000000000e+02
