5.200000000000000000e+01 6.100000000000000000e+01
5.400000000000000000e+01 7.900000000000000000e+01
5.800000000000000000e+01 9.500000000000000000e+01
6.100000000000000000e+01 1.110000000000000000e+02
6.700000000000000000e+01 1.290000000000000000e+02
7.200000000000000000e+01 1.420000000000000000e+02
8.100000000000000000e+01 1.510000000000000000e+02
9.200000000000000000e+01 1.600000000000000000e+02
1.100000000000000000e+02 1.650000000000000000e+02
1.310000000000000000e+02 1.580000000000000000e+02
1.470000000000000000e+02 1.490000000000000000e+02
1.600000000000000000e+02 1.380000000000000000e+02
1.720000000000000000e+02 1.240000000000000000e+02
1.780000000000000000e+02 1.060000000000000000e+02
1.810000000000000000e+02 9.000000000000000000e+01
1.850000000000000000e+02 7.200000000000000000e+01
1.850000000000000000e+02 5.400000000000000000e+01
5.400000000000000000e+01 4.700000000000000000e+01
5.800000000000000000e+01 4.200000000000000000e+01
6.700000000000000000e+01 4.000000000000000000e+01
7.600000000000000000e+01 3.800000000000000000e+01
8.300000000000000000e+01 4.000000000000000000e+01
1.170000000000000000e+02 4.000000000000000000e+01
1.260000000000000000e+02 3.800000000000000000e+01
1.350000000000000000e+02 3.800000000000000000e+01
1.490000000000000000e+02 3.800000000000000000e+01
1.600000000000000000e+02 4.200000000000000000e+01
1.010000000000000000e+02 5.600000000000000000e+01
9.900000000000000000e+01 6.700000000000000000e+01
9.900000000000000000e+01 7.900000000000000000e+01
9.900000000000000000e+01 9.000000000000000000e+01
9.200000000000000000e+01 9.700000000000000000e+01
9.700000000000000000e+01 9.700000000000000000e+01
1.010000000000000000e+02 9.900000000000000000e+01
1.080000000000000000e+02 9.700000000000000000e+01
1.150000000000000000e+02 9.500000000000000000e+01
6.500000000000000000e+01 6.100000000000000000e+01
7.000000000000000000e+01 5.800000000000000000e+01
7.900000000000000000e+01 5.600000000000000000e+01
8.600000000000000000e+01 5.800000000000000000e+01
7.900000000000000000e+01 6.100000000000000000e+01
7.200000000000000000e+01 6.100000000000000000e+01
1.220000000000000000e+02 5.600000000000000000e+01
1.290000000000000000e+02 5.400000000000000000e+01
1.380000000000000000e+02 5.400000000000000000e+01
1.440000000000000000e+02 5.600000000000000000e+01
1.380000000000000000e+02 5.800000000000000000e+01
1.290000000000000000e+02 5.800000000000000000e+01
8.300000000000000000e+01 1.220000000000000000e+02
8.800000000000000000e+01 1.150000000000000000e+02
9.700000000000000000e+01 1.110000000000000000e+02
1.040000000000000000e+02 1.130000000000000000e+02
1.080000000000000000e+02 1.110000000000000000e+02
1.220000000000000000e+02 1.130000000000000000e+02
1.330000000000000000e+02 1.200000000000000000e+02
1.220000000000000000e+02 1.290000000000000000e+02
1.150000000000000000e+02 1.350000000000000000e+02
1.060000000000000000e+02 1.380000000000000000e+02
9.700000000000000000e+01 1.350000000000000000e+02
9.000000000000000000e+01 1.310000000000000000e+02
8.600000000000000000e+01 1.220000000000000000e+02
9.700000000000000000e+01 1.170000000000000000e+02
1.040000000000000000e+02 1.170000000000000000e+02
1.130000000000000000e+02 1.170000000000000000e+02
1.310000000000000000e+02 1.170000000000000000e+02
1.130000000000000000e+02 1.260000000000000000e+02
1.060000000000000000e+02 1.290000000000000000e+02
9.900000000000000000e+01 1.260000000000000000e+02
