6.200000000000000000e+01 5.900000000000000000e+01
6.400000000000000000e+01 7.600000000000000000e+01
6.900000000000000000e+01 9.200000000000000000e+01
7.100000000000000000e+01 1.070000000000000000e+02
7.300000000000000000e+01 1.220000000000000000e+02
7.500000000000000000e+01 1.380000000000000000e+02
7.800000000000000000e+01 1.440000000000000000e+02
8.400000000000000000e+01 1.530000000000000000e+02
1.020000000000000000e+02 1.570000000000000000e+02
1.210000000000000000e+02 1.510000000000000000e+02
1.390000000000000000e+02 1.420000000000000000e+02
1.560000000000000000e+02 1.330000000000000000e+02
1.720000000000000000e+02 1.200000000000000000e+02
1.780000000000000000e+02 1.030000000000000000e+02
1.810000000000000000e+02 8.700000000000000000e+01
1.830000000000000000e+02 7.000000000000000000e+01
1.850000000000000000e+02 5.200000000000000000e+01
5.100000000000000000e+01 4.600000000000000000e+01
5.300000000000000000e+01 4.300000000000000000e+01
6.000000000000000000e+01 4.100000000000000000e+01
6.400000000000000000e+01 4.100000000000000000e+01
7.100000000000000000e+01 4.100000000000000000e+01
9.900000000000000000e+01 4.100000000000000000e+01
1.080000000000000000e+02 3.900000000000000000e+01
1.190000000000000000e+02 3.900000000000000000e+01
1.320000000000000000e+02 4.100000000000000000e+01
1.460000000000000000e+02 4.300000000000000000e+01
8.600000000000000000e+01 5.900000000000000000e+01
8.200000000000000000e+01 7.000000000000000000e+01
8.000000000000000000e+01 8.300000000000000000e+01
8.000000000000000000e+01 9.200000000000000000e+01
8.000000000000000000e+01 9.800000000000000000e+01
8.200000000000000000e+01 9.800000000000000000e+01
8.600000000000000000e+01 1.000000000000000000e+02
9.300000000000000000e+01 9.800000000000000000e+01
9.900000000000000000e+01 9.600000000000000000e+01
6.200000000000000000e+01 5.900000000000000000e+01
6.400000000000000000e+01 5.700000000000000000e+01
7.100000000000000000e+01 5.700000000000000000e+01
7.800000000000000000e+01 5.900000000000000000e+01
7.100000000000000000e+01 6.100000000000000000e+01
6.400000000000000000e+01 6.100000000000000000e+01
1.100000000000000000e+02 5.700000000000000000e+01
1.150000000000000000e+02 5.400000000000000000e+01
1.210000000000000000e+02 5.400000000000000000e+01
1.320000000000000000e+02 5.700000000000000000e+01
1.240000000000000000e+02 5.900000000000000000e+01
1.150000000000000000e+02 5.900000000000000000e+01
7.500000000000000000e+01 1.180000000000000000e+02
7.500000000000000000e+01 1.160000000000000000e+02
8.200000000000000000e+01 1.110000000000000000e+02
8.900000000000000000e+01 1.140000000000000000e+02
9.300000000000000000e+01 1.110000000000000000e+02
1.040000000000000000e+02 1.140000000000000000e+02
1.150000000000000000e+02 1.160000000000000000e+02
1.040000000000000000e+02 1.250000000000000000e+02
9.700000000000000000e+01 1.290000000000000000e+02
9.100000000000000000e+01 1.290000000000000000e+02
8.400000000000000000e+01 1.290000000000000000e+02
7.800000000000000000e+01 1.250000000000000000e+02
7.500000000000000000e+01 1.180000000000000000e+02
8.400000000000000000e+01 1.180000000000000000e+02
8.900000000000000000e+01 1.180000000000000000e+02
9.500000000000000000e+01 1.180000000000000000e+02
1.150000000000000000e+02 1.160000000000000000e+02
9.500000000000000000e+01 1.180000000000000000e+02
8.900000000000000000e+01 1.200000000000000000e+02
8.400000000000000000e+01 1.200000000000000000e+02
