4.000000000000000000e+01 6.400000000000000000e+01
4.200000000000000000e+01 8.200000000000000000e+01
4.700000000000000000e+01 9.700000000000000000e+01
5.300000000000000000e+01 1.110000000000000000e+02
6.200000000000000000e+01 1.280000000000000000e+02
8.000000000000000000e+01 1.420000000000000000e+02
1.000000000000000000e+02 1.510000000000000000e+02
1.220000000000000000e+02 1.570000000000000000e+02
1.430000000000000000e+02 1.600000000000000000e+02
1.540000000000000000e+02 1.550000000000000000e+02
1.540000000000000000e+02 1.460000000000000000e+02
1.490000000000000000e+02 1.370000000000000000e+02
1.470000000000000000e+02 1.240000000000000000e+02
1.450000000000000000e+02 1.060000000000000000e+02
1.450000000000000000e+02 9.100000000000000000e+01
1.450000000000000000e+02 7.500000000000000000e+01
1.450000000000000000e+02 5.700000000000000000e+01
8.500000000000000000e+01 4.200000000000000000e+01
9.600000000000000000e+01 3.300000000000000000e+01
1.070000000000000000e+02 3.000000000000000000e+01
1.180000000000000000e+02 3.000000000000000000e+01
1.270000000000000000e+02 3.500000000000000000e+01
1.540000000000000000e+02 3.700000000000000000e+01
1.600000000000000000e+02 3.300000000000000000e+01
1.650000000000000000e+02 3.000000000000000000e+01
1.670000000000000000e+02 3.300000000000000000e+01
1.670000000000000000e+02 3.900000000000000000e+01
1.430000000000000000e+02 5.700000000000000000e+01
1.470000000000000000e+02 7.100000000000000000e+01
1.540000000000000000e+02 8.200000000000000000e+01
1.560000000000000000e+02 9.100000000000000000e+01
1.360000000000000000e+02 9.700000000000000000e+01
1.430000000000000000e+02 9.900000000000000000e+01
1.490000000000000000e+02 9.900000000000000000e+01
1.540000000000000000e+02 9.900000000000000000e+01
1.560000000000000000e+02 9.700000000000000000e+01
9.800000000000000000e+01 5.700000000000000000e+01
1.070000000000000000e+02 5.500000000000000000e+01
1.160000000000000000e+02 5.500000000000000000e+01
1.200000000000000000e+02 5.900000000000000000e+01
1.160000000000000000e+02 6.200000000000000000e+01
1.070000000000000000e+02 6.200000000000000000e+01
1.470000000000000000e+02 5.700000000000000000e+01
1.560000000000000000e+02 5.300000000000000000e+01
1.600000000000000000e+02 5.300000000000000000e+01
1.630000000000000000e+02 5.500000000000000000e+01
1.600000000000000000e+02 5.900000000000000000e+01
1.540000000000000000e+02 5.900000000000000000e+01
1.270000000000000000e+02 1.220000000000000000e+02
1.360000000000000000e+02 1.170000000000000000e+02
1.470000000000000000e+02 1.130000000000000000e+02
1.510000000000000000e+02 1.130000000000000000e+02
1.560000000000000000e+02 1.110000000000000000e+02
1.600000000000000000e+02 1.150000000000000000e+02
1.600000000000000000e+02 1.170000000000000000e+02
1.600000000000000000e+02 1.240000000000000000e+02
1.560000000000000000e+02 1.280000000000000000e+02
1.510000000000000000e+02 1.310000000000000000e+02
1.450000000000000000e+02 1.310000000000000000e+02
1.380000000000000000e+02 1.260000000000000000e+02
1.270000000000000000e+02 1.220000000000000000e+02
1.450000000000000000e+02 1.200000000000000000e+02
1.490000000000000000e+02 1.170000000000000000e+02
1.540000000000000000e+02 1.170000000000000000e+02
1.600000000000000000e+02 1.170000000000000000e+02
1.560000000000000000e+02 1.200000000000000000e+02
1.510000000000000000e+02 1.220000000000000000e+02
1.450000000000000000e+02 1.200000000000000000e+02
