3.900000000000000000e+01 6.500000000000000000e+01
4.300000000000000000e+01 8.300000000000000000e+01
5.000000000000000000e+01 9.800000000000000000e+01
5.400000000000000000e+01 1.110000000000000000e+02
6.500000000000000000e+01 1.290000000000000000e+02
8.300000000000000000e+01 1.420000000000000000e+02
1.020000000000000000e+02 1.510000000000000000e+02
1.240000000000000000e+02 1.570000000000000000e+02
1.440000000000000000e+02 1.600000000000000000e+02
1.550000000000000000e+02 1.530000000000000000e+02
1.550000000000000000e+02 1.440000000000000000e+02
1.530000000000000000e+02 1.350000000000000000e+02
1.480000000000000000e+02 1.220000000000000000e+02
1.460000000000000000e+02 1.050000000000000000e+02
1.460000000000000000e+02 8.900000000000000000e+01
1.460000000000000000e+02 7.400000000000000000e+01
1.440000000000000000e+02 5.600000000000000000e+01
8.300000000000000000e+01 4.300000000000000000e+01
9.400000000000000000e+01 3.700000000000000000e+01
1.070000000000000000e+02 3.200000000000000000e+01
1.180000000000000000e+02 3.400000000000000000e+01
1.260000000000000000e+02 3.700000000000000000e+01
1.530000000000000000e+02 3.700000000000000000e+01
1.570000000000000000e+02 3.400000000000000000e+01
1.620000000000000000e+02 3.200000000000000000e+01
1.660000000000000000e+02 3.200000000000000000e+01
1.660000000000000000e+02 3.700000000000000000e+01
1.420000000000000000e+02 5.900000000000000000e+01
1.460000000000000000e+02 7.000000000000000000e+01
1.530000000000000000e+02 8.000000000000000000e+01
1.550000000000000000e+02 8.900000000000000000e+01
1.350000000000000000e+02 9.800000000000000000e+01
1.420000000000000000e+02 9.800000000000000000e+01
1.480000000000000000e+02 9.800000000000000000e+01
1.530000000000000000e+02 9.800000000000000000e+01
1.550000000000000000e+02 9.600000000000000000e+01
9.800000000000000000e+01 5.900000000000000000e+01
1.070000000000000000e+02 5.400000000000000000e+01
1.130000000000000000e+02 5.400000000000000000e+01
1.200000000000000000e+02 5.900000000000000000e+01
1.160000000000000000e+02 6.100000000000000000e+01
1.070000000000000000e+02 6.300000000000000000e+01
1.460000000000000000e+02 5.600000000000000000e+01
1.550000000000000000e+02 5.200000000000000000e+01
1.590000000000000000e+02 5.200000000000000000e+01
1.620000000000000000e+02 5.400000000000000000e+01
1.590000000000000000e+02 5.900000000000000000e+01
1.530000000000000000e+02 5.900000000000000000e+01
1.260000000000000000e+02 1.200000000000000000e+02
1.350000000000000000e+02 1.130000000000000000e+02
1.460000000000000000e+02 1.090000000000000000e+02
1.510000000000000000e+02 1.110000000000000000e+02
1.550000000000000000e+02 1.090000000000000000e+02
1.590000000000000000e+02 1.110000000000000000e+02
1.590000000000000000e+02 1.160000000000000000e+02
1.590000000000000000e+02 1.240000000000000000e+02
1.570000000000000000e+02 1.290000000000000000e+02
1.510000000000000000e+02 1.290000000000000000e+02
1.440000000000000000e+02 1.290000000000000000e+02
1.370000000000000000e+02 1.270000000000000000e+02
1.260000000000000000e+02 1.200000000000000000e+02
1.440000000000000000e+02 1.160000000000000000e+02
1.510000000000000000e+02 1.160000000000000000e+02
1.530000000000000000e+02 1.160000000000000000e+02
1.590000000000000000e+02 1.160000000000000000e+02
1.550000000000000000e+02 1.200000000000000000e+02
1.510000000000000000e+02 1.200000000000000000e+02
1.440000000000000000e+02 1.200000000000000000e+02
