4.100000000000000000e+01 6.400000000000000000e+01
4.300000000000000000e+01 8.200000000000000000e+01
4.800000000000000000e+01 9.700000000000000000e+01
5.400000000000000000e+01 1.100000000000000000e+02
6.300000000000000000e+01 1.280000000000000000e+02
7.900000000000000000e+01 1.410000000000000000e+02
9.800000000000000000e+01 1.500000000000000000e+02
1.210000000000000000e+02 1.570000000000000000e+02
1.400000000000000000e+02 1.590000000000000000e+02
1.510000000000000000e+02 1.540000000000000000e+02
1.510000000000000000e+02 1.460000000000000000e+02
1.490000000000000000e+02 1.370000000000000000e+02
1.470000000000000000e+02 1.240000000000000000e+02
1.450000000000000000e+02 1.080000000000000000e+02
1.430000000000000000e+02 9.500000000000000000e+01
1.430000000000000000e+02 7.700000000000000000e+01
1.430000000000000000e+02 6.000000000000000000e+01
8.500000000000000000e+01 4.200000000000000000e+01
9.600000000000000000e+01 3.300000000000000000e+01
1.100000000000000000e+02 3.100000000000000000e+01
1.180000000000000000e+02 3.300000000000000000e+01
1.270000000000000000e+02 3.500000000000000000e+01
1.540000000000000000e+02 3.700000000000000000e+01
1.580000000000000000e+02 3.500000000000000000e+01
1.620000000000000000e+02 3.300000000000000000e+01
1.650000000000000000e+02 3.500000000000000000e+01
1.650000000000000000e+02 4.000000000000000000e+01
1.430000000000000000e+02 5.700000000000000000e+01
1.470000000000000000e+02 6.800000000000000000e+01
1.540000000000000000e+02 7.900000000000000000e+01
1.540000000000000000e+02 8.800000000000000000e+01
1.340000000000000000e+02 9.700000000000000000e+01
1.400000000000000000e+02 9.700000000000000000e+01
1.470000000000000000e+02 9.900000000000000000e+01
1.510000000000000000e+02 9.700000000000000000e+01
1.540000000000000000e+02 9.500000000000000000e+01
9.800000000000000000e+01 5.700000000000000000e+01
1.070000000000000000e+02 5.500000000000000000e+01
1.160000000000000000e+02 5.500000000000000000e+01
1.210000000000000000e+02 6.000000000000000000e+01
1.160000000000000000e+02 6.200000000000000000e+01
1.070000000000000000e+02 6.200000000000000000e+01
1.470000000000000000e+02 5.700000000000000000e+01
1.540000000000000000e+02 5.300000000000000000e+01
1.600000000000000000e+02 5.300000000000000000e+01
1.600000000000000000e+02 5.700000000000000000e+01
1.600000000000000000e+02 6.000000000000000000e+01
1.540000000000000000e+02 6.000000000000000000e+01
1.210000000000000000e+02 1.190000000000000000e+02
1.320000000000000000e+02 1.120000000000000000e+02
1.450000000000000000e+02 1.100000000000000000e+02
1.490000000000000000e+02 1.100000000000000000e+02
1.540000000000000000e+02 1.080000000000000000e+02
1.580000000000000000e+02 1.120000000000000000e+02
1.580000000000000000e+02 1.170000000000000000e+02
1.560000000000000000e+02 1.260000000000000000e+02
1.540000000000000000e+02 1.300000000000000000e+02
1.470000000000000000e+02 1.320000000000000000e+02
1.400000000000000000e+02 1.320000000000000000e+02
1.320000000000000000e+02 1.280000000000000000e+02
1.230000000000000000e+02 1.190000000000000000e+02
1.400000000000000000e+02 1.170000000000000000e+02
1.470000000000000000e+02 1.150000000000000000e+02
1.510000000000000000e+02 1.150000000000000000e+02
1.560000000000000000e+02 1.170000000000000000e+02
1.510000000000000000e+02 1.210000000000000000e+02
1.470000000000000000e+02 1.240000000000000000e+02
1.400000000000000000e+02 1.240000000000000000e+02
