3.900000000000000000e+01 6.100000000000000000e+01
4.300000000000000000e+01 7.900000000000000000e+01
4.800000000000000000e+01 9.700000000000000000e+01
5.200000000000000000e+01 1.100000000000000000e+02
6.100000000000000000e+01 1.280000000000000000e+02
7.900000000000000000e+01 1.410000000000000000e+02
9.900000000000000000e+01 1.500000000000000000e+02
1.210000000000000000e+02 1.540000000000000000e+02
1.410000000000000000e+02 1.590000000000000000e+02
1.520000000000000000e+02 1.540000000000000000e+02
1.520000000000000000e+02 1.450000000000000000e+02
1.500000000000000000e+02 1.390000000000000000e+02
1.450000000000000000e+02 1.260000000000000000e+02
1.430000000000000000e+02 1.080000000000000000e+02
1.430000000000000000e+02 9.200000000000000000e+01
1.430000000000000000e+02 7.700000000000000000e+01
1.430000000000000000e+02 5.900000000000000000e+01
8.500000000000000000e+01 4.100000000000000000e+01
9.700000000000000000e+01 3.300000000000000000e+01
1.100000000000000000e+02 3.000000000000000000e+01
1.210000000000000000e+02 3.000000000000000000e+01
1.280000000000000000e+02 3.500000000000000000e+01
1.540000000000000000e+02 3.700000000000000000e+01
1.610000000000000000e+02 3.300000000000000000e+01
1.650000000000000000e+02 3.300000000000000000e+01
1.670000000000000000e+02 3.300000000000000000e+01
1.670000000000000000e+02 3.900000000000000000e+01
1.430000000000000000e+02 5.700000000000000000e+01
1.480000000000000000e+02 7.000000000000000000e+01
1.540000000000000000e+02 7.900000000000000000e+01
1.560000000000000000e+02 8.800000000000000000e+01
1.360000000000000000e+02 9.700000000000000000e+01
1.430000000000000000e+02 9.700000000000000000e+01
1.500000000000000000e+02 9.900000000000000000e+01
1.520000000000000000e+02 9.700000000000000000e+01
1.540000000000000000e+02 9.700000000000000000e+01
9.900000000000000000e+01 5.700000000000000000e+01
1.100000000000000000e+02 5.200000000000000000e+01
1.170000000000000000e+02 5.200000000000000000e+01
1.210000000000000000e+02 5.700000000000000000e+01
1.170000000000000000e+02 5.900000000000000000e+01
1.080000000000000000e+02 6.100000000000000000e+01
1.480000000000000000e+02 5.700000000000000000e+01
1.560000000000000000e+02 5.200000000000000000e+01
1.630000000000000000e+02 5.200000000000000000e+01
1.630000000000000000e+02 5.500000000000000000e+01
1.610000000000000000e+02 5.900000000000000000e+01
1.540000000000000000e+02 5.900000000000000000e+01
1.250000000000000000e+02 1.190000000000000000e+02
1.360000000000000000e+02 1.140000000000000000e+02
1.480000000000000000e+02 1.120000000000000000e+02
1.520000000000000000e+02 1.120000000000000000e+02
1.540000000000000000e+02 1.100000000000000000e+02
1.590000000000000000e+02 1.140000000000000000e+02
1.610000000000000000e+02 1.170000000000000000e+02
1.590000000000000000e+02 1.230000000000000000e+02
1.560000000000000000e+02 1.280000000000000000e+02
1.520000000000000000e+02 1.280000000000000000e+02
1.450000000000000000e+02 1.280000000000000000e+02
1.360000000000000000e+02 1.260000000000000000e+02
1.280000000000000000e+02 1.190000000000000000e+02
1.430000000000000000e+02 1.170000000000000000e+02
1.500000000000000000e+02 1.170000000000000000e+02
1.540000000000000000e+02 1.170000000000000000e+02
1.590000000000000000e+02 1.170000000000000000e+02
1.540000000000000000e+02 1.190000000000000000e+02
1.500000000000000000e+02 1.190000000000000000e+02
1.430000000000000000e+02 1.190000000000000000e+02
