4.200000000000000000e+01 6.300000000000000000e+01
4.500000000000000000e+01 8.000000000000000000e+01
4.900000000000000000e+01 9.600000000000000000e+01
5.400000000000000000e+01 1.110000000000000000e+02
6.200000000000000000e+01 1.290000000000000000e+02
8.000000000000000000e+01 1.420000000000000000e+02
9.800000000000000000e+01 1.510000000000000000e+02
1.200000000000000000e+02 1.580000000000000000e+02
1.400000000000000000e+02 1.620000000000000000e+02
1.510000000000000000e+02 1.580000000000000000e+02
1.530000000000000000e+02 1.490000000000000000e+02
1.510000000000000000e+02 1.380000000000000000e+02
1.490000000000000000e+02 1.250000000000000000e+02
1.470000000000000000e+02 1.070000000000000000e+02
1.440000000000000000e+02 9.400000000000000000e+01
1.440000000000000000e+02 7.600000000000000000e+01
1.440000000000000000e+02 5.800000000000000000e+01
8.700000000000000000e+01 4.100000000000000000e+01
9.800000000000000000e+01 3.200000000000000000e+01
1.090000000000000000e+02 2.900000000000000000e+01
1.200000000000000000e+02 3.200000000000000000e+01
1.290000000000000000e+02 3.400000000000000000e+01
1.550000000000000000e+02 3.600000000000000000e+01
1.600000000000000000e+02 3.400000000000000000e+01
1.640000000000000000e+02 3.200000000000000000e+01
1.660000000000000000e+02 3.400000000000000000e+01
1.660000000000000000e+02 3.800000000000000000e+01
1.440000000000000000e+02 5.600000000000000000e+01
1.490000000000000000e+02 6.900000000000000000e+01
1.550000000000000000e+02 7.800000000000000000e+01
1.550000000000000000e+02 8.700000000000000000e+01
1.350000000000000000e+02 9.600000000000000000e+01
1.420000000000000000e+02 9.600000000000000000e+01
1.490000000000000000e+02 9.800000000000000000e+01
1.530000000000000000e+02 9.600000000000000000e+01
1.550000000000000000e+02 9.600000000000000000e+01
1.000000000000000000e+02 5.800000000000000000e+01
1.090000000000000000e+02 5.400000000000000000e+01
1.180000000000000000e+02 5.400000000000000000e+01
1.220000000000000000e+02 5.800000000000000000e+01
1.180000000000000000e+02 6.000000000000000000e+01
1.090000000000000000e+02 6.000000000000000000e+01
1.490000000000000000e+02 5.800000000000000000e+01
1.550000000000000000e+02 5.400000000000000000e+01
1.620000000000000000e+02 5.200000000000000000e+01
1.620000000000000000e+02 5.600000000000000000e+01
1.620000000000000000e+02 5.800000000000000000e+01
1.550000000000000000e+02 5.800000000000000000e+01
1.200000000000000000e+02 1.200000000000000000e+02
1.330000000000000000e+02 1.140000000000000000e+02
1.440000000000000000e+02 1.090000000000000000e+02
1.490000000000000000e+02 1.090000000000000000e+02
1.530000000000000000e+02 1.090000000000000000e+02
1.600000000000000000e+02 1.110000000000000000e+02
1.580000000000000000e+02 1.200000000000000000e+02
1.580000000000000000e+02 1.290000000000000000e+02
1.530000000000000000e+02 1.330000000000000000e+02
1.490000000000000000e+02 1.360000000000000000e+02
1.400000000000000000e+02 1.360000000000000000e+02
1.310000000000000000e+02 1.290000000000000000e+02
1.220000000000000000e+02 1.200000000000000000e+02
1.420000000000000000e+02 1.160000000000000000e+02
1.490000000000000000e+02 1.160000000000000000e+02
1.530000000000000000e+02 1.160000000000000000e+02
1.580000000000000000e+02 1.200000000000000000e+02
1.530000000000000000e+02 1.250000000000000000e+02
1.470000000000000000e+02 1.270000000000000000e+02
1.400000000000000000e+02 1.270000000000000000e+02
