4.875000000000000000e+01 5.605468750000000000e+01
4.933593750000000000e+01 7.177734375000000000e+01
5.109375000000000000e+01 8.750000000000000000e+01
5.460937500000000000e+01 1.032226562500000000e+02
5.929687500000000000e+01 1.175781250000000000e+02
6.632812500000000000e+01 1.312500000000000000e+02
7.570312500000000000e+01 1.428710937500000000e+02
8.566406250000000000e+01 1.517578125000000000e+02
9.914062500000000000e+01 1.565429687500000000e+02
1.155468750000000000e+02 1.544921875000000000e+02
1.307812500000000000e+02 1.483398437500000000e+02
1.454296875000000000e+02 1.387695312500000000e+02
1.577343750000000000e+02 1.264648437500000000e+02
1.659375000000000000e+02 1.093750000000000000e+02
1.694531250000000000e+02 9.091796875000000000e+01
1.723828125000000000e+02 7.177734375000000000e+01
1.735546875000000000e+02 5.263671875000000000e+01
5.167968750000000000e+01 4.375000000000000000e+01
5.695312500000000000e+01 3.623046875000000000e+01
6.515625000000000000e+01 3.349609375000000000e+01
7.453125000000000000e+01 3.417968750000000000e+01
8.273437500000000000e+01 3.623046875000000000e+01
1.102734375000000000e+02 3.417968750000000000e+01
1.214062500000000000e+02 3.007812500000000000e+01
1.325390625000000000e+02 2.871093750000000000e+01
1.436718750000000000e+02 3.076171875000000000e+01
1.518750000000000000e+02 3.828125000000000000e+01
9.562500000000000000e+01 5.263671875000000000e+01
9.503906250000000000e+01 6.152343750000000000e+01
9.445312500000000000e+01 7.109375000000000000e+01
9.328125000000000000e+01 7.998046875000000000e+01
8.507812500000000000e+01 9.160156250000000000e+01
9.035156250000000000e+01 9.228515625000000000e+01
9.562500000000000000e+01 9.296875000000000000e+01
1.020703125000000000e+02 9.160156250000000000e+01
1.085156250000000000e+02 9.091796875000000000e+01
5.988281250000000000e+01 6.110546875000000000e+01
6.457031250000000000e+01 5.468750000000000000e+01
7.277343750000000000e+01 5.400390625000000000e+01
8.039062500000000000e+01 5.673828125000000000e+01
7.277343750000000000e+01 5.947265625000000000e+01
6.515625000000000000e+01 6.015625000000000000e+01
1.167187500000000000e+02 5.468750000000000000e+01
1.249218750000000000e+02 5.263671875000000000e+01
1.337109375000000000e+02 5.332031250000000000e+01
1.395703125000000000e+02 5.768750000000000000e+01
1.342968750000000000e+02 5.673828125000000000e+01
1.255078125000000000e+02 5.673828125000000000e+01
8.039062500000000000e+01 1.134765625000000000e+02
8.449218750000000000e+01 1.073242187500000000e+02
9.093750000000000000e+01 1.069062500000000000e+02
9.621093750000000000e+01 1.045898437500000000e+02
1.008984375000000000e+02 1.062226562500000000e+02
1.108593750000000000e+02 1.066406250000000000e+02
1.190625000000000000e+02 1.127929687500000000e+02
1.132031250000000000e+02 1.203125000000000000e+02
1.055859375000000000e+02 1.250976562500000000e+02
9.679687500000000000e+01 1.264648437500000000e+02
8.976562500000000000e+01 1.250976562500000000e+02
8.390625000000000000e+01 1.203125000000000000e+02
8.214843750000000000e+01 1.134765625000000000e+02
8.917968750000000000e+01 1.121093750000000000e+02
9.621093750000000000e+01 1.121093750000000000e+02
1.073437500000000000e+02 1.121093750000000000e+02
1.178906250000000000e+02 1.127929687500000000e+02
1.073437500000000000e+02 1.141601562500000000e+02
9.679687500000000000e+01 1.148437500000000000e+02
8.917968750000000000e+01 1.141601562500000000e+02
