4.725390625000000000e+01 4.860937500000000000e+01
4.663281250000000000e+01 6.505078125000000000e+01
4.663281250000000000e+01 8.220703125000000000e+01
4.911718750000000000e+01 9.936328125000000000e+01
5.284375000000000000e+01 1.150898437500000000e+02
5.905468750000000000e+01 1.308164062500000000e+02
6.712890625000000000e+01 1.443984375000000000e+02
7.768750000000000000e+01 1.558359375000000000e+02
9.197265625000000000e+01 1.615546875000000000e+02
1.093632812500000000e+02 1.615546875000000000e+02
1.273750000000000000e+02 1.558359375000000000e+02
1.441445312500000000e+02 1.479726562500000000e+02
1.590507812500000000e+02 1.372500000000000000e+02
1.696093750000000000e+02 1.200937500000000000e+02
1.751992187500000000e+02 1.000781250000000000e+02
1.801679687500000000e+02 8.006250000000000000e+01
1.826523437500000000e+02 5.933203125000000000e+01
5.098046875000000000e+01 3.788671875000000000e+01
5.657031250000000000e+01 3.073828125000000000e+01
6.588671875000000000e+01 2.930859375000000000e+01
7.520312500000000000e+01 3.073828125000000000e+01
8.389843750000000000e+01 3.431250000000000000e+01
1.130898437500000000e+02 3.574218750000000000e+01
1.255117187500000000e+02 3.359765625000000000e+01
1.379335937500000000e+02 3.288281250000000000e+01
1.497343750000000000e+02 3.645703125000000000e+01
1.584296875000000000e+02 4.575000000000000000e+01
9.569921875000000000e+01 5.075390625000000000e+01
9.383593750000000000e+01 6.219140625000000000e+01
9.197265625000000000e+01 7.219921875000000000e+01
9.010937500000000000e+01 8.292187500000000000e+01
8.017187500000000000e+01 9.150000000000000000e+01
8.514062500000000000e+01 9.364453125000000000e+01
9.259375000000000000e+01 9.578906250000000000e+01
1.000468750000000000e+02 9.435937500000000000e+01
1.075000000000000000e+02 9.292968750000000000e+01
5.843359375000000000e+01 5.446875000000000000e+01
6.340234375000000000e+01 4.717968750000000000e+01
7.333984375000000000e+01 4.717968750000000000e+01
8.079296875000000000e+01 5.432812500000000000e+01
7.209765625000000000e+01 5.575781250000000000e+01
6.340234375000000000e+01 5.504296875000000000e+01
1.180585937500000000e+02 5.504296875000000000e+01
1.273750000000000000e+02 5.003906250000000000e+01
1.379335937500000000e+02 5.146875000000000000e+01
1.435234375000000000e+02 5.947265625000000000e+01
1.373125000000000000e+02 5.861718750000000000e+01
1.273750000000000000e+02 5.861718750000000000e+01
7.271875000000000000e+01 1.122304687500000000e+02
7.768750000000000000e+01 1.050820312500000000e+02
8.576171875000000000e+01 1.052226562500000000e+02
9.197265625000000000e+01 1.036523437500000000e+02
9.880468750000000000e+01 1.052226562500000000e+02
1.106054687500000000e+02 1.065117187500000000e+02
1.217851562500000000e+02 1.143750000000000000e+02
1.137109375000000000e+02 1.236679687500000000e+02
1.031523437500000000e+02 1.279570312500000000e+02
9.135156250000000000e+01 1.293867187500000000e+02
8.327734375000000000e+01 1.272421875000000000e+02
7.644531250000000000e+01 1.208085937500000000e+02
7.458203125000000000e+01 1.129453125000000000e+02
8.327734375000000000e+01 1.100859375000000000e+02
9.197265625000000000e+01 1.108007812500000000e+02
1.062578125000000000e+02 1.108007812500000000e+02
1.199218750000000000e+02 1.143750000000000000e+02
1.062578125000000000e+02 1.172343750000000000e+02
9.197265625000000000e+01 1.179492187500000000e+02
8.265625000000000000e+01 1.158046875000000000e+02
