5.078125000000000000e+01 5.218359375000000000e+01
4.951562500000000000e+01 6.719531250000000000e+01
5.014843750000000000e+01 8.363671875000000000e+01
5.141406250000000000e+01 9.936328125000000000e+01
5.457812500000000000e+01 1.143750000000000000e+02
6.027343750000000000e+01 1.293867187500000000e+02
6.786718750000000000e+01 1.422539062500000000e+02
7.735937500000000000e+01 1.529765625000000000e+02
9.064843750000000000e+01 1.586953125000000000e+02
1.083671875000000000e+02 1.594101562500000000e+02
1.267187500000000000e+02 1.558359375000000000e+02
1.444375000000000000e+02 1.494023437500000000e+02
1.602578125000000000e+02 1.393945312500000000e+02
1.710156250000000000e+02 1.229531250000000000e+02
1.767109375000000000e+02 1.029375000000000000e+02
1.817734375000000000e+02 8.292187500000000000e+01
1.843046875000000000e+02 6.290625000000000000e+01
5.331250000000000000e+01 3.788671875000000000e+01
5.837500000000000000e+01 3.073828125000000000e+01
6.660156250000000000e+01 2.859375000000000000e+01
7.546093750000000000e+01 3.002343750000000000e+01
8.368750000000000000e+01 3.359765625000000000e+01
1.127968750000000000e+02 3.288281250000000000e+01
1.254531250000000000e+02 3.073828125000000000e+01
1.381093750000000000e+02 3.002343750000000000e+01
1.495000000000000000e+02 3.431250000000000000e+01
1.577265625000000000e+02 4.360546875000000000e+01
9.507812500000000000e+01 5.075390625000000000e+01
9.254687500000000000e+01 6.076171875000000000e+01
9.064843750000000000e+01 7.005468750000000000e+01
8.811718750000000000e+01 8.006250000000000000e+01
7.989062500000000000e+01 9.078515625000000000e+01
8.432031250000000000e+01 9.221484375000000000e+01
9.064843750000000000e+01 9.364453125000000000e+01
9.824218750000000000e+01 9.292968750000000000e+01
1.052031250000000000e+02 9.221484375000000000e+01
6.027343750000000000e+01 5.589843750000000000e+01
6.470312500000000000e+01 4.932421875000000000e+01
7.292968750000000000e+01 4.932421875000000000e+01
8.052343750000000000e+01 5.361328125000000000e+01
7.292968750000000000e+01 5.432812500000000000e+01
6.533593750000000000e+01 5.432812500000000000e+01
1.184921875000000000e+02 5.432812500000000000e+01
1.273515625000000000e+02 5.218359375000000000e+01
1.368437500000000000e+02 5.361328125000000000e+01
1.425390625000000000e+02 5.947265625000000000e+01
1.362109375000000000e+02 5.718750000000000000e+01
1.273515625000000000e+02 5.647265625000000000e+01
7.356250000000000000e+01 1.122304687500000000e+02
7.735937500000000000e+01 1.050820312500000000e+02
8.432031250000000000e+01 1.052226562500000000e+02
9.001562500000000000e+01 1.036523437500000000e+02
9.634375000000000000e+01 1.059375000000000000e+02
1.083671875000000000e+02 1.079414062500000000e+02
1.197578125000000000e+02 1.158046875000000000e+02
1.108984375000000000e+02 1.229531250000000000e+02
1.007734375000000000e+02 1.265273437500000000e+02
8.938281250000000000e+01 1.272421875000000000e+02
8.242187500000000000e+01 1.250976562500000000e+02
7.609375000000000000e+01 1.193789062500000000e+02
7.482812500000000000e+01 1.122304687500000000e+02
8.242187500000000000e+01 1.093710937500000000e+02
9.001562500000000000e+01 1.100859375000000000e+02
1.045703125000000000e+02 1.115156250000000000e+02
1.178593750000000000e+02 1.158046875000000000e+02
1.045703125000000000e+02 1.172343750000000000e+02
9.001562500000000000e+01 1.172343750000000000e+02
8.242187500000000000e+01 1.158046875000000000e+02
