4.639062500000000000e+01 4.812500000000000000e+01
4.576953125000000000e+01 6.393750000000000000e+01
4.639062500000000000e+01 8.043750000000000000e+01
4.887500000000000000e+01 9.625000000000000000e+01
5.260156250000000000e+01 1.120625000000000000e+02
5.881250000000000000e+01 1.271875000000000000e+02
6.688671875000000000e+01 1.395625000000000000e+02
7.806640625000000000e+01 1.491875000000000000e+02
9.235156250000000000e+01 1.546875000000000000e+02
1.097421875000000000e+02 1.546875000000000000e+02
1.271328125000000000e+02 1.505625000000000000e+02
1.439023437500000000e+02 1.436875000000000000e+02
1.581875000000000000e+02 1.320000000000000000e+02
1.675039062500000000e+02 1.148125000000000000e+02
1.737148437500000000e+02 9.625000000000000000e+01
1.780625000000000000e+02 7.631250000000000000e+01
1.811679687500000000e+02 5.706250000000000000e+01
5.073828125000000000e+01 3.575000000000000000e+01
5.632812500000000000e+01 2.887500000000000000e+01
6.564453125000000000e+01 2.612500000000000000e+01
7.558203125000000000e+01 2.750000000000000000e+01
8.427734375000000000e+01 3.025000000000000000e+01
1.140898437500000000e+02 3.025000000000000000e+01
1.258906250000000000e+02 2.818750000000000000e+01
1.383125000000000000e+02 2.750000000000000000e+01
1.501132812500000000e+02 3.093750000000000000e+01
1.588085937500000000e+02 3.987500000000000000e+01
9.669921875000000000e+01 4.743750000000000000e+01
9.545703125000000000e+01 5.775000000000000000e+01
9.359375000000000000e+01 6.737500000000000000e+01
9.173046875000000000e+01 7.768750000000000000e+01
8.179296875000000000e+01 8.800000000000000000e+01
8.738281250000000000e+01 8.937500000000000000e+01
9.359375000000000000e+01 9.075000000000000000e+01
1.010468750000000000e+02 9.006250000000000000e+01
1.078789062500000000e+02 8.937500000000000000e+01
5.819140625000000000e+01 5.181250000000000000e+01
6.316015625000000000e+01 4.468750000000000000e+01
7.309765625000000000e+01 4.468750000000000000e+01
8.117187500000000000e+01 5.087500000000000000e+01
7.185546875000000000e+01 5.293750000000000000e+01
6.316015625000000000e+01 5.225000000000000000e+01
1.190585937500000000e+02 5.087500000000000000e+01
1.277539062500000000e+02 4.606250000000000000e+01
1.389335937500000000e+02 4.743750000000000000e+01
1.445234375000000000e+02 5.456250000000000000e+01
1.383125000000000000e+02 5.431250000000000000e+01
1.283750000000000000e+02 5.431250000000000000e+01
7.496093750000000000e+01 1.100000000000000000e+02
7.930859375000000000e+01 1.024375000000000000e+02
8.738281250000000000e+01 1.020000000000000000e+02
9.297265625000000000e+01 1.003750000000000000e+02
9.856250000000000000e+01 1.026875000000000000e+02
1.085000000000000000e+02 1.045000000000000000e+02
1.159531250000000000e+02 1.134375000000000000e+02
1.097421875000000000e+02 1.196250000000000000e+02
1.016679687500000000e+02 1.223750000000000000e+02
9.235156250000000000e+01 1.230625000000000000e+02
8.489843750000000000e+01 1.216875000000000000e+02
7.868750000000000000e+01 1.168750000000000000e+02
7.682421875000000000e+01 1.100000000000000000e+02
8.489843750000000000e+01 1.086250000000000000e+02
9.297265625000000000e+01 1.086250000000000000e+02
1.035312500000000000e+02 1.093125000000000000e+02
1.140898437500000000e+02 1.134375000000000000e+02
1.035312500000000000e+02 1.106875000000000000e+02
9.297265625000000000e+01 1.106875000000000000e+02
8.489843750000000000e+01 1.093125000000000000e+02
