5.000000000000000000e+01 5.790234375000000000e+01
4.881250000000000000e+01 7.291406250000000000e+01
5.000000000000000000e+01 8.935546875000000000e+01
5.296875000000000000e+01 1.050820312500000000e+02
5.712500000000000000e+01 1.200937500000000000e+02
6.306250000000000000e+01 1.336757812500000000e+02
7.078125000000000000e+01 1.458281250000000000e+02
7.968750000000000000e+01 1.565507812500000000e+02
9.215625000000000000e+01 1.615546875000000000e+02
1.093750000000000000e+02 1.608398437500000000e+02
1.265937500000000000e+02 1.558359375000000000e+02
1.438125000000000000e+02 1.479726562500000000e+02
1.580625000000000000e+02 1.365351562500000000e+02
1.675625000000000000e+02 1.186640625000000000e+02
1.723125000000000000e+02 9.864843750000000000e+01
1.764687500000000000e+02 7.720312500000000000e+01
1.764687500000000000e+02 5.718750000000000000e+01
5.178125000000000000e+01 4.503515625000000000e+01
5.593750000000000000e+01 3.717187500000000000e+01
6.306250000000000000e+01 3.288281250000000000e+01
7.137500000000000000e+01 3.145312500000000000e+01
7.909375000000000000e+01 3.145312500000000000e+01
1.046250000000000000e+02 2.501953125000000000e+01
1.159062500000000000e+02 2.144531250000000000e+01
1.283750000000000000e+02 2.073046875000000000e+01
1.396562500000000000e+02 2.430468750000000000e+01
1.485625000000000000e+02 3.431250000000000000e+01
8.978125000000000000e+01 5.075390625000000000e+01
8.800000000000000000e+01 6.004687500000000000e+01
8.621875000000000000e+01 6.933984375000000000e+01
8.443750000000000000e+01 7.791796875000000000e+01
7.731250000000000000e+01 9.221484375000000000e+01
8.206250000000000000e+01 9.292968750000000000e+01
8.800000000000000000e+01 9.364453125000000000e+01
9.453125000000000000e+01 9.221484375000000000e+01
1.016562500000000000e+02 9.221484375000000000e+01
5.831250000000000000e+01 6.090234375000000000e+01
6.187500000000000000e+01 5.504296875000000000e+01
6.959375000000000000e+01 5.361328125000000000e+01
7.731250000000000000e+01 5.647265625000000000e+01
7.018750000000000000e+01 5.933203125000000000e+01
6.246875000000000000e+01 6.004687500000000000e+01
1.117500000000000000e+02 5.432812500000000000e+01
1.200625000000000000e+02 5.218359375000000000e+01
1.289687500000000000e+02 5.361328125000000000e+01
1.343125000000000000e+02 5.804296875000000000e+01
1.289687500000000000e+02 5.718750000000000000e+01
1.200625000000000000e+02 5.718750000000000000e+01
7.256250000000000000e+01 1.158046875000000000e+02
7.553125000000000000e+01 1.086562500000000000e+02
8.206250000000000000e+01 1.080820312500000000e+02
8.800000000000000000e+01 1.057968750000000000e+02
9.393750000000000000e+01 1.073671875000000000e+02
1.070000000000000000e+02 1.086562500000000000e+02
1.194687500000000000e+02 1.165195312500000000e+02
1.105625000000000000e+02 1.250976562500000000e+02
9.987500000000000000e+01 1.293867187500000000e+02
8.859375000000000000e+01 1.308164062500000000e+02
8.146875000000000000e+01 1.286718750000000000e+02
7.553125000000000000e+01 1.236679687500000000e+02
7.434375000000000000e+01 1.158046875000000000e+02
8.087500000000000000e+01 1.129453125000000000e+02
8.859375000000000000e+01 1.122304687500000000e+02
1.034375000000000000e+02 1.129453125000000000e+02
1.176875000000000000e+02 1.165195312500000000e+02
1.040312500000000000e+02 1.193789062500000000e+02
8.918750000000000000e+01 1.200937500000000000e+02
8.087500000000000000e+01 1.186640625000000000e+02
