4.804296875000000000e+01 5.118750000000000000e+01
4.804296875000000000e+01 6.753906250000000000e+01
4.862500000000000000e+01 8.389062500000000000e+01
5.095312500000000000e+01 9.953125000000000000e+01
5.444531250000000000e+01 1.151718750000000000e+02
5.968359375000000000e+01 1.301015625000000000e+02
6.725000000000000000e+01 1.428984375000000000e+02
7.539843750000000000e+01 1.549843750000000000e+02
8.762109375000000000e+01 1.613828125000000000e+02
1.045000000000000000e+02 1.613828125000000000e+02
1.219609375000000000e+02 1.564062500000000000e+02
1.388398437500000000e+02 1.485859375000000000e+02
1.533906250000000000e+02 1.379218750000000000e+02
1.638671875000000000e+02 1.208593750000000000e+02
1.708515625000000000e+02 1.009531250000000000e+02
1.749257812500000000e+02 7.962500000000000000e+01
1.766718750000000000e+02 5.829687500000000000e+01
4.920703125000000000e+01 4.407812500000000000e+01
5.386328125000000000e+01 3.696875000000000000e+01
6.142968750000000000e+01 3.483593750000000000e+01
7.074218750000000000e+01 3.554687500000000000e+01
7.830859375000000000e+01 3.839062500000000000e+01
1.050820312500000000e+02 3.839062500000000000e+01
1.167226562500000000e+02 3.625781250000000000e+01
1.289453125000000000e+02 3.554687500000000000e+01
1.400039062500000000e+02 3.839062500000000000e+01
1.487343750000000000e+02 4.763281250000000000e+01
8.936718750000000000e+01 5.332031250000000000e+01
8.762109375000000000e+01 6.398437500000000000e+01
8.529296875000000000e+01 7.464843750000000000e+01
8.354687500000000000e+01 8.531250000000000000e+01
7.598046875000000000e+01 9.455468750000000000e+01
8.063671875000000000e+01 9.668750000000000000e+01
8.645703125000000000e+01 9.810937500000000000e+01
9.344140625000000000e+01 9.668750000000000000e+01
9.984375000000000000e+01 9.597656250000000000e+01
5.619140625000000000e+01 5.845312500000000000e+01
6.026562500000000000e+01 5.047656250000000000e+01
6.899609375000000000e+01 5.047656250000000000e+01
7.656250000000000000e+01 5.687500000000000000e+01
6.841406250000000000e+01 5.829687500000000000e+01
6.026562500000000000e+01 5.829687500000000000e+01
1.120664062500000000e+02 5.545312500000000000e+01
1.202148437500000000e+02 5.118750000000000000e+01
1.301093750000000000e+02 5.260937500000000000e+01
1.359296875000000000e+02 6.058593750000000000e+01
1.301093750000000000e+02 5.971875000000000000e+01
1.207968750000000000e+02 5.900781250000000000e+01
7.190625000000000000e+01 1.173046875000000000e+02
7.481640625000000000e+01 1.116171875000000000e+02
8.121875000000000000e+01 1.117734375000000000e+02
8.587500000000000000e+01 1.101953125000000000e+02
9.111328125000000000e+01 1.124843750000000000e+02
1.010078125000000000e+02 1.130390625000000000e+02
1.103203125000000000e+02 1.194375000000000000e+02
1.033359375000000000e+02 1.265468750000000000e+02
9.518750000000000000e+01 1.308125000000000000e+02
8.587500000000000000e+01 1.315234375000000000e+02
7.947265625000000000e+01 1.293906250000000000e+02
7.423437500000000000e+01 1.244140625000000000e+02
7.365234375000000000e+01 1.173046875000000000e+02
8.005468750000000000e+01 1.158828125000000000e+02
8.587500000000000000e+01 1.165937500000000000e+02
9.751562500000000000e+01 1.173046875000000000e+02
1.085742187500000000e+02 1.194375000000000000e+02
9.751562500000000000e+01 1.194375000000000000e+02
8.587500000000000000e+01 1.194375000000000000e+02
7.947265625000000000e+01 1.180156250000000000e+02
