5.004687500000000000e+01 5.118750000000000000e+01
4.944531250000000000e+01 6.611718750000000000e+01
4.944531250000000000e+01 8.317968750000000000e+01
5.125000000000000000e+01 9.953125000000000000e+01
5.425781250000000000e+01 1.144609375000000000e+02
6.027343750000000000e+01 1.293906250000000000e+02
6.809375000000000000e+01 1.428984375000000000e+02
7.651562500000000000e+01 1.549843750000000000e+02
8.975000000000000000e+01 1.613828125000000000e+02
1.071953125000000000e+02 1.620937500000000000e+02
1.246406250000000000e+02 1.564062500000000000e+02
1.420859375000000000e+02 1.500078125000000000e+02
1.577265625000000000e+02 1.393437500000000000e+02
1.679531250000000000e+02 1.222812500000000000e+02
1.745703125000000000e+02 1.030859375000000000e+02
1.799843750000000000e+02 8.175781250000000000e+01
1.823906250000000000e+02 6.185156250000000000e+01
5.185156250000000000e+01 4.265625000000000000e+01
5.726562500000000000e+01 3.625781250000000000e+01
6.568750000000000000e+01 3.412500000000000000e+01
7.471093750000000000e+01 3.554687500000000000e+01
8.313281250000000000e+01 3.839062500000000000e+01
1.108046875000000000e+02 3.910156250000000000e+01
1.228359375000000000e+02 3.696875000000000000e+01
1.354687500000000000e+02 3.625781250000000000e+01
1.468984375000000000e+02 3.981250000000000000e+01
1.553203125000000000e+02 4.905468750000000000e+01
9.396093750000000000e+01 5.545312500000000000e+01
9.215625000000000000e+01 6.611718750000000000e+01
9.035156250000000000e+01 7.607031250000000000e+01
8.854687500000000000e+01 8.744531250000000000e+01
7.952343750000000000e+01 9.668750000000000000e+01
8.433593750000000000e+01 9.810937500000000000e+01
9.035156250000000000e+01 1.002421875000000000e+02
9.817187500000000000e+01 9.882031250000000000e+01
1.047890625000000000e+02 9.810937500000000000e+01
5.907031250000000000e+01 5.774218750000000000e+01
6.388281250000000000e+01 5.047656250000000000e+01
7.290625000000000000e+01 5.118750000000000000e+01
8.012500000000000000e+01 5.829687500000000000e+01
7.170312500000000000e+01 5.971875000000000000e+01
6.328125000000000000e+01 5.829687500000000000e+01
1.162187500000000000e+02 5.829687500000000000e+01
1.252421875000000000e+02 5.260937500000000000e+01
1.354687500000000000e+02 5.474218750000000000e+01
1.414843750000000000e+02 6.271875000000000000e+01
1.354687500000000000e+02 6.256250000000000000e+01
1.252421875000000000e+02 6.256250000000000000e+01
7.290625000000000000e+01 1.151718750000000000e+02
7.771875000000000000e+01 1.101953125000000000e+02
8.433593750000000000e+01 1.103515625000000000e+02
8.975000000000000000e+01 1.094843750000000000e+02
9.576562500000000000e+01 1.117734375000000000e+02
1.059921875000000000e+02 1.130390625000000000e+02
1.162187500000000000e+02 1.194375000000000000e+02
1.083984375000000000e+02 1.265468750000000000e+02
9.877343750000000000e+01 1.301015625000000000e+02
8.854687500000000000e+01 1.308125000000000000e+02
8.192968750000000000e+01 1.286796875000000000e+02
7.591406250000000000e+01 1.229921875000000000e+02
7.471093750000000000e+01 1.151718750000000000e+02
8.253125000000000000e+01 1.144609375000000000e+02
8.975000000000000000e+01 1.158828125000000000e+02
1.017812500000000000e+02 1.165937500000000000e+02
1.144140625000000000e+02 1.194375000000000000e+02
1.017812500000000000e+02 1.187265625000000000e+02
8.975000000000000000e+01 1.187265625000000000e+02
8.192968750000000000e+01 1.165937500000000000e+02
