4.435546875000000000e+01 5.146875000000000000e+01
4.256250000000000000e+01 7.291406250000000000e+01
4.435546875000000000e+01 9.435937500000000000e+01
4.794140625000000000e+01 1.150898437500000000e+02
5.690625000000000000e+01 1.329609375000000000e+02
7.005468750000000000e+01 1.451132812500000000e+02
8.559375000000000000e+01 1.551210937500000000e+02
1.029257812500000000e+02 1.615546875000000000e+02
1.196601562500000000e+02 1.636992187500000000e+02
1.334062500000000000e+02 1.594101562500000000e+02
1.447617187500000000e+02 1.501171875000000000e+02
1.549218750000000000e+02 1.393945312500000000e+02
1.626914062500000000e+02 1.258125000000000000e+02
1.680703125000000000e+02 1.100859375000000000e+02
1.722539062500000000e+02 9.364453125000000000e+01
1.746445312500000000e+02 7.648828125000000000e+01
1.752421875000000000e+02 5.933203125000000000e+01
7.244531250000000000e+01 4.503515625000000000e+01
8.200781250000000000e+01 3.645703125000000000e+01
9.336328125000000000e+01 3.359765625000000000e+01
1.053164062500000000e+02 3.431250000000000000e+01
1.166718750000000000e+02 3.717187500000000000e+01
1.441640625000000000e+02 4.146093750000000000e+01
1.525312500000000000e+02 3.860156250000000000e+01
1.614960937500000000e+02 3.788671875000000000e+01
1.704609375000000000e+02 4.003125000000000000e+01
1.752421875000000000e+02 4.717968750000000000e+01
1.304179687500000000e+02 5.575781250000000000e+01
1.310156250000000000e+02 6.576562500000000000e+01
1.316132812500000000e+02 7.720312500000000000e+01
1.316132812500000000e+02 8.721093750000000000e+01
1.136835937500000000e+02 9.721875000000000000e+01
1.208554687500000000e+02 9.864843750000000000e+01
1.280273437500000000e+02 1.007929687500000000e+02
1.340039062500000000e+02 1.007929687500000000e+02
1.387851562500000000e+02 9.936328125000000000e+01
8.380078125000000000e+01 5.947265625000000000e+01
8.917968750000000000e+01 5.289843750000000000e+01
9.993750000000000000e+01 5.146875000000000000e+01
1.077070312500000000e+02 5.790234375000000000e+01
9.874218750000000000e+01 6.004687500000000000e+01
8.917968750000000000e+01 5.933203125000000000e+01
1.447617187500000000e+02 6.076171875000000000e+01
1.525312500000000000e+02 5.504296875000000000e+01
1.620937500000000000e+02 5.575781250000000000e+01
1.662773437500000000e+02 6.376171875000000000e+01
1.614960937500000000e+02 6.362109375000000000e+01
1.531289062500000000e+02 6.362109375000000000e+01
9.814453125000000000e+01 1.165195312500000000e+02
1.095000000000000000e+02 1.122304687500000000e+02
1.202578125000000000e+02 1.123710937500000000e+02
1.256367187500000000e+02 1.115156250000000000e+02
1.316132812500000000e+02 1.138007812500000000e+02
1.381875000000000000e+02 1.143750000000000000e+02
1.423710937500000000e+02 1.208085937500000000e+02
1.375898437500000000e+02 1.272421875000000000e+02
1.310156250000000000e+02 1.308164062500000000e+02
1.232460937500000000e+02 1.308164062500000000e+02
1.136835937500000000e+02 1.286718750000000000e+02
1.053164062500000000e+02 1.236679687500000000e+02
1.005351562500000000e+02 1.165195312500000000e+02
1.130859375000000000e+02 1.165195312500000000e+02
1.250390625000000000e+02 1.179492187500000000e+02
1.328085937500000000e+02 1.186640625000000000e+02
1.405781250000000000e+02 1.208085937500000000e+02
1.328085937500000000e+02 1.208085937500000000e+02
1.250390625000000000e+02 1.200937500000000000e+02
1.124882812500000000e+02 1.179492187500000000e+02
