5.144531250000000000e+01 6.568359375000000000e+01
5.024218750000000000e+01 8.020312500000000000e+01
5.084375000000000000e+01 9.472265625000000000e+01
5.505468750000000000e+01 1.085507812500000000e+02
6.046875000000000000e+01 1.223789062500000000e+02
6.588281250000000000e+01 1.355156250000000000e+02
7.250000000000000000e+01 1.479609375000000000e+02
8.032031250000000000e+01 1.583320312500000000e+02
9.235156250000000000e+01 1.631718750000000000e+02
1.097968750000000000e+02 1.610976562500000000e+02
1.272421875000000000e+02 1.548750000000000000e+02
1.434843750000000000e+02 1.458867187500000000e+02
1.579218750000000000e+02 1.348242187500000000e+02
1.669453125000000000e+02 1.175390625000000000e+02
1.717578125000000000e+02 9.817968750000000000e+01
1.747656250000000000e+02 7.743750000000000000e+01
1.759687500000000000e+02 5.669531250000000000e+01
4.964062500000000000e+01 4.494140625000000000e+01
5.325000000000000000e+01 3.871875000000000000e+01
5.926562500000000000e+01 3.595312500000000000e+01
6.648437500000000000e+01 3.595312500000000000e+01
7.310156250000000000e+01 3.733593750000000000e+01
9.535937500000000000e+01 3.180468750000000000e+01
1.079921875000000000e+02 2.696484375000000000e+01
1.200234375000000000e+02 2.558203125000000000e+01
1.320546875000000000e+02 2.834765625000000000e+01
1.416796875000000000e+02 3.733593750000000000e+01
8.272656250000000000e+01 5.185546875000000000e+01
8.032031250000000000e+01 5.876953125000000000e+01
7.851562500000000000e+01 6.706640625000000000e+01
7.610937500000000000e+01 7.467187500000000000e+01
7.310156250000000000e+01 8.988281250000000000e+01
7.671093750000000000e+01 8.919140625000000000e+01
8.212500000000000000e+01 8.919140625000000000e+01
8.874218750000000000e+01 8.780859375000000000e+01
9.596093750000000000e+01 8.642578125000000000e+01
5.565625000000000000e+01 6.384375000000000000e+01
5.866406250000000000e+01 5.531250000000000000e+01
6.648437500000000000e+01 5.392968750000000000e+01
7.370312500000000000e+01 5.807812500000000000e+01
6.708593750000000000e+01 6.153515625000000000e+01
5.986718750000000000e+01 6.291796875000000000e+01
1.055859375000000000e+02 5.254687500000000000e+01
1.128046875000000000e+02 4.563281250000000000e+01
1.230312500000000000e+02 4.563281250000000000e+01
1.284453125000000000e+02 5.278125000000000000e+01
1.230312500000000000e+02 5.185546875000000000e+01
1.140078125000000000e+02 5.323828125000000000e+01
7.310156250000000000e+01 1.175390625000000000e+02
7.129687500000000000e+01 1.064765625000000000e+02
7.610937500000000000e+01 1.011796875000000000e+02
8.152343750000000000e+01 9.748828125000000000e+01
8.753906250000000000e+01 9.910546875000000000e+01
1.013750000000000000e+02 1.002539062500000000e+02
1.134062500000000000e+02 1.106250000000000000e+02
1.067890625000000000e+02 1.196132812500000000e+02
9.716406250000000000e+01 1.265273437500000000e+02
8.633593750000000000e+01 1.299843750000000000e+02
7.971875000000000000e+01 1.292929687500000000e+02
7.490625000000000000e+01 1.244531250000000000e+02
7.430468750000000000e+01 1.168476562500000000e+02
7.791406250000000000e+01 1.092421875000000000e+02
8.392968750000000000e+01 1.050937500000000000e+02
9.776562500000000000e+01 1.044023437500000000e+02
1.116015625000000000e+02 1.106250000000000000e+02
9.896875000000000000e+01 1.147734375000000000e+02
8.573437500000000000e+01 1.175390625000000000e+02
7.971875000000000000e+01 1.182304687500000000e+02
