5.285937500000000000e+01 5.232031250000000000e+01
5.285937500000000000e+01 6.787500000000000000e+01
5.342578125000000000e+01 8.484375000000000000e+01
5.625781250000000000e+01 9.969140625000000000e+01
6.135546875000000000e+01 1.145390625000000000e+02
6.701953125000000000e+01 1.286796875000000000e+02
7.438281250000000000e+01 1.414062500000000000e+02
8.174609375000000000e+01 1.534257812500000000e+02
9.364062500000000000e+01 1.604960937500000000e+02
1.100664062500000000e+02 1.604960937500000000e+02
1.270585937500000000e+02 1.541328125000000000e+02
1.434843750000000000e+02 1.456484375000000000e+02
1.582109375000000000e+02 1.343359375000000000e+02
1.678398437500000000e+02 1.166601562500000000e+02
1.740703125000000000e+02 9.615625000000000000e+01
1.774687500000000000e+02 7.494531250000000000e+01
1.780351562500000000e+02 5.444140625000000000e+01
5.285937500000000000e+01 4.242187500000000000e+01
5.739062500000000000e+01 3.605859375000000000e+01
6.418750000000000000e+01 3.393750000000000000e+01
7.211718750000000000e+01 3.605859375000000000e+01
7.948046875000000000e+01 3.888671875000000000e+01
1.038359375000000000e+02 3.605859375000000000e+01
1.151640625000000000e+02 3.323046875000000000e+01
1.276250000000000000e+02 3.181640625000000000e+01
1.383867187500000000e+02 3.464453125000000000e+01
1.474492187500000000e+02 4.312890625000000000e+01
8.967578125000000000e+01 5.302734375000000000e+01
8.797656250000000000e+01 6.363281250000000000e+01
8.684375000000000000e+01 7.353125000000000000e+01
8.514453125000000000e+01 8.342968750000000000e+01
7.891406250000000000e+01 9.403515625000000000e+01
8.344531250000000000e+01 9.544921875000000000e+01
8.854296875000000000e+01 9.686328125000000000e+01
9.533984375000000000e+01 9.544921875000000000e+01
1.015703125000000000e+02 9.403515625000000000e+01
5.908984375000000000e+01 5.814843750000000000e+01
6.305468750000000000e+01 5.019921875000000000e+01
7.211718750000000000e+01 5.090625000000000000e+01
7.891406250000000000e+01 5.726953125000000000e+01
7.098437500000000000e+01 5.939062500000000000e+01
6.305468750000000000e+01 5.868359375000000000e+01
1.111992187500000000e+02 5.585546875000000000e+01
1.191289062500000000e+02 4.878515625000000000e+01
1.287578125000000000e+02 4.949218750000000000e+01
1.344218750000000000e+02 5.744140625000000000e+01
1.293242187500000000e+02 5.726953125000000000e+01
1.196953125000000000e+02 5.797656250000000000e+01
7.664843750000000000e+01 1.159531250000000000e+02
7.891406250000000000e+01 1.095898437500000000e+02
8.401171875000000000e+01 1.097617187500000000e+02
8.854296875000000000e+01 1.081757812500000000e+02
9.364062500000000000e+01 1.097617187500000000e+02
1.038359375000000000e+02 1.102968750000000000e+02
1.134648437500000000e+02 1.159531250000000000e+02
1.072343750000000000e+02 1.237304687500000000e+02
9.873828125000000000e+01 1.286796875000000000e+02
8.967578125000000000e+01 1.293867187500000000e+02
8.401171875000000000e+01 1.279726562500000000e+02
7.948046875000000000e+01 1.230234375000000000e+02
7.834765625000000000e+01 1.159531250000000000e+02
8.401171875000000000e+01 1.159531250000000000e+02
8.910937500000000000e+01 1.159531250000000000e+02
1.004375000000000000e+02 1.159531250000000000e+02
1.117656250000000000e+02 1.159531250000000000e+02
1.010039062500000000e+02 1.173671875000000000e+02
8.967578125000000000e+01 1.180742187500000000e+02
8.401171875000000000e+01 1.166601562500000000e+02
