4.903125000000000000e+01 5.797656250000000000e+01
4.903125000000000000e+01 7.423828125000000000e+01
5.140625000000000000e+01 9.050000000000000000e+01
5.615625000000000000e+01 1.060546875000000000e+02
6.209375000000000000e+01 1.209023437500000000e+02
6.862500000000000000e+01 1.350429687500000000e+02
7.693750000000000000e+01 1.484765625000000000e+02
8.584375000000000000e+01 1.597890625000000000e+02
9.890625000000000000e+01 1.654453125000000000e+02
1.155312500000000000e+02 1.640312500000000000e+02
1.321562500000000000e+02 1.555468750000000000e+02
1.470000000000000000e+02 1.449414062500000000e+02
1.600625000000000000e+02 1.308007812500000000e+02
1.677812500000000000e+02 1.138320312500000000e+02
1.719375000000000000e+02 9.403515625000000000e+01
1.743125000000000000e+02 7.282421875000000000e+01
1.749062500000000000e+02 5.232031250000000000e+01
4.725000000000000000e+01 4.454296875000000000e+01
5.259375000000000000e+01 3.888671875000000000e+01
6.090625000000000000e+01 3.888671875000000000e+01
6.921875000000000000e+01 4.100781250000000000e+01
7.753125000000000000e+01 4.454296875000000000e+01
1.030625000000000000e+02 4.100781250000000000e+01
1.155312500000000000e+02 3.747265625000000000e+01
1.274062500000000000e+02 3.535156250000000000e+01
1.392812500000000000e+02 3.747265625000000000e+01
1.493750000000000000e+02 4.454296875000000000e+01
8.881250000000000000e+01 5.656250000000000000e+01
8.821875000000000000e+01 6.858203125000000000e+01
8.703125000000000000e+01 7.989453125000000000e+01
8.643750000000000000e+01 9.120703125000000000e+01
7.990625000000000000e+01 1.003984375000000000e+02
8.465625000000000000e+01 1.018125000000000000e+02
9.059375000000000000e+01 1.032265625000000000e+02
9.771875000000000000e+01 1.011054687500000000e+02
1.042500000000000000e+02 9.969140625000000000e+01
5.556250000000000000e+01 6.239062500000000000e+01
6.031250000000000000e+01 5.514843750000000000e+01
6.862500000000000000e+01 5.514843750000000000e+01
7.634375000000000000e+01 6.009765625000000000e+01
6.862500000000000000e+01 6.151171875000000000e+01
6.031250000000000000e+01 6.221875000000000000e+01
1.119687500000000000e+02 5.797656250000000000e+01
1.208750000000000000e+02 5.302734375000000000e+01
1.303750000000000000e+02 5.373437500000000000e+01
1.369062500000000000e+02 6.026953125000000000e+01
1.303750000000000000e+02 5.939062500000000000e+01
1.214687500000000000e+02 6.009765625000000000e+01
7.812500000000000000e+01 1.216093750000000000e+02
8.050000000000000000e+01 1.152460937500000000e+02
8.643750000000000000e+01 1.154179687500000000e+02
9.178125000000000000e+01 1.138320312500000000e+02
9.712500000000000000e+01 1.147109375000000000e+02
1.090000000000000000e+02 1.145390625000000000e+02
1.202812500000000000e+02 1.194882812500000000e+02
1.137500000000000000e+02 1.293867187500000000e+02
1.042500000000000000e+02 1.357500000000000000e+02
9.356250000000000000e+01 1.378710937500000000e+02
8.643750000000000000e+01 1.357500000000000000e+02
8.109375000000000000e+01 1.293867187500000000e+02
7.990625000000000000e+01 1.216093750000000000e+02
8.584375000000000000e+01 1.209023437500000000e+02
9.237500000000000000e+01 1.216093750000000000e+02
1.054375000000000000e+02 1.201953125000000000e+02
1.185000000000000000e+02 1.194882812500000000e+02
1.060312500000000000e+02 1.237304687500000000e+02
9.356250000000000000e+01 1.251445312500000000e+02
8.643750000000000000e+01 1.237304687500000000e+02
