5.240625000000000000e+01 5.260937500000000000e+01
5.182031250000000000e+01 6.896093750000000000e+01
5.299218750000000000e+01 8.602343750000000000e+01
5.592187500000000000e+01 1.016640625000000000e+02
6.060937500000000000e+01 1.165937500000000000e+02
6.705468750000000000e+01 1.308125000000000000e+02
7.525781250000000000e+01 1.436093750000000000e+02
8.463281250000000000e+01 1.549843750000000000e+02
9.810937500000000000e+01 1.599609375000000000e+02
1.139296875000000000e+02 1.592500000000000000e+02
1.285781250000000000e+02 1.528515625000000000e+02
1.432265625000000000e+02 1.443203125000000000e+02
1.561171875000000000e+02 1.322343750000000000e+02
1.643203125000000000e+02 1.165937500000000000e+02
1.690078125000000000e+02 9.810937500000000000e+01
1.731093750000000000e+02 7.891406250000000000e+01
1.754531250000000000e+02 5.971875000000000000e+01
5.475000000000000000e+01 4.052343750000000000e+01
6.178125000000000000e+01 3.483593750000000000e+01
7.057031250000000000e+01 3.554687500000000000e+01
7.935937500000000000e+01 3.839062500000000000e+01
8.756250000000000000e+01 4.265625000000000000e+01
1.145156250000000000e+02 4.194531250000000000e+01
1.262343750000000000e+02 3.839062500000000000e+01
1.373671875000000000e+02 3.696875000000000000e+01
1.485000000000000000e+02 3.981250000000000000e+01
1.572890625000000000e+02 4.763281250000000000e+01
9.986718750000000000e+01 5.687500000000000000e+01
9.869531250000000000e+01 6.753906250000000000e+01
9.752343750000000000e+01 7.891406250000000000e+01
9.635156250000000000e+01 8.957812500000000000e+01
8.697656250000000000e+01 9.739843750000000000e+01
9.166406250000000000e+01 9.882031250000000000e+01
9.752343750000000000e+01 1.009531250000000000e+02
1.045546875000000000e+02 9.953125000000000000e+01
1.110000000000000000e+02 9.810937500000000000e+01
6.295312500000000000e+01 6.058593750000000000e+01
6.822656250000000000e+01 5.616406250000000000e+01
7.642968750000000000e+01 5.616406250000000000e+01
8.463281250000000000e+01 5.971875000000000000e+01
7.642968750000000000e+01 6.114062500000000000e+01
6.764062500000000000e+01 6.042968750000000000e+01
1.209609375000000000e+02 6.042968750000000000e+01
1.303359375000000000e+02 5.829687500000000000e+01
1.391250000000000000e+02 5.971875000000000000e+01
1.455703125000000000e+02 6.485156250000000000e+01
1.391250000000000000e+02 6.398437500000000000e+01
1.303359375000000000e+02 6.327343750000000000e+01
7.877343750000000000e+01 1.144609375000000000e+02
8.463281250000000000e+01 1.094843750000000000e+02
9.166406250000000000e+01 1.103515625000000000e+02
9.752343750000000000e+01 1.094843750000000000e+02
1.033828125000000000e+02 1.110625000000000000e+02
1.133437500000000000e+02 1.116171875000000000e+02
1.233046875000000000e+02 1.173046875000000000e+02
1.162734375000000000e+02 1.265468750000000000e+02
1.068984375000000000e+02 1.315234375000000000e+02
9.693750000000000000e+01 1.329453125000000000e+02
8.873437500000000000e+01 1.301015625000000000e+02
8.228906250000000000e+01 1.237031250000000000e+02
8.053125000000000000e+01 1.144609375000000000e+02
8.873437500000000000e+01 1.151718750000000000e+02
9.752343750000000000e+01 1.165937500000000000e+02
1.098281250000000000e+02 1.165937500000000000e+02
1.215468750000000000e+02 1.173046875000000000e+02
1.098281250000000000e+02 1.201484375000000000e+02
9.752343750000000000e+01 1.208593750000000000e+02
8.873437500000000000e+01 1.180156250000000000e+02
