5.457812500000000000e+01 4.621093750000000000e+01
5.340625000000000000e+01 6.327343750000000000e+01
5.457812500000000000e+01 7.962500000000000000e+01
5.692187500000000000e+01 9.668750000000000000e+01
6.102343750000000000e+01 1.123281250000000000e+02
6.688281250000000000e+01 1.272578125000000000e+02
7.450000000000000000e+01 1.407656250000000000e+02
8.328906250000000000e+01 1.535625000000000000e+02
9.617968750000000000e+01 1.599609375000000000e+02
1.120000000000000000e+02 1.599609375000000000e+02
1.278203125000000000e+02 1.535625000000000000e+02
1.424687500000000000e+02 1.450312500000000000e+02
1.553593750000000000e+02 1.336562500000000000e+02
1.641484375000000000e+02 1.173046875000000000e+02
1.705937500000000000e+02 9.882031250000000000e+01
1.752812500000000000e+02 7.962500000000000000e+01
1.776250000000000000e+02 6.042968750000000000e+01
5.633593750000000000e+01 3.767968750000000000e+01
6.395312500000000000e+01 3.270312500000000000e+01
7.274218750000000000e+01 3.412500000000000000e+01
8.094531250000000000e+01 3.839062500000000000e+01
8.914843750000000000e+01 4.336718750000000000e+01
1.161015625000000000e+02 4.478906250000000000e+01
1.278203125000000000e+02 4.194531250000000000e+01
1.395390625000000000e+02 4.052343750000000000e+01
1.506718750000000000e+02 4.265625000000000000e+01
1.600468750000000000e+02 5.047656250000000000e+01
1.008671875000000000e+02 5.758593750000000000e+01
9.969531250000000000e+01 6.967187500000000000e+01
9.793750000000000000e+01 8.104687500000000000e+01
9.676562500000000000e+01 9.242187500000000000e+01
8.739062500000000000e+01 9.810937500000000000e+01
9.207812500000000000e+01 1.009531250000000000e+02
9.793750000000000000e+01 1.030859375000000000e+02
1.043828125000000000e+02 1.016640625000000000e+02
1.108281250000000000e+02 1.009531250000000000e+02
6.453906250000000000e+01 5.845312500000000000e+01
6.981250000000000000e+01 5.474218750000000000e+01
7.801562500000000000e+01 5.545312500000000000e+01
8.563281250000000000e+01 5.900781250000000000e+01
7.742968750000000000e+01 5.971875000000000000e+01
6.922656250000000000e+01 5.900781250000000000e+01
1.219609375000000000e+02 6.256250000000000000e+01
1.313359375000000000e+02 6.114062500000000000e+01
1.407109375000000000e+02 6.256250000000000000e+01
1.471562500000000000e+02 6.769531250000000000e+01
1.407109375000000000e+02 6.753906250000000000e+01
1.313359375000000000e+02 6.682812500000000000e+01
8.094531250000000000e+01 1.165937500000000000e+02
8.563281250000000000e+01 1.116171875000000000e+02
9.207812500000000000e+01 1.131953125000000000e+02
9.735156250000000000e+01 1.123281250000000000e+02
1.026250000000000000e+02 1.146171875000000000e+02
1.114140625000000000e+02 1.151718750000000000e+02
1.190312500000000000e+02 1.208593750000000000e+02
1.131718750000000000e+02 1.301015625000000000e+02
1.049687500000000000e+02 1.350781250000000000e+02
9.617968750000000000e+01 1.357890625000000000e+02
8.856250000000000000e+01 1.322343750000000000e+02
8.328906250000000000e+01 1.251250000000000000e+02
8.270312500000000000e+01 1.165937500000000000e+02
8.973437500000000000e+01 1.165937500000000000e+02
9.676562500000000000e+01 1.187265625000000000e+02
1.073125000000000000e+02 1.194375000000000000e+02
1.172734375000000000e+02 1.208593750000000000e+02
1.073125000000000000e+02 1.229921875000000000e+02
9.735156250000000000e+01 1.237031250000000000e+02
8.973437500000000000e+01 1.201484375000000000e+02
