5.334375000000000000e+01 5.853515625000000000e+01
5.334375000000000000e+01 7.587890625000000000e+01
5.513671875000000000e+01 9.250000000000000000e+01
5.872265625000000000e+01 1.091210937500000000e+02
6.410156250000000000e+01 1.250195312500000000e+02
7.187109375000000000e+01 1.394726562500000000e+02
8.262890625000000000e+01 1.503125000000000000e+02
9.458203125000000000e+01 1.582617187500000000e+02
1.089257812500000000e+02 1.618750000000000000e+02
1.244648437500000000e+02 1.604296875000000000e+02
1.394062500000000000e+02 1.539257812500000000e+02
1.543476562500000000e+02 1.452539062500000000e+02
1.663007812500000000e+02 1.322460937500000000e+02
1.734726562500000000e+02 1.156250000000000000e+02
1.776562500000000000e+02 9.683593750000000000e+01
1.806445312500000000e+02 7.732421875000000000e+01
1.818398437500000000e+02 5.781250000000000000e+01
5.633203125000000000e+01 4.408203125000000000e+01
6.350390625000000000e+01 3.685546875000000000e+01
7.306640625000000000e+01 3.541015625000000000e+01
8.322656250000000000e+01 3.757812500000000000e+01
9.219140625000000000e+01 4.046875000000000000e+01
1.202812500000000000e+02 3.830078125000000000e+01
1.316367187500000000e+02 3.541015625000000000e+01
1.429921875000000000e+02 3.396484375000000000e+01
1.549453125000000000e+02 3.541015625000000000e+01
1.639101562500000000e+02 4.263671875000000000e+01
1.059375000000000000e+02 5.492187500000000000e+01
1.053398437500000000e+02 6.503906250000000000e+01
1.053398437500000000e+02 7.587890625000000000e+01
1.047421875000000000e+02 8.599609375000000000e+01
9.458203125000000000e+01 9.683593750000000000e+01
9.996093750000000000e+01 9.755859375000000000e+01
1.065351562500000000e+02 9.900390625000000000e+01
1.137070312500000000e+02 9.755859375000000000e+01
1.202812500000000000e+02 9.611328125000000000e+01
6.589453125000000000e+01 6.298046875000000000e+01
7.127343750000000000e+01 5.708984375000000000e+01
8.023828125000000000e+01 5.636718750000000000e+01
8.860546875000000000e+01 5.925781250000000000e+01
8.023828125000000000e+01 6.214843750000000000e+01
7.127343750000000000e+01 6.214843750000000000e+01
1.274531250000000000e+02 5.781250000000000000e+01
1.370156250000000000e+02 5.492187500000000000e+01
1.465781250000000000e+02 5.636718750000000000e+01
1.525546875000000000e+02 6.153515625000000000e+01
1.465781250000000000e+02 6.070312500000000000e+01
1.370156250000000000e+02 5.998046875000000000e+01
8.741015625000000000e+01 1.177929687500000000e+02
9.278906250000000000e+01 1.098437500000000000e+02
1.011562500000000000e+02 1.085078125000000000e+02
1.065351562500000000e+02 1.069531250000000000e+02
1.119140625000000000e+02 1.085078125000000000e+02
1.220742187500000000e+02 1.098437500000000000e+02
1.304414062500000000e+02 1.185156250000000000e+02
1.244648437500000000e+02 1.264648437500000000e+02
1.160976562500000000e+02 1.315234375000000000e+02
1.071328125000000000e+02 1.329687500000000000e+02
9.936328125000000000e+01 1.315234375000000000e+02
9.219140625000000000e+01 1.264648437500000000e+02
8.920312500000000000e+01 1.177929687500000000e+02
9.757031250000000000e+01 1.141796875000000000e+02
1.071328125000000000e+02 1.141796875000000000e+02
1.178906250000000000e+02 1.141796875000000000e+02
1.286484375000000000e+02 1.185156250000000000e+02
1.178906250000000000e+02 1.192382812500000000e+02
1.071328125000000000e+02 1.199609375000000000e+02
9.757031250000000000e+01 1.192382812500000000e+02
