5.518750000000000000e+01 5.318750000000000000e+01
5.281250000000000000e+01 6.900000000000000000e+01
5.162500000000000000e+01 8.481250000000000000e+01
5.281250000000000000e+01 1.013437500000000000e+02
5.518750000000000000e+01 1.164375000000000000e+02
6.053125000000000000e+01 1.315312500000000000e+02
6.706250000000000000e+01 1.444687500000000000e+02
7.537500000000000000e+01 1.559687500000000000e+02
8.725000000000000000e+01 1.631562500000000000e+02
1.038750000000000000e+02 1.645937500000000000e+02
1.199062500000000000e+02 1.610000000000000000e+02
1.365312500000000000e+02 1.552500000000000000e+02
1.507812500000000000e+02 1.459062500000000000e+02
1.614687500000000000e+02 1.315312500000000000e+02
1.680000000000000000e+02 1.135625000000000000e+02
1.739375000000000000e+02 9.487500000000000000e+01
1.775000000000000000e+02 7.546875000000000000e+01
5.815625000000000000e+01 3.809375000000000000e+01
6.409375000000000000e+01 3.162500000000000000e+01
7.300000000000000000e+01 3.234375000000000000e+01
8.071875000000000000e+01 3.593750000000000000e+01
8.843750000000000000e+01 4.096875000000000000e+01
1.157500000000000000e+02 4.240625000000000000e+01
1.276250000000000000e+02 4.025000000000000000e+01
1.389062500000000000e+02 4.096875000000000000e+01
1.501875000000000000e+02 4.456250000000000000e+01
1.579062500000000000e+02 5.390625000000000000e+01
9.853125000000000000e+01 5.893750000000000000e+01
9.615625000000000000e+01 6.900000000000000000e+01
9.318750000000000000e+01 7.834375000000000000e+01
9.081250000000000000e+01 8.840625000000000000e+01
8.190625000000000000e+01 9.703125000000000000e+01
8.665625000000000000e+01 9.918750000000000000e+01
9.140625000000000000e+01 1.013437500000000000e+02
9.912500000000000000e+01 1.013437500000000000e+02
1.056562500000000000e+02 1.013437500000000000e+02
6.350000000000000000e+01 6.193750000000000000e+01
6.884375000000000000e+01 5.893750000000000000e+01
7.656250000000000000e+01 5.965625000000000000e+01
8.487500000000000000e+01 6.109375000000000000e+01
7.656250000000000000e+01 6.109375000000000000e+01
6.825000000000000000e+01 6.037500000000000000e+01
1.181250000000000000e+02 6.612500000000000000e+01
1.276250000000000000e+02 6.756250000000000000e+01
1.365312500000000000e+02 6.971875000000000000e+01
1.424687500000000000e+02 7.415625000000000000e+01
1.365312500000000000e+02 7.187500000000000000e+01
1.270312500000000000e+02 7.043750000000000000e+01
7.359375000000000000e+01 1.164375000000000000e+02
7.834375000000000000e+01 1.114062500000000000e+02
8.546875000000000000e+01 1.129687500000000000e+02
9.021875000000000000e+01 1.121250000000000000e+02
9.615625000000000000e+01 1.144062500000000000e+02
1.062500000000000000e+02 1.164375000000000000e+02
1.157500000000000000e+02 1.236250000000000000e+02
1.074375000000000000e+02 1.300937500000000000e+02
9.853125000000000000e+01 1.329687500000000000e+02
8.843750000000000000e+01 1.329687500000000000e+02
8.190625000000000000e+01 1.300937500000000000e+02
7.656250000000000000e+01 1.243437500000000000e+02
7.478125000000000000e+01 1.164375000000000000e+02
8.250000000000000000e+01 1.178750000000000000e+02
8.962500000000000000e+01 1.200312500000000000e+02
1.020937500000000000e+02 1.214687500000000000e+02
1.139687500000000000e+02 1.236250000000000000e+02
1.020937500000000000e+02 1.221875000000000000e+02
9.021875000000000000e+01 1.207500000000000000e+02
8.250000000000000000e+01 1.185937500000000000e+02
