5.240625000000000000e+01 4.621093750000000000e+01
5.123437500000000000e+01 6.327343750000000000e+01
5.240625000000000000e+01 7.962500000000000000e+01
5.475000000000000000e+01 9.668750000000000000e+01
5.885156250000000000e+01 1.123281250000000000e+02
6.529687500000000000e+01 1.272578125000000000e+02
7.350000000000000000e+01 1.407656250000000000e+02
8.228906250000000000e+01 1.535625000000000000e+02
9.517968750000000000e+01 1.599609375000000000e+02
1.115859375000000000e+02 1.599609375000000000e+02
1.279921875000000000e+02 1.528515625000000000e+02
1.426406250000000000e+02 1.443203125000000000e+02
1.561171875000000000e+02 1.322343750000000000e+02
1.649062500000000000e+02 1.158828125000000000e+02
1.707656250000000000e+02 9.739843750000000000e+01
1.748671875000000000e+02 7.820312500000000000e+01
1.777968750000000000e+02 5.829687500000000000e+01
5.475000000000000000e+01 3.839062500000000000e+01
6.178125000000000000e+01 3.341406250000000000e+01
7.057031250000000000e+01 3.483593750000000000e+01
7.935937500000000000e+01 3.910156250000000000e+01
8.697656250000000000e+01 4.336718750000000000e+01
1.151015625000000000e+02 4.407812500000000000e+01
1.268203125000000000e+02 4.123437500000000000e+01
1.379531250000000000e+02 3.981250000000000000e+01
1.496718750000000000e+02 4.194531250000000000e+01
1.584609375000000000e+02 4.976562500000000000e+01
9.928125000000000000e+01 5.829687500000000000e+01
9.810937500000000000e+01 6.967187500000000000e+01
9.635156250000000000e+01 8.175781250000000000e+01
9.459375000000000000e+01 9.313281250000000000e+01
8.521875000000000000e+01 9.953125000000000000e+01
8.990625000000000000e+01 1.023750000000000000e+02
9.576562500000000000e+01 1.045078125000000000e+02
1.033828125000000000e+02 1.030859375000000000e+02
1.098281250000000000e+02 1.016640625000000000e+02
6.295312500000000000e+01 5.916406250000000000e+01
6.822656250000000000e+01 5.545312500000000000e+01
7.642968750000000000e+01 5.616406250000000000e+01
8.404687500000000000e+01 5.900781250000000000e+01
7.584375000000000000e+01 5.971875000000000000e+01
6.764062500000000000e+01 5.900781250000000000e+01
1.203750000000000000e+02 6.256250000000000000e+01
1.297500000000000000e+02 6.185156250000000000e+01
1.385390625000000000e+02 6.327343750000000000e+01
1.449843750000000000e+02 6.840625000000000000e+01
1.385390625000000000e+02 6.682812500000000000e+01
1.291640625000000000e+02 6.611718750000000000e+01
7.818750000000000000e+01 1.158828125000000000e+02
8.346093750000000000e+01 1.130390625000000000e+02
9.049218750000000000e+01 1.153281250000000000e+02
9.576562500000000000e+01 1.144609375000000000e+02
1.016250000000000000e+02 1.167500000000000000e+02
1.104140625000000000e+02 1.165937500000000000e+02
1.203750000000000000e+02 1.208593750000000000e+02
1.133437500000000000e+02 1.286796875000000000e+02
1.039687500000000000e+02 1.336562500000000000e+02
9.400781250000000000e+01 1.343671875000000000e+02
8.697656250000000000e+01 1.308125000000000000e+02
8.111718750000000000e+01 1.244140625000000000e+02
7.935937500000000000e+01 1.158828125000000000e+02
8.756250000000000000e+01 1.187265625000000000e+02
9.517968750000000000e+01 1.208593750000000000e+02
1.068984375000000000e+02 1.208593750000000000e+02
1.186171875000000000e+02 1.208593750000000000e+02
1.068984375000000000e+02 1.222812500000000000e+02
9.517968750000000000e+01 1.222812500000000000e+02
8.697656250000000000e+01 1.194375000000000000e+02
