5.164062500000000000e+01 5.687500000000000000e+01
5.164062500000000000e+01 7.251562500000000000e+01
5.344531250000000000e+01 8.886718750000000000e+01
5.705468750000000000e+01 1.037968750000000000e+02
6.186718750000000000e+01 1.180156250000000000e+02
6.848437500000000000e+01 1.315234375000000000e+02
7.690625000000000000e+01 1.436093750000000000e+02
8.653125000000000000e+01 1.535625000000000000e+02
9.916406250000000000e+01 1.578281250000000000e+02
1.154062500000000000e+02 1.564062500000000000e+02
1.316484375000000000e+02 1.500078125000000000e+02
1.472890625000000000e+02 1.414765625000000000e+02
1.605234375000000000e+02 1.293906250000000000e+02
1.689453125000000000e+02 1.130390625000000000e+02
1.737578125000000000e+02 9.455468750000000000e+01
1.761640625000000000e+02 7.393750000000000000e+01
1.773671875000000000e+02 5.474218750000000000e+01
5.043750000000000000e+01 4.052343750000000000e+01
5.585156250000000000e+01 3.412500000000000000e+01
6.427343750000000000e+01 3.412500000000000000e+01
7.269531250000000000e+01 3.625781250000000000e+01
8.051562500000000000e+01 4.052343750000000000e+01
1.069843750000000000e+02 3.696875000000000000e+01
1.190156250000000000e+02 3.270312500000000000e+01
1.310468750000000000e+02 3.057031250000000000e+01
1.430781250000000000e+02 3.270312500000000000e+01
1.527031250000000000e+02 4.052343750000000000e+01
9.314843750000000000e+01 5.616406250000000000e+01
9.254687500000000000e+01 6.682812500000000000e+01
9.134375000000000000e+01 7.678125000000000000e+01
9.074218750000000000e+01 8.673437500000000000e+01
8.352343750000000000e+01 9.739843750000000000e+01
8.833593750000000000e+01 9.810937500000000000e+01
9.375000000000000000e+01 9.953125000000000000e+01
1.009687500000000000e+02 9.739843750000000000e+01
1.075859375000000000e+02 9.668750000000000000e+01
6.006250000000000000e+01 6.556250000000000000e+01
6.487500000000000000e+01 6.185156250000000000e+01
7.329687500000000000e+01 6.114062500000000000e+01
8.111718750000000000e+01 6.114062500000000000e+01
7.329687500000000000e+01 6.398437500000000000e+01
6.547656250000000000e+01 6.469531250000000000e+01
1.148046875000000000e+02 5.971875000000000000e+01
1.244296875000000000e+02 5.971875000000000000e+01
1.340546875000000000e+02 6.042968750000000000e+01
1.406718750000000000e+02 6.342968750000000000e+01
1.340546875000000000e+02 6.256250000000000000e+01
1.244296875000000000e+02 6.256250000000000000e+01
7.810937500000000000e+01 1.173046875000000000e+02
8.232031250000000000e+01 1.116171875000000000e+02
8.893750000000000000e+01 1.117734375000000000e+02
9.435156250000000000e+01 1.094843750000000000e+02
9.976562500000000000e+01 1.110625000000000000e+02
1.105937500000000000e+02 1.116171875000000000e+02
1.214218750000000000e+02 1.165937500000000000e+02
1.142031250000000000e+02 1.237031250000000000e+02
1.051796875000000000e+02 1.279687500000000000e+02
9.495312500000000000e+01 1.293906250000000000e+02
8.833593750000000000e+01 1.279687500000000000e+02
8.232031250000000000e+01 1.237031250000000000e+02
7.991406250000000000e+01 1.173046875000000000e+02
8.773437500000000000e+01 1.165937500000000000e+02
9.495312500000000000e+01 1.165937500000000000e+02
1.069843750000000000e+02 1.158828125000000000e+02
1.196171875000000000e+02 1.165937500000000000e+02
1.069843750000000000e+02 1.165937500000000000e+02
9.495312500000000000e+01 1.173046875000000000e+02
8.773437500000000000e+01 1.165937500000000000e+02
