5.219921875000000000e+01 6.328125000000000000e+01
5.331640625000000000e+01 7.945312500000000000e+01
5.555078125000000000e+01 9.492187500000000000e+01
6.057812500000000000e+01 1.089843750000000000e+02
6.728125000000000000e+01 1.230468750000000000e+02
7.398437500000000000e+01 1.357031250000000000e+02
8.180468750000000000e+01 1.483593750000000000e+02
8.906640625000000000e+01 1.589062500000000000e+02
1.007968750000000000e+02 1.652343750000000000e+02
1.169960937500000000e+02 1.631250000000000000e+02
1.320781250000000000e+02 1.553906250000000000e+02
1.466015625000000000e+02 1.441406250000000000e+02
1.583320312500000000e+02 1.307812500000000000e+02
1.661523437500000000e+02 1.125000000000000000e+02
1.689453125000000000e+02 9.281250000000000000e+01
1.695039062500000000e+02 7.171875000000000000e+01
1.689453125000000000e+02 5.132812500000000000e+01
4.940625000000000000e+01 4.710937500000000000e+01
5.387500000000000000e+01 4.078125000000000000e+01
6.113671875000000000e+01 4.007812500000000000e+01
6.839843750000000000e+01 4.218750000000000000e+01
7.566015625000000000e+01 4.500000000000000000e+01
9.800390625000000000e+01 4.007812500000000000e+01
1.091757812500000000e+02 3.585937500000000000e+01
1.209062500000000000e+02 3.375000000000000000e+01
1.320781250000000000e+02 3.515625000000000000e+01
1.421328125000000000e+02 4.148437500000000000e+01
8.571484375000000000e+01 5.765625000000000000e+01
8.571484375000000000e+01 6.820312500000000000e+01
8.459765625000000000e+01 7.804687500000000000e+01
8.403906250000000000e+01 8.859375000000000000e+01
7.957031250000000000e+01 9.773437500000000000e+01
8.403906250000000000e+01 9.984375000000000000e+01
8.906640625000000000e+01 1.005468750000000000e+02
9.576953125000000000e+01 9.773437500000000000e+01
1.019140625000000000e+02 9.632812500000000000e+01
5.778515625000000000e+01 6.557812500000000000e+01
6.169531250000000000e+01 5.835937500000000000e+01
6.951562500000000000e+01 5.765625000000000000e+01
7.621875000000000000e+01 6.117187500000000000e+01
6.951562500000000000e+01 6.398437500000000000e+01
6.169531250000000000e+01 6.468750000000000000e+01
1.086171875000000000e+02 5.765625000000000000e+01
1.169960937500000000e+02 5.343750000000000000e+01
1.259335937500000000e+02 5.414062500000000000e+01
1.315195312500000000e+02 5.925000000000000000e+01
1.259335937500000000e+02 5.835937500000000000e+01
1.175546875000000000e+02 5.906250000000000000e+01
7.901171875000000000e+01 1.188281250000000000e+02
8.012890625000000000e+01 1.117968750000000000e+02
8.515625000000000000e+01 1.119843750000000000e+02
9.074218750000000000e+01 1.089843750000000000e+02
9.632812500000000000e+01 1.105781250000000000e+02
1.091757812500000000e+02 1.096875000000000000e+02
1.220234375000000000e+02 1.160156250000000000e+02
1.158789062500000000e+02 1.286718750000000000e+02
1.063828125000000000e+02 1.371093750000000000e+02
9.465234375000000000e+01 1.399218750000000000e+02
8.683203125000000000e+01 1.364062500000000000e+02
8.124609375000000000e+01 1.286718750000000000e+02
8.068750000000000000e+01 1.188281250000000000e+02
8.571484375000000000e+01 1.160156250000000000e+02
9.185937500000000000e+01 1.160156250000000000e+02
1.058242187500000000e+02 1.146093750000000000e+02
1.203476562500000000e+02 1.160156250000000000e+02
1.086171875000000000e+02 1.244531250000000000e+02
9.409375000000000000e+01 1.272656250000000000e+02
8.683203125000000000e+01 1.244531250000000000e+02
