5.571484375000000000e+01 5.118750000000000000e+01
5.455078125000000000e+01 6.753906250000000000e+01
5.571484375000000000e+01 8.389062500000000000e+01
5.862500000000000000e+01 1.002421875000000000e+02
6.269921875000000000e+01 1.151718750000000000e+02
6.910156250000000000e+01 1.293906250000000000e+02
7.608593750000000000e+01 1.428984375000000000e+02
8.481640625000000000e+01 1.549843750000000000e+02
9.645703125000000000e+01 1.613828125000000000e+02
1.127539062500000000e+02 1.613828125000000000e+02
1.290507812500000000e+02 1.549843750000000000e+02
1.436015625000000000e+02 1.464531250000000000e+02
1.569882812500000000e+02 1.350781250000000000e+02
1.663007812500000000e+02 1.187265625000000000e+02
1.715390625000000000e+02 1.002421875000000000e+02
1.750312500000000000e+02 8.033593750000000000e+01
1.779414062500000000e+02 6.042968750000000000e+01
5.687890625000000000e+01 3.767968750000000000e+01
6.269921875000000000e+01 3.199218750000000000e+01
7.084765625000000000e+01 3.341406250000000000e+01
7.899609375000000000e+01 3.696875000000000000e+01
8.656250000000000000e+01 4.123437500000000000e+01
1.127539062500000000e+02 4.123437500000000000e+01
1.243945312500000000e+02 3.839062500000000000e+01
1.360351562500000000e+02 3.696875000000000000e+01
1.476757812500000000e+02 3.910156250000000000e+01
1.564062500000000000e+02 4.692187500000000000e+01
9.820312500000000000e+01 5.687500000000000000e+01
9.645703125000000000e+01 6.682812500000000000e+01
9.471093750000000000e+01 7.749218750000000000e+01
9.354687500000000000e+01 8.744531250000000000e+01
8.539843750000000000e+01 9.597656250000000000e+01
9.005468750000000000e+01 9.810937500000000000e+01
9.529296875000000000e+01 9.953125000000000000e+01
1.022773437500000000e+02 9.882031250000000000e+01
1.086796875000000000e+02 9.810937500000000000e+01
6.386328125000000000e+01 6.129687500000000000e+01
6.910156250000000000e+01 5.829687500000000000e+01
7.666796875000000000e+01 5.829687500000000000e+01
8.423437500000000000e+01 5.900781250000000000e+01
7.666796875000000000e+01 6.114062500000000000e+01
6.851953125000000000e+01 6.114062500000000000e+01
1.185742187500000000e+02 6.185156250000000000e+01
1.278867187500000000e+02 6.256250000000000000e+01
1.366171875000000000e+02 6.327343750000000000e+01
1.430195312500000000e+02 6.698437500000000000e+01
1.371992187500000000e+02 6.540625000000000000e+01
1.273046875000000000e+02 6.469531250000000000e+01
7.957812500000000000e+01 1.151718750000000000e+02
8.365234375000000000e+01 1.094843750000000000e+02
9.005468750000000000e+01 1.103515625000000000e+02
9.471093750000000000e+01 1.087734375000000000e+02
1.005312500000000000e+02 1.110625000000000000e+02
1.110078125000000000e+02 1.123281250000000000e+02
1.203203125000000000e+02 1.187265625000000000e+02
1.139179687500000000e+02 1.279687500000000000e+02
1.051875000000000000e+02 1.343671875000000000e+02
9.471093750000000000e+01 1.350781250000000000e+02
8.714453125000000000e+01 1.322343750000000000e+02
8.190625000000000000e+01 1.244140625000000000e+02
8.132421875000000000e+01 1.151718750000000000e+02
8.830859375000000000e+01 1.151718750000000000e+02
9.529296875000000000e+01 1.158828125000000000e+02
1.069335937500000000e+02 1.165937500000000000e+02
1.185742187500000000e+02 1.187265625000000000e+02
1.075156250000000000e+02 1.215703125000000000e+02
9.529296875000000000e+01 1.215703125000000000e+02
8.772656250000000000e+01 1.187265625000000000e+02
