5.551562500000000000e+01 6.449218750000000000e+01
5.823046875000000000e+01 7.808593750000000000e+01
6.257421875000000000e+01 9.507812500000000000e+01
6.800390625000000000e+01 1.093515625000000000e+02
7.560546875000000000e+01 1.236250000000000000e+02
8.483593750000000000e+01 1.351796875000000000e+02
9.460937500000000000e+01 1.460546875000000000e+02
1.043828125000000000e+02 1.562500000000000000e+02
1.185000000000000000e+02 1.630468750000000000e+02
1.353320312500000000e+02 1.603281250000000000e+02
1.505351562500000000e+02 1.494531250000000000e+02
1.635664062500000000e+02 1.365390625000000000e+02
1.733398437500000000e+02 1.202265625000000000e+02
1.787695312500000000e+02 9.847656250000000000e+01
1.803984375000000000e+02 7.740625000000000000e+01
1.809414062500000000e+02 5.293750000000000000e+01
1.744257812500000000e+02 3.526562500000000000e+01
5.823046875000000000e+01 7.128906250000000000e+01
6.311718750000000000e+01 6.585156250000000000e+01
7.071875000000000000e+01 6.653125000000000000e+01
7.777734375000000000e+01 6.721093750000000000e+01
8.537890625000000000e+01 6.925000000000000000e+01
1.027539062500000000e+02 6.653125000000000000e+01
1.130703125000000000e+02 6.313281250000000000e+01
1.239296875000000000e+02 5.905468750000000000e+01
1.347890625000000000e+02 5.837500000000000000e+01
1.456484375000000000e+02 6.041406250000000000e+01
9.515234375000000000e+01 7.536718750000000000e+01
9.569531250000000000e+01 8.760156250000000000e+01
9.623828125000000000e+01 9.915625000000000000e+01
9.732421875000000000e+01 1.107109375000000000e+02
9.080859375000000000e+01 1.134296875000000000e+02
9.569531250000000000e+01 1.154687500000000000e+02
1.016679687500000000e+02 1.175078125000000000e+02
1.092695312500000000e+02 1.141093750000000000e+02
1.157851562500000000e+02 1.100312500000000000e+02
6.963281250000000000e+01 7.972656250000000000e+01
7.343359375000000000e+01 7.468750000000000000e+01
7.940625000000000000e+01 7.332812500000000000e+01
8.537890625000000000e+01 7.536718750000000000e+01
7.994921875000000000e+01 7.740625000000000000e+01
7.397656250000000000e+01 7.808593750000000000e+01
1.125273437500000000e+02 7.332812500000000000e+01
1.201289062500000000e+02 7.196875000000000000e+01
1.277304687500000000e+02 7.196875000000000000e+01
1.326171875000000000e+02 7.496875000000000000e+01
1.277304687500000000e+02 7.332812500000000000e+01
1.201289062500000000e+02 7.400781250000000000e+01
9.189453125000000000e+01 1.243046875000000000e+02
9.515234375000000000e+01 1.229453125000000000e+02
1.000390625000000000e+02 1.252656250000000000e+02
1.054687500000000000e+02 1.236250000000000000e+02
1.103554687500000000e+02 1.245859375000000000e+02
1.212148437500000000e+02 1.209062500000000000e+02
1.309882812500000000e+02 1.209062500000000000e+02
1.250156250000000000e+02 1.277031250000000000e+02
1.168710937500000000e+02 1.331406250000000000e+02
1.076406250000000000e+02 1.351796875000000000e+02
1.016679687500000000e+02 1.338203125000000000e+02
9.569531250000000000e+01 1.304218750000000000e+02
9.298046875000000000e+01 1.243046875000000000e+02
1.000390625000000000e+02 1.256640625000000000e+02
1.065546875000000000e+02 1.277031250000000000e+02
1.185000000000000000e+02 1.243046875000000000e+02
1.293593750000000000e+02 1.215859375000000000e+02
1.185000000000000000e+02 1.249843750000000000e+02
1.065546875000000000e+02 1.277031250000000000e+02
1.000390625000000000e+02 1.263437500000000000e+02
