5.867578125000000000e+01 5.879687500000000000e+01
6.023437500000000000e+01 7.340625000000000000e+01
6.439062500000000000e+01 9.133593750000000000e+01
6.958593750000000000e+01 1.066093750000000000e+02
7.685937500000000000e+01 1.218828125000000000e+02
8.517187500000000000e+01 1.325078125000000000e+02
9.608203125000000000e+01 1.437968750000000000e+02
1.054335937500000000e+02 1.537578125000000000e+02
1.189414062500000000e+02 1.597343750000000000e+02
1.345273437500000000e+02 1.577421875000000000e+02
1.485546875000000000e+02 1.471171875000000000e+02
1.605039062500000000e+02 1.345000000000000000e+02
1.698554687500000000e+02 1.185625000000000000e+02
1.755703125000000000e+02 9.864062500000000000e+01
1.781679687500000000e+02 7.672656250000000000e+01
1.776484375000000000e+02 5.481250000000000000e+01
1.740117187500000000e+02 3.953906250000000000e+01
6.387109375000000000e+01 6.676562500000000000e+01
7.062500000000000000e+01 6.278125000000000000e+01
7.841796875000000000e+01 6.278125000000000000e+01
8.621093750000000000e+01 6.477343750000000000e+01
9.400390625000000000e+01 6.676562500000000000e+01
1.106289062500000000e+02 6.278125000000000000e+01
1.205000000000000000e+02 5.813281250000000000e+01
1.308906250000000000e+02 5.680468750000000000e+01
1.407617187500000000e+02 5.746875000000000000e+01
1.521914062500000000e+02 6.211718750000000000e+01
1.033554687500000000e+02 7.340625000000000000e+01
1.038750000000000000e+02 8.469531250000000000e+01
1.043945312500000000e+02 9.664843750000000000e+01
1.043945312500000000e+02 1.086015625000000000e+02
9.608203125000000000e+01 1.105937500000000000e+02
1.012773437500000000e+02 1.139140625000000000e+02
1.080312500000000000e+02 1.152421875000000000e+02
1.153046875000000000e+02 1.125859375000000000e+02
1.210195312500000000e+02 1.092656250000000000e+02
7.685937500000000000e+01 7.707031250000000000e+01
8.049609375000000000e+01 7.207812500000000000e+01
8.725000000000000000e+01 7.141406250000000000e+01
9.348437500000000000e+01 7.274218750000000000e+01
8.725000000000000000e+01 7.473437500000000000e+01
8.049609375000000000e+01 7.539843750000000000e+01
1.189414062500000000e+02 7.274218750000000000e+01
1.251757812500000000e+02 7.008593750000000000e+01
1.324492187500000000e+02 7.075000000000000000e+01
1.366054687500000000e+02 7.507812500000000000e+01
1.324492187500000000e+02 7.340625000000000000e+01
1.256953125000000000e+02 7.407031250000000000e+01
9.348437500000000000e+01 1.218828125000000000e+02
9.867968750000000000e+01 1.212187500000000000e+02
1.043945312500000000e+02 1.242187500000000000e+02
1.101093750000000000e+02 1.232109375000000000e+02
1.153046875000000000e+02 1.242187500000000000e+02
1.256953125000000000e+02 1.212187500000000000e+02
1.345273437500000000e+02 1.212187500000000000e+02
1.288125000000000000e+02 1.285234375000000000e+02
1.215390625000000000e+02 1.351640625000000000e+02
1.121875000000000000e+02 1.378203125000000000e+02
1.043945312500000000e+02 1.351640625000000000e+02
9.816015625000000000e+01 1.298515625000000000e+02
9.452343750000000000e+01 1.225468750000000000e+02
1.033554687500000000e+02 1.252031250000000000e+02
1.111484375000000000e+02 1.271953125000000000e+02
1.220585937500000000e+02 1.245390625000000000e+02
1.329687500000000000e+02 1.212187500000000000e+02
1.220585937500000000e+02 1.252031250000000000e+02
1.111484375000000000e+02 1.278593750000000000e+02
1.028359375000000000e+02 1.258671875000000000e+02
