5.705859375000000000e+01 6.210546875000000000e+01
5.977343750000000000e+01 7.509375000000000000e+01
6.357421875000000000e+01 9.218359375000000000e+01
6.954687500000000000e+01 1.079062500000000000e+02
7.606250000000000000e+01 1.229453125000000000e+02
8.475000000000000000e+01 1.352500000000000000e+02
9.560937500000000000e+01 1.455039062500000000e+02
1.070117187500000000e+02 1.564414062500000000e+02
1.200429687500000000e+02 1.619101562500000000e+02
1.368750000000000000e+02 1.591757812500000000e+02
1.515351562500000000e+02 1.482382812500000000e+02
1.634804687500000000e+02 1.352500000000000000e+02
1.737968750000000000e+02 1.181601562500000000e+02
1.797695312500000000e+02 9.833593750000000000e+01
1.819414062500000000e+02 7.577734375000000000e+01
1.819414062500000000e+02 5.185156250000000000e+01
1.770546875000000000e+02 3.476171875000000000e+01
5.977343750000000000e+01 6.894140625000000000e+01
6.628906250000000000e+01 6.483984375000000000e+01
7.443359375000000000e+01 6.552343750000000000e+01
8.312109375000000000e+01 6.689062500000000000e+01
9.126562500000000000e+01 6.825781250000000000e+01
1.075546875000000000e+02 6.552343750000000000e+01
1.184140625000000000e+02 6.347265625000000000e+01
1.281875000000000000e+02 6.142187500000000000e+01
1.401328125000000000e+02 6.005468750000000000e+01
1.493632812500000000e+02 6.415625000000000000e+01
9.995312500000000000e+01 7.441015625000000000e+01
1.004960937500000000e+02 8.603125000000000000e+01
1.010390625000000000e+02 9.833593750000000000e+01
1.015820312500000000e+02 1.106406250000000000e+02
9.398046875000000000e+01 1.126914062500000000e+02
9.941015625000000000e+01 1.154257812500000000e+02
1.059257812500000000e+02 1.167929687500000000e+02
1.135273437500000000e+02 1.133750000000000000e+02
1.195000000000000000e+02 1.099570312500000000e+02
7.334765625000000000e+01 7.877734375000000000e+01
7.769140625000000000e+01 7.372656250000000000e+01
8.475000000000000000e+01 7.235937500000000000e+01
9.072265625000000000e+01 7.372656250000000000e+01
8.475000000000000000e+01 7.577734375000000000e+01
7.823437500000000000e+01 7.714453125000000000e+01
1.173281250000000000e+02 7.304296875000000000e+01
1.243867187500000000e+02 7.099218750000000000e+01
1.319882812500000000e+02 7.167578125000000000e+01
1.363320312500000000e+02 7.535937500000000000e+01
1.319882812500000000e+02 7.372656250000000000e+01
1.243867187500000000e+02 7.441015625000000000e+01
9.180859375000000000e+01 1.236289062500000000e+02
9.778125000000000000e+01 1.229453125000000000e+02
1.032109375000000000e+02 1.259453125000000000e+02
1.086406250000000000e+02 1.243125000000000000e+02
1.140703125000000000e+02 1.252617187500000000e+02
1.249296875000000000e+02 1.222617187500000000e+02
1.347031250000000000e+02 1.222617187500000000e+02
1.281875000000000000e+02 1.290976562500000000e+02
1.211289062500000000e+02 1.345664062500000000e+02
1.118984375000000000e+02 1.373007812500000000e+02
1.042968750000000000e+02 1.359335937500000000e+02
9.778125000000000000e+01 1.311484375000000000e+02
9.398046875000000000e+01 1.243125000000000000e+02
1.026679687500000000e+02 1.270468750000000000e+02
1.102695312500000000e+02 1.284140625000000000e+02
1.216718750000000000e+02 1.249960937500000000e+02
1.325312500000000000e+02 1.229453125000000000e+02
1.216718750000000000e+02 1.256796875000000000e+02
1.097265625000000000e+02 1.284140625000000000e+02
1.026679687500000000e+02 1.270468750000000000e+02
