5.421093750000000000e+01 6.568750000000000000e+01
5.753906250000000000e+01 8.045312500000000000e+01
6.253125000000000000e+01 9.662500000000000000e+01
6.863281250000000000e+01 1.113906250000000000e+02
7.639843750000000000e+01 1.247500000000000000e+02
8.638281250000000000e+01 1.367031250000000000e+02
9.636718750000000000e+01 1.451406250000000000e+02
1.074609375000000000e+02 1.556875000000000000e+02
1.213281250000000000e+02 1.620156250000000000e+02
1.379687500000000000e+02 1.585000000000000000e+02
1.529453125000000000e+02 1.472500000000000000e+02
1.662578125000000000e+02 1.338906250000000000e+02
1.756875000000000000e+02 1.170156250000000000e+02
1.812343750000000000e+02 9.451562500000000000e+01
1.823437500000000000e+02 7.201562500000000000e+01
1.812343750000000000e+02 4.459375000000000000e+01
1.584921875000000000e+02 3.053125000000000000e+01
5.587500000000000000e+01 7.201562500000000000e+01
6.031250000000000000e+01 6.639062500000000000e+01
6.807812500000000000e+01 6.568750000000000000e+01
7.528906250000000000e+01 6.639062500000000000e+01
8.250000000000000000e+01 6.779687500000000000e+01
9.914062500000000000e+01 6.217187500000000000e+01
1.091250000000000000e+02 5.725000000000000000e+01
1.207734375000000000e+02 5.514062500000000000e+01
1.318671875000000000e+02 5.373437500000000000e+01
1.407421875000000000e+02 5.935937500000000000e+01
9.248437500000000000e+01 7.412500000000000000e+01
9.414843750000000000e+01 8.607812500000000000e+01
9.525781250000000000e+01 9.873437500000000000e+01
9.636718750000000000e+01 1.106875000000000000e+02
9.137500000000000000e+01 1.135000000000000000e+02
9.581250000000000000e+01 1.163125000000000000e+02
1.019140625000000000e+02 1.170156250000000000e+02
1.085703125000000000e+02 1.142031250000000000e+02
1.146718750000000000e+02 1.099843750000000000e+02
6.752343750000000000e+01 7.993750000000000000e+01
7.140625000000000000e+01 7.482812500000000000e+01
7.750781250000000000e+01 7.271875000000000000e+01
8.360937500000000000e+01 7.342187500000000000e+01
7.750781250000000000e+01 7.693750000000000000e+01
7.140625000000000000e+01 7.764062500000000000e+01
1.091250000000000000e+02 7.060937500000000000e+01
1.168906250000000000e+02 6.779687500000000000e+01
1.246562500000000000e+02 6.779687500000000000e+01
1.290937500000000000e+02 7.150000000000000000e+01
1.246562500000000000e+02 6.990625000000000000e+01
1.168906250000000000e+02 7.201562500000000000e+01
9.414843750000000000e+01 1.268593750000000000e+02
9.636718750000000000e+01 1.247500000000000000e+02
1.002500000000000000e+02 1.270468750000000000e+02
1.052421875000000000e+02 1.247500000000000000e+02
1.096796875000000000e+02 1.256406250000000000e+02
1.202187500000000000e+02 1.212343750000000000e+02
1.290937500000000000e+02 1.212343750000000000e+02
1.241015625000000000e+02 1.282656250000000000e+02
1.174453125000000000e+02 1.338906250000000000e+02
1.091250000000000000e+02 1.367031250000000000e+02
1.030234375000000000e+02 1.360000000000000000e+02
9.747656250000000000e+01 1.324843750000000000e+02
9.525781250000000000e+01 1.275625000000000000e+02
1.013593750000000000e+02 1.282656250000000000e+02
1.074609375000000000e+02 1.289687500000000000e+02
1.180000000000000000e+02 1.254531250000000000e+02
1.274296875000000000e+02 1.219375000000000000e+02
1.180000000000000000e+02 1.254531250000000000e+02
1.069062500000000000e+02 1.289687500000000000e+02
1.013593750000000000e+02 1.282656250000000000e+02
