5.214062500000000000e+01 5.103125000000000000e+01
5.374609375000000000e+01 6.514062500000000000e+01
5.856250000000000000e+01 8.529687500000000000e+01
6.391406250000000000e+01 1.020937500000000000e+02
7.087109375000000000e+01 1.188906250000000000e+02
7.943359375000000000e+01 1.316562500000000000e+02
9.013671875000000000e+01 1.450937500000000000e+02
1.013750000000000000e+02 1.558437500000000000e+02
1.158242187500000000e+02 1.618906250000000000e+02
1.324140625000000000e+02 1.592031250000000000e+02
1.468632812500000000e+02 1.484531250000000000e+02
1.597070312500000000e+02 1.356875000000000000e+02
1.698750000000000000e+02 1.182187500000000000e+02
1.757617187500000000e+02 9.873437500000000000e+01
1.789726562500000000e+02 7.723437500000000000e+01
1.805781250000000000e+02 5.439062500000000000e+01
1.768320312500000000e+02 3.826562500000000000e+01
6.016796875000000000e+01 6.446875000000000000e+01
6.712500000000000000e+01 5.976562500000000000e+01
7.622265625000000000e+01 6.043750000000000000e+01
8.585546875000000000e+01 6.178125000000000000e+01
9.441796875000000000e+01 6.446875000000000000e+01
1.147539062500000000e+02 6.245312500000000000e+01
1.254570312500000000e+02 5.909375000000000000e+01
1.361601562500000000e+02 5.640625000000000000e+01
1.473984375000000000e+02 5.506250000000000000e+01
1.570312500000000000e+02 5.976562500000000000e+01
1.051210937500000000e+02 7.118750000000000000e+01
1.056562500000000000e+02 8.328125000000000000e+01
1.056562500000000000e+02 9.537500000000000000e+01
1.061914062500000000e+02 1.074687500000000000e+02
9.602343750000000000e+01 1.101562500000000000e+02
1.019101562500000000e+02 1.128437500000000000e+02
1.083320312500000000e+02 1.148593750000000000e+02
1.158242187500000000e+02 1.121718750000000000e+02
1.217109375000000000e+02 1.088125000000000000e+02
7.568750000000000000e+01 7.620312500000000000e+01
7.996875000000000000e+01 7.320312500000000000e+01
8.639062500000000000e+01 7.118750000000000000e+01
9.334765625000000000e+01 7.118750000000000000e+01
8.639062500000000000e+01 7.320312500000000000e+01
7.996875000000000000e+01 7.387500000000000000e+01
1.217109375000000000e+02 7.051562500000000000e+01
1.292031250000000000e+02 6.850000000000000000e+01
1.372304687500000000e+02 6.917187500000000000e+01
1.431171875000000000e+02 7.351562500000000000e+01
1.377656250000000000e+02 7.185937500000000000e+01
1.297382812500000000e+02 7.185937500000000000e+01
9.334765625000000000e+01 1.242656250000000000e+02
9.816406250000000000e+01 1.215781250000000000e+02
1.045859375000000000e+02 1.239062500000000000e+02
1.099375000000000000e+02 1.222500000000000000e+02
1.147539062500000000e+02 1.239062500000000000e+02
1.227812500000000000e+02 1.209062500000000000e+02
1.302734375000000000e+02 1.222500000000000000e+02
1.249218750000000000e+02 1.296406250000000000e+02
1.185000000000000000e+02 1.350156250000000000e+02
1.110078125000000000e+02 1.363593750000000000e+02
1.040507812500000000e+02 1.350156250000000000e+02
9.762890625000000000e+01 1.303125000000000000e+02
9.495312500000000000e+01 1.242656250000000000e+02
1.024453125000000000e+02 1.256093750000000000e+02
1.104726562500000000e+02 1.269531250000000000e+02
1.195703125000000000e+02 1.249375000000000000e+02
1.292031250000000000e+02 1.229218750000000000e+02
1.195703125000000000e+02 1.249375000000000000e+02
1.104726562500000000e+02 1.269531250000000000e+02
1.024453125000000000e+02 1.256093750000000000e+02
