5.030468750000000000e+01 4.737109375000000000e+01
5.085546875000000000e+01 6.221875000000000000e+01
5.305859375000000000e+01 8.272265625000000000e+01
5.801562500000000000e+01 1.011054687500000000e+02
6.407421875000000000e+01 1.194882812500000000e+02
7.288671875000000000e+01 1.329218750000000000e+02
8.390234375000000000e+01 1.463554687500000000e+02
9.491796875000000000e+01 1.590820312500000000e+02
1.092382812500000000e+02 1.654453125000000000e+02
1.257617187500000000e+02 1.633242187500000000e+02
1.406328125000000000e+02 1.534257812500000000e+02
1.538515625000000000e+02 1.414062500000000000e+02
1.654179687500000000e+02 1.258515625000000000e+02
1.731289062500000000e+02 1.060546875000000000e+02
1.769843750000000000e+02 8.413671875000000000e+01
1.791875000000000000e+02 6.080468750000000000e+01
1.764335937500000000e+02 3.605859375000000000e+01
5.691406250000000000e+01 6.009765625000000000e+01
6.462500000000000000e+01 5.514843750000000000e+01
7.398828125000000000e+01 5.585546875000000000e+01
8.335156250000000000e+01 5.797656250000000000e+01
9.216406250000000000e+01 6.151171875000000000e+01
1.119921875000000000e+02 6.221875000000000000e+01
1.224570312500000000e+02 6.009765625000000000e+01
1.323710937500000000e+02 5.939062500000000000e+01
1.428359375000000000e+02 6.009765625000000000e+01
1.510976562500000000e+02 6.646093750000000000e+01
1.020781250000000000e+02 6.999609375000000000e+01
1.020781250000000000e+02 8.201562500000000000e+01
1.020781250000000000e+02 9.403515625000000000e+01
1.015273437500000000e+02 1.060546875000000000e+02
9.161328125000000000e+01 1.081757812500000000e+02
9.767187500000000000e+01 1.117109375000000000e+02
1.042812500000000000e+02 1.138320312500000000e+02
1.119921875000000000e+02 1.117109375000000000e+02
1.186015625000000000e+02 1.088828125000000000e+02
7.068359375000000000e+01 7.228906250000000000e+01
7.564062500000000000e+01 6.928906250000000000e+01
8.280078125000000000e+01 6.858203125000000000e+01
8.996093750000000000e+01 6.928906250000000000e+01
8.280078125000000000e+01 7.070312500000000000e+01
7.508984375000000000e+01 7.070312500000000000e+01
1.186015625000000000e+02 7.070312500000000000e+01
1.263125000000000000e+02 6.928906250000000000e+01
1.345742187500000000e+02 7.070312500000000000e+01
1.395312500000000000e+02 7.582421875000000000e+01
1.345742187500000000e+02 7.353125000000000000e+01
1.263125000000000000e+02 7.353125000000000000e+01
8.941015625000000000e+01 1.230234375000000000e+02
9.436718750000000000e+01 1.201953125000000000e+02
1.004257812500000000e+02 1.231953125000000000e+02
1.059335937500000000e+02 1.216093750000000000e+02
1.114414062500000000e+02 1.231953125000000000e+02
1.208046875000000000e+02 1.216093750000000000e+02
1.290664062500000000e+02 1.237304687500000000e+02
1.224570312500000000e+02 1.300937500000000000e+02
1.147460937500000000e+02 1.329218750000000000e+02
1.064843750000000000e+02 1.336289062500000000e+02
9.987500000000000000e+01 1.322148437500000000e+02
9.381640625000000000e+01 1.286796875000000000e+02
9.106250000000000000e+01 1.237304687500000000e+02
9.822265625000000000e+01 1.244375000000000000e+02
1.064843750000000000e+02 1.265585937500000000e+02
1.169492187500000000e+02 1.251445312500000000e+02
1.274140625000000000e+02 1.244375000000000000e+02
1.169492187500000000e+02 1.251445312500000000e+02
1.064843750000000000e+02 1.265585937500000000e+02
9.822265625000000000e+01 1.244375000000000000e+02
