5.592968750000000000e+01 5.523828125000000000e+01
5.754687500000000000e+01 6.852343750000000000e+01
6.132031250000000000e+01 8.740234375000000000e+01
6.617187500000000000e+01 1.034843750000000000e+02
7.317968750000000000e+01 1.181679687500000000e+02
8.072656250000000000e+01 1.307539062500000000e+02
9.096875000000000000e+01 1.433398437500000000e+02
1.012109375000000000e+02 1.538281250000000000e+02
1.141484375000000000e+02 1.608203125000000000e+02
1.308593750000000000e+02 1.594218750000000000e+02
1.454140625000000000e+02 1.489335937500000000e+02
1.583515625000000000e+02 1.363476562500000000e+02
1.685937500000000000e+02 1.202656250000000000e+02
1.745234375000000000e+02 1.006875000000000000e+02
1.782968750000000000e+02 7.831250000000000000e+01
1.788359375000000000e+02 5.593750000000000000e+01
1.766796875000000000e+02 3.845703125000000000e+01
6.078125000000000000e+01 6.432812500000000000e+01
6.671093750000000000e+01 5.803515625000000000e+01
7.425781250000000000e+01 5.733593750000000000e+01
8.234375000000000000e+01 5.803515625000000000e+01
9.042968750000000000e+01 6.013281250000000000e+01
1.076796875000000000e+02 5.663671875000000000e+01
1.179218750000000000e+02 5.314062500000000000e+01
1.287031250000000000e+02 5.314062500000000000e+01
1.389453125000000000e+02 5.383984375000000000e+01
1.459531250000000000e+02 6.013281250000000000e+01
9.959375000000000000e+01 6.852343750000000000e+01
9.959375000000000000e+01 8.110937500000000000e+01
9.959375000000000000e+01 9.299609375000000000e+01
1.001328125000000000e+02 1.055820312500000000e+02
9.258593750000000000e+01 1.083789062500000000e+02
9.743750000000000000e+01 1.111757812500000000e+02
1.039062500000000000e+02 1.132734375000000000e+02
1.114531250000000000e+02 1.104765625000000000e+02
1.179218750000000000e+02 1.069804687500000000e+02
7.371875000000000000e+01 7.362109375000000000e+01
7.695312500000000000e+01 6.852343750000000000e+01
8.342187500000000000e+01 6.782421875000000000e+01
8.989062500000000000e+01 6.852343750000000000e+01
8.396093750000000000e+01 7.062109375000000000e+01
7.749218750000000000e+01 7.201953125000000000e+01
1.152265625000000000e+02 6.852343750000000000e+01
1.222343750000000000e+02 6.642578125000000000e+01
1.303203125000000000e+02 6.712500000000000000e+01
1.346328125000000000e+02 7.222265625000000000e+01
1.303203125000000000e+02 7.062109375000000000e+01
1.227734375000000000e+02 7.062109375000000000e+01
9.150781250000000000e+01 1.230625000000000000e+02
9.528125000000000000e+01 1.202656250000000000e+02
1.006718750000000000e+02 1.225664062500000000e+02
1.060625000000000000e+02 1.209648437500000000e+02
1.109140625000000000e+02 1.218671875000000000e+02
1.200781250000000000e+02 1.202656250000000000e+02
1.287031250000000000e+02 1.230625000000000000e+02
1.238515625000000000e+02 1.307539062500000000e+02
1.163046875000000000e+02 1.363476562500000000e+02
1.082187500000000000e+02 1.384453125000000000e+02
1.012109375000000000e+02 1.363476562500000000e+02
9.528125000000000000e+01 1.307539062500000000e+02
9.312500000000000000e+01 1.237617187500000000e+02
1.001328125000000000e+02 1.251601562500000000e+02
1.071406250000000000e+02 1.265585937500000000e+02
1.173828125000000000e+02 1.244609375000000000e+02
1.270859375000000000e+02 1.230625000000000000e+02
1.173828125000000000e+02 1.251601562500000000e+02
1.071406250000000000e+02 1.272578125000000000e+02
1.001328125000000000e+02 1.258593750000000000e+02
