4.877343750000000000e+01 4.550000000000000000e+01
5.043750000000000000e+01 6.042968750000000000e+01
5.376562500000000000e+01 8.104687500000000000e+01
5.875781250000000000e+01 9.953125000000000000e+01
6.541406250000000000e+01 1.173046875000000000e+02
7.428906250000000000e+01 1.315234375000000000e+02
8.538281250000000000e+01 1.464531250000000000e+02
9.647656250000000000e+01 1.578281250000000000e+02
1.120078125000000000e+02 1.656484375000000000e+02
1.286484375000000000e+02 1.642265625000000000e+02
1.436250000000000000e+02 1.528515625000000000e+02
1.574921875000000000e+02 1.386328125000000000e+02
1.674765625000000000e+02 1.229921875000000000e+02
1.752421875000000000e+02 1.009531250000000000e+02
1.791250000000000000e+02 8.033593750000000000e+01
1.813437500000000000e+02 5.900781250000000000e+01
1.785703125000000000e+02 3.270312500000000000e+01
5.598437500000000000e+01 6.185156250000000000e+01
6.375000000000000000e+01 5.687500000000000000e+01
7.428906250000000000e+01 5.829687500000000000e+01
8.427343750000000000e+01 6.114062500000000000e+01
9.314843750000000000e+01 6.398437500000000000e+01
1.147812500000000000e+02 6.185156250000000000e+01
1.258750000000000000e+02 5.900781250000000000e+01
1.375234375000000000e+02 5.687500000000000000e+01
1.497265625000000000e+02 5.616406250000000000e+01
1.613750000000000000e+02 6.256250000000000000e+01
1.042421875000000000e+02 7.109375000000000000e+01
1.036875000000000000e+02 8.460156250000000000e+01
1.031328125000000000e+02 9.810937500000000000e+01
1.025781250000000000e+02 1.109062500000000000e+02
9.148437500000000000e+01 1.116171875000000000e+02
9.814062500000000000e+01 1.158828125000000000e+02
1.053515625000000000e+02 1.187265625000000000e+02
1.136718750000000000e+02 1.158828125000000000e+02
1.197734375000000000e+02 1.130390625000000000e+02
7.262500000000000000e+01 7.338281250000000000e+01
7.706250000000000000e+01 6.896093750000000000e+01
8.482812500000000000e+01 6.825000000000000000e+01
9.148437500000000000e+01 7.038281250000000000e+01
8.427343750000000000e+01 7.180468750000000000e+01
7.761718750000000000e+01 7.180468750000000000e+01
1.214375000000000000e+02 7.109375000000000000e+01
1.297578125000000000e+02 6.967187500000000000e+01
1.386328125000000000e+02 7.109375000000000000e+01
1.441796875000000000e+02 7.551562500000000000e+01
1.386328125000000000e+02 7.393750000000000000e+01
1.297578125000000000e+02 7.322656250000000000e+01
8.593750000000000000e+01 1.237031250000000000e+02
9.259375000000000000e+01 1.237031250000000000e+02
1.003593750000000000e+02 1.274140625000000000e+02
1.070156250000000000e+02 1.265468750000000000e+02
1.131171875000000000e+02 1.274140625000000000e+02
1.231015625000000000e+02 1.237031250000000000e+02
1.330859375000000000e+02 1.237031250000000000e+02
1.258750000000000000e+02 1.315234375000000000e+02
1.175546875000000000e+02 1.365000000000000000e+02
1.081250000000000000e+02 1.386328125000000000e+02
9.925000000000000000e+01 1.365000000000000000e+02
9.148437500000000000e+01 1.315234375000000000e+02
8.760156250000000000e+01 1.244140625000000000e+02
9.703125000000000000e+01 1.279687500000000000e+02
1.075703125000000000e+02 1.308125000000000000e+02
1.197734375000000000e+02 1.279687500000000000e+02
1.314218750000000000e+02 1.244140625000000000e+02
1.197734375000000000e+02 1.279687500000000000e+02
1.070156250000000000e+02 1.308125000000000000e+02
9.758593750000000000e+01 1.286796875000000000e+02
