5.061718750000000000e+01 5.165625000000000000e+01
5.277343750000000000e+01 6.652343750000000000e+01
5.816406250000000000e+01 8.612109375000000000e+01
6.463281250000000000e+01 1.030156250000000000e+02
7.164062500000000000e+01 1.192343750000000000e+02
8.134375000000000000e+01 1.320742187500000000e+02
9.212500000000000000e+01 1.442382812500000000e+02
1.039843750000000000e+02 1.557265625000000000e+02
1.185390625000000000e+02 1.604570312500000000e+02
1.347109375000000000e+02 1.570781250000000000e+02
1.487265625000000000e+02 1.462656250000000000e+02
1.605859375000000000e+02 1.327500000000000000e+02
1.708281250000000000e+02 1.158554687500000000e+02
1.767578125000000000e+02 9.625781250000000000e+01
1.799921875000000000e+02 7.530859375000000000e+01
1.805312500000000000e+02 5.300781250000000000e+01
1.767578125000000000e+02 3.746484375000000000e+01
6.032031250000000000e+01 6.584765625000000000e+01
6.678906250000000000e+01 6.044140625000000000e+01
7.649218750000000000e+01 6.044140625000000000e+01
8.565625000000000000e+01 6.179296875000000000e+01
9.428125000000000000e+01 6.449609375000000000e+01
1.163828125000000000e+02 6.179296875000000000e+01
1.266250000000000000e+02 5.841406250000000000e+01
1.374062500000000000e+02 5.571093750000000000e+01
1.492656250000000000e+02 5.368359375000000000e+01
1.600468750000000000e+02 5.908984375000000000e+01
1.061406250000000000e+02 7.057812500000000000e+01
1.066796875000000000e+02 8.206640625000000000e+01
1.072187500000000000e+02 9.423046875000000000e+01
1.082968750000000000e+02 1.063945312500000000e+02
9.751562500000000000e+01 1.090976562500000000e+02
1.039843750000000000e+02 1.111250000000000000e+02
1.109921875000000000e+02 1.131523437500000000e+02
1.180000000000000000e+02 1.097734375000000000e+02
1.239296875000000000e+02 1.063945312500000000e+02
7.595312500000000000e+01 7.695703125000000000e+01
8.026562500000000000e+01 7.328125000000000000e+01
8.727343750000000000e+01 7.125390625000000000e+01
9.374218750000000000e+01 7.125390625000000000e+01
8.673437500000000000e+01 7.328125000000000000e+01
8.026562500000000000e+01 7.463281250000000000e+01
1.228515625000000000e+02 6.990234375000000000e+01
1.303984375000000000e+02 6.855078125000000000e+01
1.384843750000000000e+02 6.922656250000000000e+01
1.438750000000000000e+02 7.290234375000000000e+01
1.390234375000000000e+02 7.125390625000000000e+01
1.303984375000000000e+02 7.125390625000000000e+01
9.589843750000000000e+01 1.226132812500000000e+02
1.012890625000000000e+02 1.199101562500000000e+02
1.072187500000000000e+02 1.222343750000000000e+02
1.126093750000000000e+02 1.205859375000000000e+02
1.180000000000000000e+02 1.215585937500000000e+02
1.260859375000000000e+02 1.185585937500000000e+02
1.341718750000000000e+02 1.199101562500000000e+02
1.293203125000000000e+02 1.273437500000000000e+02
1.223125000000000000e+02 1.320742187500000000e+02
1.142265625000000000e+02 1.341015625000000000e+02
1.072187500000000000e+02 1.334257812500000000e+02
1.007500000000000000e+02 1.286953125000000000e+02
9.697656250000000000e+01 1.226132812500000000e+02
1.056015625000000000e+02 1.239648437500000000e+02
1.136875000000000000e+02 1.253164062500000000e+02
1.228515625000000000e+02 1.226132812500000000e+02
1.325546875000000000e+02 1.205859375000000000e+02
1.228515625000000000e+02 1.232890625000000000e+02
1.136875000000000000e+02 1.253164062500000000e+02
1.056015625000000000e+02 1.246406250000000000e+02
