4.946875000000000000e+01 6.080468750000000000e+01
5.226171875000000000e+01 7.706640625000000000e+01
5.840625000000000000e+01 9.615625000000000000e+01
6.455078125000000000e+01 1.110039062500000000e+02
7.292968750000000000e+01 1.265585937500000000e+02
8.298437500000000000e+01 1.392851562500000000e+02
9.415625000000000000e+01 1.491835937500000000e+02
1.064453125000000000e+02 1.597890625000000000e+02
1.204101562500000000e+02 1.633242187500000000e+02
1.371679687500000000e+02 1.597890625000000000e+02
1.522500000000000000e+02 1.470625000000000000e+02
1.645390625000000000e+02 1.329218750000000000e+02
1.740351562500000000e+02 1.159531250000000000e+02
1.796210937500000000e+02 9.474218750000000000e+01
1.807382812500000000e+02 7.282421875000000000e+01
1.801796875000000000e+02 4.878515625000000000e+01
1.824140625000000000e+02 2.898828125000000000e+01
5.449609375000000000e+01 6.787500000000000000e+01
6.064062500000000000e+01 6.221875000000000000e+01
7.013671875000000000e+01 6.080468750000000000e+01
7.907421875000000000e+01 6.151171875000000000e+01
8.801171875000000000e+01 6.221875000000000000e+01
1.064453125000000000e+02 5.939062500000000000e+01
1.165000000000000000e+02 5.656250000000000000e+01
1.271132812500000000e+02 5.373437500000000000e+01
1.388437500000000000e+02 5.090625000000000000e+01
1.472226562500000000e+02 5.585546875000000000e+01
9.862500000000000000e+01 6.858203125000000000e+01
1.003007812500000000e+02 8.130859375000000000e+01
1.014179687500000000e+02 9.403515625000000000e+01
1.036523437500000000e+02 1.067617187500000000e+02
9.471484375000000000e+01 1.117109375000000000e+02
1.008593750000000000e+02 1.131250000000000000e+02
1.075625000000000000e+02 1.145390625000000000e+02
1.142656250000000000e+02 1.110039062500000000e+02
1.204101562500000000e+02 1.067617187500000000e+02
7.013671875000000000e+01 7.865234375000000000e+01
7.404687500000000000e+01 7.353125000000000000e+01
8.130859375000000000e+01 7.070312500000000000e+01
8.745312500000000000e+01 7.070312500000000000e+01
8.130859375000000000e+01 7.423828125000000000e+01
7.460546875000000000e+01 7.635937500000000000e+01
1.153828125000000000e+02 6.787500000000000000e+01
1.226445312500000000e+02 6.575390625000000000e+01
1.304648437500000000e+02 6.575390625000000000e+01
1.354921875000000000e+02 6.946093750000000000e+01
1.310234375000000000e+02 6.787500000000000000e+01
1.226445312500000000e+02 6.928906250000000000e+01
9.471484375000000000e+01 1.265585937500000000e+02
9.918359375000000000e+01 1.237304687500000000e+02
1.053281250000000000e+02 1.253164062500000000e+02
1.103554687500000000e+02 1.230234375000000000e+02
1.153828125000000000e+02 1.231953125000000000e+02
1.254375000000000000e+02 1.209023437500000000e+02
1.343750000000000000e+02 1.216093750000000000e+02
1.293476562500000000e+02 1.300937500000000000e+02
1.226445312500000000e+02 1.357500000000000000e+02
1.137070312500000000e+02 1.385781250000000000e+02
1.064453125000000000e+02 1.378710937500000000e+02
9.974218750000000000e+01 1.336289062500000000e+02
9.639062500000000000e+01 1.265585937500000000e+02
1.042109375000000000e+02 1.265585937500000000e+02
1.120312500000000000e+02 1.279726562500000000e+02
1.220859375000000000e+02 1.244375000000000000e+02
1.326992187500000000e+02 1.223164062500000000e+02
1.220859375000000000e+02 1.244375000000000000e+02
1.120312500000000000e+02 1.279726562500000000e+02
1.042109375000000000e+02 1.272656250000000000e+02
