5.280468750000000000e+01 5.750000000000000000e+01
5.338671875000000000e+01 7.475000000000000000e+01
5.513281250000000000e+01 9.200000000000000000e+01
5.920703125000000000e+01 1.078125000000000000e+02
6.444531250000000000e+01 1.236250000000000000e+02
7.259375000000000000e+01 1.372812500000000000e+02
8.307031250000000000e+01 1.487812500000000000e+02
9.412890625000000000e+01 1.588437500000000000e+02
1.075156250000000000e+02 1.631562500000000000e+02
1.238125000000000000e+02 1.602812500000000000e+02
1.377812500000000000e+02 1.509375000000000000e+02
1.511679687500000000e+02 1.401562500000000000e+02
1.622265625000000000e+02 1.257812500000000000e+02
1.686289062500000000e+02 1.085312500000000000e+02
1.715390625000000000e+02 8.912500000000000000e+01
1.738671875000000000e+02 6.971875000000000000e+01
1.738671875000000000e+02 4.959375000000000000e+01
5.687890625000000000e+01 5.175000000000000000e+01
6.328125000000000000e+01 4.384375000000000000e+01
7.142968750000000000e+01 4.312500000000000000e+01
8.016015625000000000e+01 4.528125000000000000e+01
8.830859375000000000e+01 4.815625000000000000e+01
1.168281250000000000e+02 4.600000000000000000e+01
1.267226562500000000e+02 4.096875000000000000e+01
1.377812500000000000e+02 3.665625000000000000e+01
1.488398437500000000e+02 3.665625000000000000e+01
1.581523437500000000e+02 4.312500000000000000e+01
1.028593750000000000e+02 6.253125000000000000e+01
1.022773437500000000e+02 7.331250000000000000e+01
1.022773437500000000e+02 8.481250000000000000e+01
1.022773437500000000e+02 9.631250000000000000e+01
9.296484375000000000e+01 1.042187500000000000e+02
9.762109375000000000e+01 1.056562500000000000e+02
1.040234375000000000e+02 1.070937500000000000e+02
1.104257812500000000e+02 1.049375000000000000e+02
1.162460937500000000e+02 1.035000000000000000e+02
6.619140625000000000e+01 7.128125000000000000e+01
7.142968750000000000e+01 6.828125000000000000e+01
7.899609375000000000e+01 6.756250000000000000e+01
8.714453125000000000e+01 6.612500000000000000e+01
7.899609375000000000e+01 6.900000000000000000e+01
7.142968750000000000e+01 6.971875000000000000e+01
1.214843750000000000e+02 6.396875000000000000e+01
1.313789062500000000e+02 6.540625000000000000e+01
1.406914062500000000e+02 6.540625000000000000e+01
1.465117187500000000e+02 6.696875000000000000e+01
1.406914062500000000e+02 6.612500000000000000e+01
1.313789062500000000e+02 6.612500000000000000e+01
8.539843750000000000e+01 1.193125000000000000e+02
9.180078125000000000e+01 1.171562500000000000e+02
9.878515625000000000e+01 1.180000000000000000e+02
1.040234375000000000e+02 1.164375000000000000e+02
1.098437500000000000e+02 1.180000000000000000e+02
1.191562500000000000e+02 1.171562500000000000e+02
1.284687500000000000e+02 1.193125000000000000e+02
1.226484375000000000e+02 1.279375000000000000e+02
1.139179687500000000e+02 1.336875000000000000e+02
1.046054687500000000e+02 1.351250000000000000e+02
9.645703125000000000e+01 1.329687500000000000e+02
9.005468750000000000e+01 1.272187500000000000e+02
8.656250000000000000e+01 1.200312500000000000e+02
9.587500000000000000e+01 1.221875000000000000e+02
1.040234375000000000e+02 1.229062500000000000e+02
1.156640625000000000e+02 1.221875000000000000e+02
1.273046875000000000e+02 1.200312500000000000e+02
1.156640625000000000e+02 1.221875000000000000e+02
1.046054687500000000e+02 1.236250000000000000e+02
9.587500000000000000e+01 1.221875000000000000e+02
