5.117187500000000000e+01 6.611718750000000000e+01
5.178515625000000000e+01 8.282812500000000000e+01
5.423828125000000000e+01 9.953906250000000000e+01
5.730468750000000000e+01 1.162500000000000000e+02
6.282421875000000000e+01 1.315078125000000000e+02
7.141015625000000000e+01 1.438593750000000000e+02
8.306250000000000000e+01 1.533046875000000000e+02
9.594140625000000000e+01 1.598437500000000000e+02
1.100468750000000000e+02 1.620234375000000000e+02
1.253789062500000000e+02 1.605703125000000000e+02
1.400976562500000000e+02 1.547578125000000000e+02
1.542031250000000000e+02 1.460390625000000000e+02
1.658554687500000000e+02 1.336875000000000000e+02
1.726015625000000000e+02 1.169765625000000000e+02
1.756679687500000000e+02 9.881250000000000000e+01
1.775078125000000000e+02 7.992187500000000000e+01
1.787343750000000000e+02 6.103125000000000000e+01
5.730468750000000000e+01 4.795312500000000000e+01
6.405078125000000000e+01 3.923437500000000000e+01
7.386328125000000000e+01 3.632812500000000000e+01
8.367578125000000000e+01 3.705468750000000000e+01
9.348828125000000000e+01 3.923437500000000000e+01
1.223125000000000000e+02 3.705468750000000000e+01
1.333515625000000000e+02 3.414843750000000000e+01
1.443906250000000000e+02 3.196875000000000000e+01
1.554296875000000000e+02 3.487500000000000000e+01
1.634023437500000000e+02 4.286718750000000000e+01
1.069804687500000000e+02 5.521875000000000000e+01
1.069804687500000000e+02 6.466406250000000000e+01
1.063671875000000000e+02 7.410937500000000000e+01
1.057539062500000000e+02 8.282812500000000000e+01
9.594140625000000000e+01 9.735937500000000000e+01
1.014609375000000000e+02 9.663281250000000000e+01
1.069804687500000000e+02 9.735937500000000000e+01
1.137265625000000000e+02 9.663281250000000000e+01
1.198593750000000000e+02 9.590625000000000000e+01
6.711718750000000000e+01 6.475781250000000000e+01
7.202343750000000000e+01 5.667187500000000000e+01
8.183593750000000000e+01 5.594531250000000000e+01
9.042187500000000000e+01 6.103125000000000000e+01
8.183593750000000000e+01 6.393750000000000000e+01
7.263671875000000000e+01 6.466406250000000000e+01
1.272187500000000000e+02 5.885156250000000000e+01
1.358046875000000000e+02 5.303906250000000000e+01
1.462304687500000000e+02 5.376562500000000000e+01
1.517500000000000000e+02 6.039843750000000000e+01
1.462304687500000000e+02 6.030468750000000000e+01
1.370312500000000000e+02 6.175781250000000000e+01
8.858203125000000000e+01 1.191562500000000000e+02
9.471484375000000000e+01 1.118906250000000000e+02
1.026875000000000000e+02 1.112578125000000000e+02
1.075937500000000000e+02 1.089843750000000000e+02
1.131132812500000000e+02 1.105312500000000000e+02
1.223125000000000000e+02 1.104375000000000000e+02
1.308984375000000000e+02 1.169765625000000000e+02
1.247656250000000000e+02 1.242421875000000000e+02
1.174062500000000000e+02 1.278750000000000000e+02
1.088203125000000000e+02 1.293281250000000000e+02
1.008476562500000000e+02 1.286015625000000000e+02
9.410156250000000000e+01 1.249687500000000000e+02
9.042187500000000000e+01 1.191562500000000000e+02
9.900781250000000000e+01 1.169765625000000000e+02
1.082070312500000000e+02 1.162500000000000000e+02
1.186328125000000000e+02 1.162500000000000000e+02
1.290585937500000000e+02 1.169765625000000000e+02
1.186328125000000000e+02 1.177031250000000000e+02
1.082070312500000000e+02 1.191562500000000000e+02
9.900781250000000000e+01 1.184296875000000000e+02
