4.723828125000000000e+01 6.829687500000000000e+01
4.723828125000000000e+01 8.500781250000000000e+01
4.912500000000000000e+01 1.017187500000000000e+02
5.226953125000000000e+01 1.184296875000000000e+02
5.792968750000000000e+01 1.329609375000000000e+02
6.610546875000000000e+01 1.453125000000000000e+02
7.805468750000000000e+01 1.547578125000000000e+02
9.126171875000000000e+01 1.612968750000000000e+02
1.057265625000000000e+02 1.634765625000000000e+02
1.208203125000000000e+02 1.620234375000000000e+02
1.352851562500000000e+02 1.569375000000000000e+02
1.491210937500000000e+02 1.489453125000000000e+02
1.604414062500000000e+02 1.373203125000000000e+02
1.667304687500000000e+02 1.213359375000000000e+02
1.705039062500000000e+02 1.038984375000000000e+02
1.736484375000000000e+02 8.646093750000000000e+01
1.749062500000000000e+02 6.829687500000000000e+01
5.541406250000000000e+01 4.577343750000000000e+01
6.170312500000000000e+01 3.632812500000000000e+01
7.176562500000000000e+01 3.269531250000000000e+01
8.182812500000000000e+01 3.342187500000000000e+01
9.189062500000000000e+01 3.632812500000000000e+01
1.208203125000000000e+02 3.560156250000000000e+01
1.321406250000000000e+02 3.269531250000000000e+01
1.434609375000000000e+02 3.124218750000000000e+01
1.541523437500000000e+02 3.487500000000000000e+01
1.616992187500000000e+02 4.359375000000000000e+01
1.057265625000000000e+02 5.303906250000000000e+01
1.050976562500000000e+02 6.103125000000000000e+01
1.044687500000000000e+02 6.902343750000000000e+01
1.044687500000000000e+02 7.701562500000000000e+01
9.314843750000000000e+01 9.227343750000000000e+01
9.880859375000000000e+01 9.227343750000000000e+01
1.050976562500000000e+02 9.227343750000000000e+01
1.120156250000000000e+02 9.227343750000000000e+01
1.176757812500000000e+02 9.227343750000000000e+01
6.547656250000000000e+01 6.257812500000000000e+01
7.050781250000000000e+01 5.521875000000000000e+01
7.994140625000000000e+01 5.376562500000000000e+01
8.874609375000000000e+01 5.885156250000000000e+01
7.994140625000000000e+01 6.103125000000000000e+01
7.113671875000000000e+01 6.103125000000000000e+01
1.258515625000000000e+02 5.812500000000000000e+01
1.346562500000000000e+02 5.303906250000000000e+01
1.447187500000000000e+02 5.376562500000000000e+01
1.503789062500000000e+02 6.112500000000000000e+01
1.447187500000000000e+02 6.030468750000000000e+01
1.352851562500000000e+02 6.030468750000000000e+01
8.434375000000000000e+01 1.169765625000000000e+02
9.063281250000000000e+01 1.089843750000000000e+02
9.943750000000000000e+01 1.068984375000000000e+02
1.050976562500000000e+02 1.046250000000000000e+02
1.107578125000000000e+02 1.068984375000000000e+02
1.208203125000000000e+02 1.089843750000000000e+02
1.283671875000000000e+02 1.177031250000000000e+02
1.227070312500000000e+02 1.249687500000000000e+02
1.145312500000000000e+02 1.286015625000000000e+02
1.057265625000000000e+02 1.293281250000000000e+02
9.692187500000000000e+01 1.278750000000000000e+02
9.000390625000000000e+01 1.235156250000000000e+02
8.623046875000000000e+01 1.169765625000000000e+02
9.566406250000000000e+01 1.133437500000000000e+02
1.050976562500000000e+02 1.126171875000000000e+02
1.164179687500000000e+02 1.140703125000000000e+02
1.271093750000000000e+02 1.177031250000000000e+02
1.164179687500000000e+02 1.184296875000000000e+02
1.057265625000000000e+02 1.184296875000000000e+02
9.566406250000000000e+01 1.169765625000000000e+02
