5.351562500000000000e+01 6.852343750000000000e+01
5.291796875000000000e+01 8.320703125000000000e+01
5.351562500000000000e+01 9.789062500000000000e+01
5.769921875000000000e+01 1.125742187500000000e+02
6.248046875000000000e+01 1.265585937500000000e+02
6.845703125000000000e+01 1.405429687500000000e+02
7.562890625000000000e+01 1.524296875000000000e+02
8.519140625000000000e+01 1.608203125000000000e+02
9.774218750000000000e+01 1.636171875000000000e+02
1.144765625000000000e+02 1.615195312500000000e+02
1.306132812500000000e+02 1.552265625000000000e+02
1.467500000000000000e+02 1.475351562500000000e+02
1.610937500000000000e+02 1.363476562500000000e+02
1.700585937500000000e+02 1.195664062500000000e+02
1.742421875000000000e+02 1.006875000000000000e+02
1.760351562500000000e+02 7.971093750000000000e+01
1.766328125000000000e+02 5.943359375000000000e+01
5.232031250000000000e+01 4.405078125000000000e+01
5.590625000000000000e+01 3.705859375000000000e+01
6.188281250000000000e+01 3.356250000000000000e+01
6.965234375000000000e+01 3.356250000000000000e+01
7.682421875000000000e+01 3.566015625000000000e+01
1.025234375000000000e+02 2.866796875000000000e+01
1.144765625000000000e+02 2.377343750000000000e+01
1.264296875000000000e+02 2.237500000000000000e+01
1.377851562500000000e+02 2.517187500000000000e+01
1.467500000000000000e+02 3.356250000000000000e+01
8.758203125000000000e+01 4.964453125000000000e+01
8.519140625000000000e+01 5.593750000000000000e+01
8.399609375000000000e+01 6.223046875000000000e+01
8.220312500000000000e+01 6.922265625000000000e+01
7.861718750000000000e+01 8.880078125000000000e+01
8.280078125000000000e+01 8.740234375000000000e+01
8.758203125000000000e+01 8.600390625000000000e+01
9.355859375000000000e+01 8.530468750000000000e+01
1.001328125000000000e+02 8.460546875000000000e+01
5.829687500000000000e+01 6.383203125000000000e+01
6.128515625000000000e+01 5.593750000000000000e+01
6.965234375000000000e+01 5.314062500000000000e+01
7.682421875000000000e+01 5.663671875000000000e+01
7.025000000000000000e+01 6.013281250000000000e+01
6.307812500000000000e+01 6.223046875000000000e+01
1.108906250000000000e+02 5.034375000000000000e+01
1.192578125000000000e+02 4.405078125000000000e+01
1.294179687500000000e+02 4.405078125000000000e+01
1.347968750000000000e+02 5.124609375000000000e+01
1.294179687500000000e+02 5.034375000000000000e+01
1.204531250000000000e+02 5.104296875000000000e+01
7.861718750000000000e+01 1.181679687500000000e+02
7.742187500000000000e+01 1.076796875000000000e+02
8.280078125000000000e+01 1.022890625000000000e+02
8.758203125000000000e+01 9.928906250000000000e+01
9.296093750000000000e+01 1.001914062500000000e+02
1.061093750000000000e+02 1.020859375000000000e+02
1.174648437500000000e+02 1.125742187500000000e+02
1.114882812500000000e+02 1.223632812500000000e+02
1.037187500000000000e+02 1.286562500000000000e+02
9.296093750000000000e+01 1.314531250000000000e+02
8.638671875000000000e+01 1.307539062500000000e+02
8.100781250000000000e+01 1.258593750000000000e+02
7.981250000000000000e+01 1.181679687500000000e+02
8.399609375000000000e+01 1.104765625000000000e+02
8.997265625000000000e+01 1.062812500000000000e+02
1.031210937500000000e+02 1.062812500000000000e+02
1.156718750000000000e+02 1.125742187500000000e+02
1.049140625000000000e+02 1.181679687500000000e+02
9.296093750000000000e+01 1.202656250000000000e+02
8.578906250000000000e+01 1.202656250000000000e+02
