4.587500000000000000e+01 5.390625000000000000e+01
4.462500000000000000e+01 7.259375000000000000e+01
4.462500000000000000e+01 9.056250000000000000e+01
4.712500000000000000e+01 1.078125000000000000e+02
5.150000000000000000e+01 1.250625000000000000e+02
6.025000000000000000e+01 1.387187500000000000e+02
7.275000000000000000e+01 1.487812500000000000e+02
8.712500000000000000e+01 1.566875000000000000e+02
1.021250000000000000e+02 1.595625000000000000e+02
1.171250000000000000e+02 1.595625000000000000e+02
1.321250000000000000e+02 1.552500000000000000e+02
1.458750000000000000e+02 1.480625000000000000e+02
1.571250000000000000e+02 1.365625000000000000e+02
1.633750000000000000e+02 1.207500000000000000e+02
1.690000000000000000e+02 1.042187500000000000e+02
1.733750000000000000e+02 8.696875000000000000e+01
1.758750000000000000e+02 6.900000000000000000e+01
5.775000000000000000e+01 3.881250000000000000e+01
6.650000000000000000e+01 3.090625000000000000e+01
7.712500000000000000e+01 2.946875000000000000e+01
8.775000000000000000e+01 3.162500000000000000e+01
9.775000000000000000e+01 3.593750000000000000e+01
1.290000000000000000e+02 3.953125000000000000e+01
1.396250000000000000e+02 3.737500000000000000e+01
1.508750000000000000e+02 3.665625000000000000e+01
1.608750000000000000e+02 4.025000000000000000e+01
1.683750000000000000e+02 4.887500000000000000e+01
1.115000000000000000e+02 5.390625000000000000e+01
1.102500000000000000e+02 6.396875000000000000e+01
1.090000000000000000e+02 7.403125000000000000e+01
1.083750000000000000e+02 8.409375000000000000e+01
9.462500000000000000e+01 9.487500000000000000e+01
1.008750000000000000e+02 9.631250000000000000e+01
1.071250000000000000e+02 9.703125000000000000e+01
1.140000000000000000e+02 9.703125000000000000e+01
1.196250000000000000e+02 9.703125000000000000e+01
6.775000000000000000e+01 5.762500000000000000e+01
7.337500000000000000e+01 5.031250000000000000e+01
8.337500000000000000e+01 5.031250000000000000e+01
9.212500000000000000e+01 5.678125000000000000e+01
8.275000000000000000e+01 5.821875000000000000e+01
7.337500000000000000e+01 5.750000000000000000e+01
1.308750000000000000e+02 6.037500000000000000e+01
1.402500000000000000e+02 5.534375000000000000e+01
1.502500000000000000e+02 5.750000000000000000e+01
1.558750000000000000e+02 6.625000000000000000e+01
1.496250000000000000e+02 6.468750000000000000e+01
1.402500000000000000e+02 6.396875000000000000e+01
8.525000000000000000e+01 1.128437500000000000e+02
9.212500000000000000e+01 1.092500000000000000e+02
1.008750000000000000e+02 1.100937500000000000e+02
1.058750000000000000e+02 1.085312500000000000e+02
1.115000000000000000e+02 1.115312500000000000e+02
1.196250000000000000e+02 1.121250000000000000e+02
1.265000000000000000e+02 1.178750000000000000e+02
1.196250000000000000e+02 1.207500000000000000e+02
1.127500000000000000e+02 1.214687500000000000e+02
1.046250000000000000e+02 1.214687500000000000e+02
9.775000000000000000e+01 1.200312500000000000e+02
9.087500000000000000e+01 1.171562500000000000e+02
8.650000000000000000e+01 1.135625000000000000e+02
9.587500000000000000e+01 1.128437500000000000e+02
1.058750000000000000e+02 1.142812500000000000e+02
1.152500000000000000e+02 1.150000000000000000e+02
1.252500000000000000e+02 1.178750000000000000e+02
1.152500000000000000e+02 1.150000000000000000e+02
1.058750000000000000e+02 1.142812500000000000e+02
9.587500000000000000e+01 1.128437500000000000e+02
