5.600000000000000000e+01 6.502734375000000000e+01
5.421875000000000000e+01 7.971093750000000000e+01
5.421875000000000000e+01 9.509375000000000000e+01
5.659375000000000000e+01 1.104765625000000000e+02
6.015625000000000000e+01 1.244609375000000000e+02
6.609375000000000000e+01 1.384453125000000000e+02
7.381250000000000000e+01 1.496328125000000000e+02
8.450000000000000000e+01 1.573242187500000000e+02
9.696875000000000000e+01 1.608203125000000000e+02
1.130000000000000000e+02 1.594218750000000000e+02
1.296250000000000000e+02 1.552265625000000000e+02
1.462500000000000000e+02 1.496328125000000000e+02
1.616875000000000000e+02 1.405429687500000000e+02
1.717812500000000000e+02 1.258593750000000000e+02
1.765312500000000000e+02 1.069804687500000000e+02
1.806875000000000000e+02 8.740234375000000000e+01
1.824687500000000000e+02 6.642578125000000000e+01
5.718750000000000000e+01 4.405078125000000000e+01
6.134375000000000000e+01 3.635937500000000000e+01
6.906250000000000000e+01 3.356250000000000000e+01
7.737500000000000000e+01 3.356250000000000000e+01
8.509375000000000000e+01 3.635937500000000000e+01
1.141875000000000000e+02 3.286328125000000000e+01
1.260625000000000000e+02 3.006640625000000000e+01
1.385312500000000000e+02 2.936718750000000000e+01
1.498125000000000000e+02 3.286328125000000000e+01
1.581250000000000000e+02 4.195312500000000000e+01
9.637500000000000000e+01 5.244140625000000000e+01
9.459375000000000000e+01 6.013281250000000000e+01
9.281250000000000000e+01 6.712500000000000000e+01
9.103125000000000000e+01 7.481640625000000000e+01
8.450000000000000000e+01 9.159765625000000000e+01
8.865625000000000000e+01 9.089843750000000000e+01
9.400000000000000000e+01 9.089843750000000000e+01
1.011250000000000000e+02 9.019921875000000000e+01
1.076562500000000000e+02 9.019921875000000000e+01
6.371875000000000000e+01 6.383203125000000000e+01
6.787500000000000000e+01 5.663671875000000000e+01
7.618750000000000000e+01 5.523828125000000000e+01
8.390625000000000000e+01 5.873437500000000000e+01
7.618750000000000000e+01 6.153125000000000000e+01
6.846875000000000000e+01 6.223046875000000000e+01
1.195312500000000000e+02 5.593750000000000000e+01
1.284375000000000000e+02 5.174218750000000000e+01
1.379375000000000000e+02 5.244140625000000000e+01
1.438750000000000000e+02 5.963671875000000000e+01
1.379375000000000000e+02 5.803515625000000000e+01
1.290312500000000000e+02 5.803515625000000000e+01
7.915625000000000000e+01 1.160703125000000000e+02
8.212500000000000000e+01 1.083789062500000000e+02
8.865625000000000000e+01 1.071835937500000000e+02
9.400000000000000000e+01 1.041835937500000000e+02
9.934375000000000000e+01 1.057851562500000000e+02
1.100312500000000000e+02 1.062812500000000000e+02
1.207187500000000000e+02 1.139726562500000000e+02
1.130000000000000000e+02 1.195664062500000000e+02
1.040937500000000000e+02 1.230625000000000000e+02
9.459375000000000000e+01 1.244609375000000000e+02
8.865625000000000000e+01 1.237617187500000000e+02
8.331250000000000000e+01 1.209648437500000000e+02
8.093750000000000000e+01 1.160703125000000000e+02
8.746875000000000000e+01 1.125742187500000000e+02
9.459375000000000000e+01 1.104765625000000000e+02
1.070625000000000000e+02 1.111757812500000000e+02
1.189375000000000000e+02 1.139726562500000000e+02
1.070625000000000000e+02 1.146718750000000000e+02
9.459375000000000000e+01 1.160703125000000000e+02
8.746875000000000000e+01 1.160703125000000000e+02
