4.446484375000000000e+01 5.656250000000000000e+01
4.618750000000000000e+01 7.848046875000000000e+01
4.905859375000000000e+01 9.898437500000000000e+01
5.422656250000000000e+01 1.194882812500000000e+02
6.398828125000000000e+01 1.364570312500000000e+02
7.776953125000000000e+01 1.491835937500000000e+02
9.384765625000000000e+01 1.590820312500000000e+02
1.110742187500000000e+02 1.654453125000000000e+02
1.277265625000000000e+02 1.647382812500000000e+02
1.403593750000000000e+02 1.569609375000000000e+02
1.489726562500000000e+02 1.449414062500000000e+02
1.564375000000000000e+02 1.308007812500000000e+02
1.621796875000000000e+02 1.159531250000000000e+02
1.661992187500000000e+02 9.969140625000000000e+01
1.690703125000000000e+02 8.342968750000000000e+01
1.690703125000000000e+02 6.646093750000000000e+01
1.684960937500000000e+02 5.019921875000000000e+01
7.087890625000000000e+01 4.737109375000000000e+01
7.949218750000000000e+01 3.747265625000000000e+01
9.040234375000000000e+01 3.464453125000000000e+01
1.013125000000000000e+02 3.464453125000000000e+01
1.127968750000000000e+02 3.747265625000000000e+01
1.397851562500000000e+02 3.747265625000000000e+01
1.472500000000000000e+02 3.393750000000000000e+01
1.552890625000000000e+02 3.110937500000000000e+01
1.627539062500000000e+02 3.040234375000000000e+01
1.684960937500000000e+02 3.605859375000000000e+01
1.294492187500000000e+02 5.302734375000000000e+01
1.305976562500000000e+02 6.363281250000000000e+01
1.328945312500000000e+02 7.494531250000000000e+01
1.340429687500000000e+02 8.555078125000000000e+01
1.179648437500000000e+02 9.615625000000000000e+01
1.242812500000000000e+02 9.757031250000000000e+01
1.317460937500000000e+02 9.827734375000000000e+01
1.369140625000000000e+02 9.686328125000000000e+01
1.415078125000000000e+02 9.474218750000000000e+01
8.351171875000000000e+01 6.239062500000000000e+01
8.925390625000000000e+01 5.585546875000000000e+01
9.844140625000000000e+01 5.373437500000000000e+01
1.070546875000000000e+02 5.726953125000000000e+01
9.844140625000000000e+01 6.009765625000000000e+01
8.925390625000000000e+01 6.080468750000000000e+01
1.438046875000000000e+02 5.444140625000000000e+01
1.506953125000000000e+02 5.019921875000000000e+01
1.587343750000000000e+02 4.949218750000000000e+01
1.633281250000000000e+02 5.532031250000000000e+01
1.593085937500000000e+02 5.514843750000000000e+01
1.512695312500000000e+02 5.656250000000000000e+01
1.041835937500000000e+02 1.180742187500000000e+02
1.139453125000000000e+02 1.124179687500000000e+02
1.248554687500000000e+02 1.111757812500000000e+02
1.305976562500000000e+02 1.088828125000000000e+02
1.357656250000000000e+02 1.097617187500000000e+02
1.415078125000000000e+02 1.088828125000000000e+02
1.449531250000000000e+02 1.145390625000000000e+02
1.420820312500000000e+02 1.223164062500000000e+02
1.363398437500000000e+02 1.286796875000000000e+02
1.294492187500000000e+02 1.315078125000000000e+02
1.196875000000000000e+02 1.308007812500000000e+02
1.110742187500000000e+02 1.258515625000000000e+02
1.059062500000000000e+02 1.180742187500000000e+02
1.179648437500000000e+02 1.166601562500000000e+02
1.300234375000000000e+02 1.152460937500000000e+02
1.369140625000000000e+02 1.145390625000000000e+02
1.438046875000000000e+02 1.145390625000000000e+02
1.363398437500000000e+02 1.187812500000000000e+02
1.294492187500000000e+02 1.209023437500000000e+02
1.173906250000000000e+02 1.209023437500000000e+02
