5.375000000000000000e+01 6.187500000000000000e+01
5.199218750000000000e+01 7.593750000000000000e+01
5.199218750000000000e+01 9.140625000000000000e+01
5.375000000000000000e+01 1.068750000000000000e+02
5.726562500000000000e+01 1.209375000000000000e+02
6.253906250000000000e+01 1.350000000000000000e+02
6.957031250000000000e+01 1.469531250000000000e+02
7.835937500000000000e+01 1.567968750000000000e+02
9.066406250000000000e+01 1.610156250000000000e+02
1.070703125000000000e+02 1.610156250000000000e+02
1.234765625000000000e+02 1.567968750000000000e+02
1.404687500000000000e+02 1.504687500000000000e+02
1.551171875000000000e+02 1.420312500000000000e+02
1.662500000000000000e+02 1.272656250000000000e+02
1.721093750000000000e+02 1.082812500000000000e+02
1.762109375000000000e+02 8.789062500000000000e+01
1.797265625000000000e+02 6.750000000000000000e+01
5.550781250000000000e+01 4.218750000000000000e+01
5.960937500000000000e+01 3.515625000000000000e+01
6.664062500000000000e+01 3.234375000000000000e+01
7.484375000000000000e+01 3.234375000000000000e+01
8.187500000000000000e+01 3.515625000000000000e+01
1.111718750000000000e+02 3.234375000000000000e+01
1.228906250000000000e+02 2.953125000000000000e+01
1.346093750000000000e+02 2.953125000000000000e+01
1.457421875000000000e+02 3.375000000000000000e+01
1.539453125000000000e+02 4.289062500000000000e+01
9.300781250000000000e+01 5.132812500000000000e+01
9.125000000000000000e+01 5.906250000000000000e+01
8.890625000000000000e+01 6.679687500000000000e+01
8.714843750000000000e+01 7.453125000000000000e+01
8.011718750000000000e+01 9.000000000000000000e+01
8.480468750000000000e+01 9.000000000000000000e+01
9.007812500000000000e+01 9.000000000000000000e+01
9.652343750000000000e+01 9.000000000000000000e+01
1.035546875000000000e+02 9.000000000000000000e+01
6.136718750000000000e+01 6.206250000000000000e+01
6.546875000000000000e+01 5.484375000000000000e+01
7.308593750000000000e+01 5.414062500000000000e+01
8.070312500000000000e+01 5.765625000000000000e+01
7.308593750000000000e+01 5.976562500000000000e+01
6.605468750000000000e+01 6.046875000000000000e+01
1.164453125000000000e+02 5.484375000000000000e+01
1.246484375000000000e+02 5.132812500000000000e+01
1.340234375000000000e+02 5.273437500000000000e+01
1.398828125000000000e+02 5.925000000000000000e+01
1.340234375000000000e+02 5.835937500000000000e+01
1.252343750000000000e+02 5.765625000000000000e+01
7.542968750000000000e+01 1.146093750000000000e+02
7.835937500000000000e+01 1.068750000000000000e+02
8.421875000000000000e+01 1.056562500000000000e+02
8.890625000000000000e+01 1.033593750000000000e+02
9.417968750000000000e+01 1.049531250000000000e+02
1.041406250000000000e+02 1.068750000000000000e+02
1.135156250000000000e+02 1.139062500000000000e+02
1.064843750000000000e+02 1.209375000000000000e+02
9.828125000000000000e+01 1.244531250000000000e+02
8.890625000000000000e+01 1.258593750000000000e+02
8.304687500000000000e+01 1.244531250000000000e+02
7.777343750000000000e+01 1.202343750000000000e+02
7.660156250000000000e+01 1.139062500000000000e+02
8.304687500000000000e+01 1.110937500000000000e+02
8.949218750000000000e+01 1.103906250000000000e+02
1.006250000000000000e+02 1.103906250000000000e+02
1.117578125000000000e+02 1.139062500000000000e+02
1.012109375000000000e+02 1.160156250000000000e+02
8.949218750000000000e+01 1.167187500000000000e+02
8.304687500000000000e+01 1.160156250000000000e+02
