5.047656250000000000e+01 7.141015625000000000e+01
5.282031250000000000e+01 9.191406250000000000e+01
5.633593750000000000e+01 1.102968750000000000e+02
6.160937500000000000e+01 1.293867187500000000e+02
7.157031250000000000e+01 1.435273437500000000e+02
8.563281250000000000e+01 1.534257812500000000e+02
1.014531250000000000e+02 1.590820312500000000e+02
1.178593750000000000e+02 1.633242187500000000e+02
1.336796875000000000e+02 1.633242187500000000e+02
1.459843750000000000e+02 1.569609375000000000e+02
1.559453125000000000e+02 1.470625000000000000e+02
1.641484375000000000e+02 1.350429687500000000e+02
1.700078125000000000e+02 1.209023437500000000e+02
1.729375000000000000e+02 1.060546875000000000e+02
1.741093750000000000e+02 8.979296875000000000e+01
1.741093750000000000e+02 7.353125000000000000e+01
1.717656250000000000e+02 5.726953125000000000e+01
7.450000000000000000e+01 5.373437500000000000e+01
8.153125000000000000e+01 4.383593750000000000e+01
9.149218750000000000e+01 3.888671875000000000e+01
1.026250000000000000e+02 3.817968750000000000e+01
1.125859375000000000e+02 4.030078125000000000e+01
1.407109375000000000e+02 4.171484375000000000e+01
1.483281250000000000e+02 3.676562500000000000e+01
1.559453125000000000e+02 3.393750000000000000e+01
1.635625000000000000e+02 3.323046875000000000e+01
1.694218750000000000e+02 3.888671875000000000e+01
1.295781250000000000e+02 5.797656250000000000e+01
1.307500000000000000e+02 6.646093750000000000e+01
1.325078125000000000e+02 7.565234375000000000e+01
1.336796875000000000e+02 8.484375000000000000e+01
1.196171875000000000e+02 9.827734375000000000e+01
1.260625000000000000e+02 9.827734375000000000e+01
1.325078125000000000e+02 9.898437500000000000e+01
1.377812500000000000e+02 9.827734375000000000e+01
1.424687500000000000e+02 9.686328125000000000e+01
8.739062500000000000e+01 7.087500000000000000e+01
9.207812500000000000e+01 6.433984375000000000e+01
1.002812500000000000e+02 6.221875000000000000e+01
1.090703125000000000e+02 6.363281250000000000e+01
1.008671875000000000e+02 6.716796875000000000e+01
9.266406250000000000e+01 6.858203125000000000e+01
1.442265625000000000e+02 6.080468750000000000e+01
1.518437500000000000e+02 5.939062500000000000e+01
1.588750000000000000e+02 5.939062500000000000e+01
1.635625000000000000e+02 6.309765625000000000e+01
1.594609375000000000e+02 6.151171875000000000e+01
1.518437500000000000e+02 6.221875000000000000e+01
1.073125000000000000e+02 1.201953125000000000e+02
1.172734375000000000e+02 1.145390625000000000e+02
1.272343750000000000e+02 1.132968750000000000e+02
1.325078125000000000e+02 1.117109375000000000e+02
1.377812500000000000e+02 1.125898437500000000e+02
1.442265625000000000e+02 1.124179687500000000e+02
1.495000000000000000e+02 1.173671875000000000e+02
1.459843750000000000e+02 1.244375000000000000e+02
1.401250000000000000e+02 1.286796875000000000e+02
1.336796875000000000e+02 1.308007812500000000e+02
1.243046875000000000e+02 1.300937500000000000e+02
1.149296875000000000e+02 1.258515625000000000e+02
1.090703125000000000e+02 1.201953125000000000e+02
1.213750000000000000e+02 1.194882812500000000e+02
1.330937500000000000e+02 1.194882812500000000e+02
1.401250000000000000e+02 1.180742187500000000e+02
1.477421875000000000e+02 1.173671875000000000e+02
1.407109375000000000e+02 1.187812500000000000e+02
1.330937500000000000e+02 1.201953125000000000e+02
1.207890625000000000e+02 1.201953125000000000e+02
