4.415625000000000000e+01 7.125000000000000000e+01
4.480468750000000000e+01 8.757812500000000000e+01
4.610156250000000000e+01 1.046484375000000000e+02
4.869531250000000000e+01 1.217187500000000000e+02
5.323437500000000000e+01 1.373046875000000000e+02
6.231250000000000000e+01 1.499218750000000000e+02
7.528125000000000000e+01 1.588281250000000000e+02
8.889843750000000000e+01 1.640234375000000000e+02
1.031640625000000000e+02 1.655078125000000000e+02
1.193750000000000000e+02 1.655078125000000000e+02
1.349375000000000000e+02 1.617968750000000000e+02
1.498515625000000000e+02 1.551171875000000000e+02
1.621718750000000000e+02 1.439843750000000000e+02
1.686562500000000000e+02 1.276562500000000000e+02
1.725468750000000000e+02 1.098437500000000000e+02
1.757890625000000000e+02 9.128906250000000000e+01
1.770859375000000000e+02 7.347656250000000000e+01
5.323437500000000000e+01 4.601562500000000000e+01
5.971875000000000000e+01 3.710937500000000000e+01
7.009375000000000000e+01 3.339843750000000000e+01
8.046875000000000000e+01 3.339843750000000000e+01
9.084375000000000000e+01 3.636718750000000000e+01
1.219687500000000000e+02 3.636718750000000000e+01
1.329921875000000000e+02 3.339843750000000000e+01
1.446640625000000000e+02 3.265625000000000000e+01
1.556875000000000000e+02 3.710937500000000000e+01
1.634687500000000000e+02 4.675781250000000000e+01
1.044609375000000000e+02 5.492187500000000000e+01
1.038125000000000000e+02 6.234375000000000000e+01
1.025156250000000000e+02 7.050781250000000000e+01
1.018671875000000000e+02 7.792968750000000000e+01
9.084375000000000000e+01 9.425781250000000000e+01
9.667968750000000000e+01 9.425781250000000000e+01
1.031640625000000000e+02 9.425781250000000000e+01
1.096484375000000000e+02 9.425781250000000000e+01
1.161328125000000000e+02 9.425781250000000000e+01
6.296093750000000000e+01 6.460156250000000000e+01
6.814843750000000000e+01 5.714843750000000000e+01
7.787500000000000000e+01 5.566406250000000000e+01
8.695312500000000000e+01 6.011718750000000000e+01
7.787500000000000000e+01 6.234375000000000000e+01
6.879687500000000000e+01 6.308593750000000000e+01
1.258593750000000000e+02 6.011718750000000000e+01
1.349375000000000000e+02 5.492187500000000000e+01
1.453125000000000000e+02 5.640625000000000000e+01
1.511484375000000000e+02 6.385937500000000000e+01
1.446640625000000000e+02 6.308593750000000000e+01
1.355859375000000000e+02 6.234375000000000000e+01
8.241406250000000000e+01 1.194921875000000000e+02
8.954687500000000000e+01 1.128125000000000000e+02
9.797656250000000000e+01 1.113593750000000000e+02
1.031640625000000000e+02 1.091015625000000000e+02
1.090000000000000000e+02 1.113593750000000000e+02
1.187265625000000000e+02 1.128125000000000000e+02
1.271562500000000000e+02 1.202343750000000000e+02
1.200234375000000000e+02 1.246875000000000000e+02
1.122421875000000000e+02 1.269140625000000000e+02
1.038125000000000000e+02 1.276562500000000000e+02
9.538281250000000000e+01 1.269140625000000000e+02
8.889843750000000000e+01 1.239453125000000000e+02
8.435937500000000000e+01 1.187500000000000000e+02
9.408593750000000000e+01 1.172656250000000000e+02
1.031640625000000000e+02 1.172656250000000000e+02
1.141875000000000000e+02 1.172656250000000000e+02
1.252109375000000000e+02 1.202343750000000000e+02
1.141875000000000000e+02 1.187500000000000000e+02
1.038125000000000000e+02 1.187500000000000000e+02
9.408593750000000000e+01 1.180078125000000000e+02
