4.650781250000000000e+01 6.975000000000000000e+01
4.975000000000000000e+01 8.925000000000000000e+01
5.493750000000000000e+01 1.087500000000000000e+02
6.142187500000000000e+01 1.267500000000000000e+02
6.985156250000000000e+01 1.432500000000000000e+02
8.152343750000000000e+01 1.567500000000000000e+02
9.578906250000000000e+01 1.672500000000000000e+02
1.107031250000000000e+02 1.747500000000000000e+02
1.282109375000000000e+02 1.755000000000000000e+02
1.457187500000000000e+02 1.710000000000000000e+02
1.593359375000000000e+02 1.590000000000000000e+02
1.703593750000000000e+02 1.440000000000000000e+02
1.787890625000000000e+02 1.275000000000000000e+02
1.820312500000000000e+02 1.072500000000000000e+02
1.833281250000000000e+02 8.625000000000000000e+01
1.833281250000000000e+02 6.675000000000000000e+01
1.813828125000000000e+02 4.575000000000000000e+01
5.299218750000000000e+01 4.950000000000000000e+01
5.947656250000000000e+01 3.975000000000000000e+01
7.050000000000000000e+01 3.600000000000000000e+01
8.152343750000000000e+01 3.675000000000000000e+01
9.254687500000000000e+01 3.900000000000000000e+01
1.230234375000000000e+02 3.225000000000000000e+01
1.333984375000000000e+02 2.700000000000000000e+01
1.444218750000000000e+02 2.325000000000000000e+01
1.560937500000000000e+02 2.325000000000000000e+01
1.664687500000000000e+02 3.000000000000000000e+01
1.107031250000000000e+02 5.475000000000000000e+01
1.120000000000000000e+02 6.600000000000000000e+01
1.132968750000000000e+02 7.725000000000000000e+01
1.152421875000000000e+02 8.850000000000000000e+01
1.029218750000000000e+02 1.027500000000000000e+02
1.100546875000000000e+02 1.027500000000000000e+02
1.171875000000000000e+02 1.020000000000000000e+02
1.243203125000000000e+02 9.975000000000000000e+01
1.314531250000000000e+02 9.825000000000000000e+01
6.725781250000000000e+01 6.900000000000000000e+01
7.309375000000000000e+01 6.225000000000000000e+01
8.411718750000000000e+01 5.925000000000000000e+01
9.384375000000000000e+01 6.300000000000000000e+01
8.411718750000000000e+01 6.750000000000000000e+01
7.374218750000000000e+01 6.825000000000000000e+01
1.308046875000000000e+02 5.550000000000000000e+01
1.405312500000000000e+02 5.025000000000000000e+01
1.509062500000000000e+02 4.950000000000000000e+01
1.580390625000000000e+02 5.475000000000000000e+01
1.515546875000000000e+02 5.550000000000000000e+01
1.411796875000000000e+02 5.700000000000000000e+01
9.643750000000000000e+01 1.290000000000000000e+02
1.035703125000000000e+02 1.207500000000000000e+02
1.126484375000000000e+02 1.177500000000000000e+02
1.191328125000000000e+02 1.155000000000000000e+02
1.249687500000000000e+02 1.162500000000000000e+02
1.359921875000000000e+02 1.155000000000000000e+02
1.457187500000000000e+02 1.207500000000000000e+02
1.398828125000000000e+02 1.297500000000000000e+02
1.321015625000000000e+02 1.350000000000000000e+02
1.230234375000000000e+02 1.380000000000000000e+02
1.126484375000000000e+02 1.380000000000000000e+02
1.042187500000000000e+02 1.350000000000000000e+02
9.773437500000000000e+01 1.282500000000000000e+02
1.094062500000000000e+02 1.252500000000000000e+02
1.204296875000000000e+02 1.245000000000000000e+02
1.321015625000000000e+02 1.222500000000000000e+02
1.437734375000000000e+02 1.215000000000000000e+02
1.321015625000000000e+02 1.230000000000000000e+02
1.210781250000000000e+02 1.260000000000000000e+02
1.094062500000000000e+02 1.267500000000000000e+02
