5.014843750000000000e+01 5.853515625000000000e+01
5.074609375000000000e+01 7.587890625000000000e+01
5.373437500000000000e+01 9.394531250000000000e+01
5.851562500000000000e+01 1.112890625000000000e+02
6.449218750000000000e+01 1.271875000000000000e+02
7.226171875000000000e+01 1.423632812500000000e+02
8.301953125000000000e+01 1.553710937500000000e+02
9.377734375000000000e+01 1.662109375000000000e+02
1.087187500000000000e+02 1.712695312500000000e+02
1.266484375000000000e+02 1.691015625000000000e+02
1.433828125000000000e+02 1.604296875000000000e+02
1.577265625000000000e+02 1.488671875000000000e+02
1.702773437500000000e+02 1.336914062500000000e+02
1.768515625000000000e+02 1.134570312500000000e+02
1.804375000000000000e+02 9.177734375000000000e+01
1.816328125000000000e+02 7.009765625000000000e+01
1.816328125000000000e+02 4.914062500000000000e+01
5.134375000000000000e+01 4.625000000000000000e+01
5.732031250000000000e+01 3.757812500000000000e+01
6.628515625000000000e+01 3.468750000000000000e+01
7.525000000000000000e+01 3.613281250000000000e+01
8.421484375000000000e+01 3.830078125000000000e+01
1.123046875000000000e+02 3.613281250000000000e+01
1.242578125000000000e+02 3.179687500000000000e+01
1.362109375000000000e+02 2.962890625000000000e+01
1.481640625000000000e+02 3.107421875000000000e+01
1.577265625000000000e+02 3.902343750000000000e+01
9.796093750000000000e+01 5.492187500000000000e+01
9.796093750000000000e+01 6.648437500000000000e+01
9.736328125000000000e+01 7.732421875000000000e+01
9.736328125000000000e+01 8.960937500000000000e+01
8.780078125000000000e+01 9.900390625000000000e+01
9.377734375000000000e+01 1.011718750000000000e+02
1.003515625000000000e+02 1.018945312500000000e+02
1.087187500000000000e+02 9.972656250000000000e+01
1.152929687500000000e+02 9.755859375000000000e+01
6.090625000000000000e+01 6.225781250000000000e+01
6.568750000000000000e+01 5.492187500000000000e+01
7.525000000000000000e+01 5.347656250000000000e+01
8.361718750000000000e+01 5.925781250000000000e+01
7.525000000000000000e+01 6.214843750000000000e+01
6.628515625000000000e+01 6.214843750000000000e+01
1.200742187500000000e+02 5.708984375000000000e+01
1.290390625000000000e+02 4.986328125000000000e+01
1.397968750000000000e+02 4.986328125000000000e+01
1.457734375000000000e+02 5.792187500000000000e+01
1.403945312500000000e+02 5.853515625000000000e+01
1.302343750000000000e+02 5.925781250000000000e+01
8.421484375000000000e+01 1.206835937500000000e+02
8.899609375000000000e+01 1.141796875000000000e+02
9.616796875000000000e+01 1.142890625000000000e+02
1.021445312500000000e+02 1.127343750000000000e+02
1.081210937500000000e+02 1.135664062500000000e+02
1.188789062500000000e+02 1.134570312500000000e+02
1.290390625000000000e+02 1.185156250000000000e+02
1.230625000000000000e+02 1.286328125000000000e+02
1.140976562500000000e+02 1.344140625000000000e+02
1.039375000000000000e+02 1.365820312500000000e+02
9.557031250000000000e+01 1.351367187500000000e+02
8.899609375000000000e+01 1.293554687500000000e+02
8.600781250000000000e+01 1.206835937500000000e+02
9.437500000000000000e+01 1.199609375000000000e+02
1.027421875000000000e+02 1.199609375000000000e+02
1.152929687500000000e+02 1.192382812500000000e+02
1.272460937500000000e+02 1.192382812500000000e+02
1.152929687500000000e+02 1.221289062500000000e+02
1.033398437500000000e+02 1.242968750000000000e+02
9.497265625000000000e+01 1.228515625000000000e+02
