4.849218750000000000e+01 5.521875000000000000e+01
4.910546875000000000e+01 7.265625000000000000e+01
5.155859375000000000e+01 9.082031250000000000e+01
5.523828125000000000e+01 1.082578125000000000e+02
6.075781250000000000e+01 1.249687500000000000e+02
6.873046875000000000e+01 1.402265625000000000e+02
7.976953125000000000e+01 1.525781250000000000e+02
9.203515625000000000e+01 1.620234375000000000e+02
1.073671875000000000e+02 1.663828125000000000e+02
1.251523437500000000e+02 1.649296875000000000e+02
1.423242187500000000e+02 1.576640625000000000e+02
1.570429687500000000e+02 1.460390625000000000e+02
1.699218750000000000e+02 1.307812500000000000e+02
1.772812500000000000e+02 1.118906250000000000e+02
1.809609375000000000e+02 9.082031250000000000e+01
1.828007812500000000e+02 6.902343750000000000e+01
1.840273437500000000e+02 4.795312500000000000e+01
5.033203125000000000e+01 4.214062500000000000e+01
5.585156250000000000e+01 3.342187500000000000e+01
6.566406250000000000e+01 3.196875000000000000e+01
7.486328125000000000e+01 3.342187500000000000e+01
8.467578125000000000e+01 3.632812500000000000e+01
1.135000000000000000e+02 3.342187500000000000e+01
1.257656250000000000e+02 2.906250000000000000e+01
1.380312500000000000e+02 2.615625000000000000e+01
1.496835937500000000e+02 2.833593750000000000e+01
1.601093750000000000e+02 3.560156250000000000e+01
9.878125000000000000e+01 5.158593750000000000e+01
9.878125000000000000e+01 6.321093750000000000e+01
9.816796875000000000e+01 7.483593750000000000e+01
9.816796875000000000e+01 8.646093750000000000e+01
8.835546875000000000e+01 9.808593750000000000e+01
9.448828125000000000e+01 9.881250000000000000e+01
1.012343750000000000e+02 9.953906250000000000e+01
1.085937500000000000e+02 9.808593750000000000e+01
1.153398437500000000e+02 9.663281250000000000e+01
6.014453125000000000e+01 5.967187500000000000e+01
6.505078125000000000e+01 5.158593750000000000e+01
7.547656250000000000e+01 5.013281250000000000e+01
8.406250000000000000e+01 5.594531250000000000e+01
7.486328125000000000e+01 5.885156250000000000e+01
6.566406250000000000e+01 5.957812500000000000e+01
1.208593750000000000e+02 5.376562500000000000e+01
1.300585937500000000e+02 4.650000000000000000e+01
1.417109375000000000e+02 4.650000000000000000e+01
1.478437500000000000e+02 5.458593750000000000e+01
1.417109375000000000e+02 5.594531250000000000e+01
1.312851562500000000e+02 5.667187500000000000e+01
8.344921875000000000e+01 1.198828125000000000e+02
8.835546875000000000e+01 1.126171875000000000e+02
9.632812500000000000e+01 1.119843750000000000e+02
1.012343750000000000e+02 1.104375000000000000e+02
1.073671875000000000e+02 1.112578125000000000e+02
1.171796875000000000e+02 1.126171875000000000e+02
1.263789062500000000e+02 1.191562500000000000e+02
1.196328125000000000e+02 1.256953125000000000e+02
1.116601562500000000e+02 1.286015625000000000e+02
1.024609375000000000e+02 1.300546875000000000e+02
9.571484375000000000e+01 1.293281250000000000e+02
8.896875000000000000e+01 1.256953125000000000e+02
8.528906250000000000e+01 1.198828125000000000e+02
9.387500000000000000e+01 1.191562500000000000e+02
1.024609375000000000e+02 1.198828125000000000e+02
1.135000000000000000e+02 1.191562500000000000e+02
1.245390625000000000e+02 1.198828125000000000e+02
1.135000000000000000e+02 1.191562500000000000e+02
1.024609375000000000e+02 1.198828125000000000e+02
9.387500000000000000e+01 1.191562500000000000e+02
