4.862500000000000000e+01 5.492187500000000000e+01
4.925000000000000000e+01 7.298828125000000000e+01
5.175000000000000000e+01 9.105468750000000000e+01
5.550000000000000000e+01 1.076757812500000000e+02
6.112500000000000000e+01 1.250195312500000000e+02
6.925000000000000000e+01 1.401953125000000000e+02
7.987500000000000000e+01 1.524804687500000000e+02
9.300000000000000000e+01 1.618750000000000000e+02
1.086250000000000000e+02 1.662109375000000000e+02
1.267500000000000000e+02 1.647656250000000000e+02
1.436250000000000000e+02 1.568164062500000000e+02
1.592500000000000000e+02 1.452539062500000000e+02
1.717500000000000000e+02 1.300781250000000000e+02
1.780000000000000000e+02 1.105664062500000000e+02
1.817500000000000000e+02 9.033203125000000000e+01
1.836250000000000000e+02 6.865234375000000000e+01
1.842500000000000000e+02 4.841796875000000000e+01
5.050000000000000000e+01 4.046875000000000000e+01
5.612500000000000000e+01 3.179687500000000000e+01
6.612500000000000000e+01 3.035156250000000000e+01
7.550000000000000000e+01 3.179687500000000000e+01
8.487500000000000000e+01 3.541015625000000000e+01
1.142500000000000000e+02 3.179687500000000000e+01
1.267500000000000000e+02 2.746093750000000000e+01
1.392500000000000000e+02 2.529296875000000000e+01
1.511250000000000000e+02 2.673828125000000000e+01
1.617500000000000000e+02 3.468750000000000000e+01
9.925000000000000000e+01 5.058593750000000000e+01
9.925000000000000000e+01 6.214843750000000000e+01
9.862500000000000000e+01 7.371093750000000000e+01
9.800000000000000000e+01 8.527343750000000000e+01
8.862500000000000000e+01 9.611328125000000000e+01
9.425000000000000000e+01 9.755859375000000000e+01
1.017500000000000000e+02 9.828125000000000000e+01
1.092500000000000000e+02 9.683593750000000000e+01
1.161250000000000000e+02 9.539062500000000000e+01
6.050000000000000000e+01 5.792187500000000000e+01
6.550000000000000000e+01 4.986328125000000000e+01
7.612500000000000000e+01 4.914062500000000000e+01
8.425000000000000000e+01 5.564453125000000000e+01
7.550000000000000000e+01 5.853515625000000000e+01
6.612500000000000000e+01 5.853515625000000000e+01
1.217500000000000000e+02 5.275390625000000000e+01
1.305000000000000000e+02 4.552734375000000000e+01
1.423750000000000000e+02 4.552734375000000000e+01
1.486250000000000000e+02 5.358593750000000000e+01
1.423750000000000000e+02 5.419921875000000000e+01
1.323750000000000000e+02 5.492187500000000000e+01
8.300000000000000000e+01 1.192382812500000000e+02
8.800000000000000000e+01 1.120117187500000000e+02
9.612500000000000000e+01 1.106757812500000000e+02
1.017500000000000000e+02 1.091210937500000000e+02
1.080000000000000000e+02 1.106757812500000000e+02
1.198750000000000000e+02 1.112890625000000000e+02
1.298750000000000000e+02 1.185156250000000000e+02
1.223750000000000000e+02 1.250195312500000000e+02
1.136250000000000000e+02 1.286328125000000000e+02
1.036250000000000000e+02 1.300781250000000000e+02
9.612500000000000000e+01 1.293554687500000000e+02
8.862500000000000000e+01 1.257421875000000000e+02
8.487500000000000000e+01 1.192382812500000000e+02
9.362500000000000000e+01 1.185156250000000000e+02
1.030000000000000000e+02 1.192382812500000000e+02
1.155000000000000000e+02 1.185156250000000000e+02
1.280000000000000000e+02 1.185156250000000000e+02
1.155000000000000000e+02 1.185156250000000000e+02
1.030000000000000000e+02 1.192382812500000000e+02
9.362500000000000000e+01 1.185156250000000000e+02
