5.125000000000000000e+01 5.414062500000000000e+01
5.125000000000000000e+01 7.101562500000000000e+01
5.303125000000000000e+01 8.859375000000000000e+01
5.659375000000000000e+01 1.061718750000000000e+02
6.193750000000000000e+01 1.223437500000000000e+02
6.906250000000000000e+01 1.364062500000000000e+02
7.915625000000000000e+01 1.490625000000000000e+02
9.043750000000000000e+01 1.589062500000000000e+02
1.046875000000000000e+02 1.638281250000000000e+02
1.225000000000000000e+02 1.631250000000000000e+02
1.397187500000000000e+02 1.560937500000000000e+02
1.551562500000000000e+02 1.462500000000000000e+02
1.676250000000000000e+02 1.321875000000000000e+02
1.759375000000000000e+02 1.132031250000000000e+02
1.800937500000000000e+02 9.281250000000000000e+01
1.818750000000000000e+02 7.101562500000000000e+01
1.824687500000000000e+02 5.062500000000000000e+01
5.184375000000000000e+01 4.078125000000000000e+01
5.659375000000000000e+01 3.234375000000000000e+01
6.550000000000000000e+01 3.023437500000000000e+01
7.440625000000000000e+01 3.164062500000000000e+01
8.331250000000000000e+01 3.445312500000000000e+01
1.124062500000000000e+02 3.164062500000000000e+01
1.242812500000000000e+02 2.742187500000000000e+01
1.361562500000000000e+02 2.531250000000000000e+01
1.480312500000000000e+02 2.742187500000000000e+01
1.575312500000000000e+02 3.585937500000000000e+01
9.696875000000000000e+01 5.062500000000000000e+01
9.578125000000000000e+01 6.117187500000000000e+01
9.518750000000000000e+01 7.171875000000000000e+01
9.400000000000000000e+01 8.226562500000000000e+01
8.568750000000000000e+01 9.421875000000000000e+01
9.103125000000000000e+01 9.492187500000000000e+01
9.756250000000000000e+01 9.562500000000000000e+01
1.046875000000000000e+02 9.351562500000000000e+01
1.112187500000000000e+02 9.281250000000000000e+01
6.134375000000000000e+01 5.784375000000000000e+01
6.609375000000000000e+01 5.062500000000000000e+01
7.559375000000000000e+01 4.992187500000000000e+01
8.331250000000000000e+01 5.554687500000000000e+01
7.500000000000000000e+01 5.835937500000000000e+01
6.609375000000000000e+01 5.835937500000000000e+01
1.189375000000000000e+02 5.343750000000000000e+01
1.284375000000000000e+02 4.710937500000000000e+01
1.391250000000000000e+02 4.781250000000000000e+01
1.456562500000000000e+02 5.573437500000000000e+01
1.391250000000000000e+02 5.625000000000000000e+01
1.290312500000000000e+02 5.625000000000000000e+01
8.034375000000000000e+01 1.153125000000000000e+02
8.509375000000000000e+01 1.089843750000000000e+02
9.281250000000000000e+01 1.091718750000000000e+02
9.815625000000000000e+01 1.068750000000000000e+02
1.040937500000000000e+02 1.084687500000000000e+02
1.147812500000000000e+02 1.082812500000000000e+02
1.254687500000000000e+02 1.139062500000000000e+02
1.189375000000000000e+02 1.223437500000000000e+02
1.100312500000000000e+02 1.272656250000000000e+02
9.993750000000000000e+01 1.286718750000000000e+02
9.221875000000000000e+01 1.279687500000000000e+02
8.509375000000000000e+01 1.223437500000000000e+02
8.212500000000000000e+01 1.153125000000000000e+02
9.043750000000000000e+01 1.146093750000000000e+02
9.934375000000000000e+01 1.146093750000000000e+02
1.112187500000000000e+02 1.139062500000000000e+02
1.236875000000000000e+02 1.139062500000000000e+02
1.118125000000000000e+02 1.160156250000000000e+02
9.934375000000000000e+01 1.174218750000000000e+02
9.103125000000000000e+01 1.160156250000000000e+02
