5.289062500000000000e+01 5.998046875000000000e+01
5.464843750000000000e+01 7.876953125000000000e+01
5.757812500000000000e+01 9.683593750000000000e+01
6.226562500000000000e+01 1.141796875000000000e+02
6.812500000000000000e+01 1.315234375000000000e+02
7.691406250000000000e+01 1.452539062500000000e+02
8.863281250000000000e+01 1.560937500000000000e+02
1.015234375000000000e+02 1.647656250000000000e+02
1.167578125000000000e+02 1.669335937500000000e+02
1.325781250000000000e+02 1.654882812500000000e+02
1.472265625000000000e+02 1.575390625000000000e+02
1.595312500000000000e+02 1.459765625000000000e+02
1.689062500000000000e+02 1.308007812500000000e+02
1.735937500000000000e+02 1.120117187500000000e+02
1.765234375000000000e+02 9.250000000000000000e+01
1.771093750000000000e+02 7.226562500000000000e+01
1.776953125000000000e+02 5.347656250000000000e+01
6.050781250000000000e+01 4.480468750000000000e+01
6.695312500000000000e+01 3.757812500000000000e+01
7.691406250000000000e+01 3.541015625000000000e+01
8.628906250000000000e+01 3.685546875000000000e+01
9.566406250000000000e+01 3.902343750000000000e+01
1.237890625000000000e+02 3.613281250000000000e+01
1.349218750000000000e+02 3.251953125000000000e+01
1.454687500000000000e+02 2.962890625000000000e+01
1.566015625000000000e+02 3.107421875000000000e+01
1.653906250000000000e+02 3.830078125000000000e+01
1.103125000000000000e+02 5.419921875000000000e+01
1.103125000000000000e+02 6.431640625000000000e+01
1.108984375000000000e+02 7.515625000000000000e+01
1.108984375000000000e+02 8.599609375000000000e+01
1.003515625000000000e+02 9.755859375000000000e+01
1.062109375000000000e+02 9.828125000000000000e+01
1.126562500000000000e+02 9.900390625000000000e+01
1.191015625000000000e+02 9.755859375000000000e+01
1.255468750000000000e+02 9.611328125000000000e+01
7.046875000000000000e+01 6.298046875000000000e+01
7.574218750000000000e+01 5.564453125000000000e+01
8.570312500000000000e+01 5.492187500000000000e+01
9.390625000000000000e+01 5.925781250000000000e+01
8.511718750000000000e+01 6.214843750000000000e+01
7.632812500000000000e+01 6.287109375000000000e+01
1.296484375000000000e+02 5.636718750000000000e+01
1.384375000000000000e+02 5.203125000000000000e+01
1.483984375000000000e+02 5.203125000000000000e+01
1.542578125000000000e+02 5.792187500000000000e+01
1.483984375000000000e+02 5.781250000000000000e+01
1.390234375000000000e+02 5.853515625000000000e+01
9.332031250000000000e+01 1.199609375000000000e+02
9.976562500000000000e+01 1.134570312500000000e+02
1.073828125000000000e+02 1.121210937500000000e+02
1.132421875000000000e+02 1.105664062500000000e+02
1.185156250000000000e+02 1.121210937500000000e+02
1.267187500000000000e+02 1.120117187500000000e+02
1.343359375000000000e+02 1.177929687500000000e+02
1.290625000000000000e+02 1.242968750000000000e+02
1.220312500000000000e+02 1.286328125000000000e+02
1.138281250000000000e+02 1.300781250000000000e+02
1.062109375000000000e+02 1.293554687500000000e+02
9.917968750000000000e+01 1.264648437500000000e+02
9.507812500000000000e+01 1.199609375000000000e+02
1.044531250000000000e+02 1.185156250000000000e+02
1.132421875000000000e+02 1.185156250000000000e+02
1.232031250000000000e+02 1.170703125000000000e+02
1.331640625000000000e+02 1.177929687500000000e+02
1.232031250000000000e+02 1.177929687500000000e+02
1.132421875000000000e+02 1.192382812500000000e+02
1.044531250000000000e+02 1.192382812500000000e+02
