4.963281250000000000e+01 5.875000000000000000e+01
5.143750000000000000e+01 7.784375000000000000e+01
5.504687500000000000e+01 9.693750000000000000e+01
5.925781250000000000e+01 1.152968750000000000e+02
6.587500000000000000e+01 1.329218750000000000e+02
7.550000000000000000e+01 1.468750000000000000e+02
8.813281250000000000e+01 1.578906250000000000e+02
1.019687500000000000e+02 1.667031250000000000e+02
1.176093750000000000e+02 1.696406250000000000e+02
1.344531250000000000e+02 1.674375000000000000e+02
1.494921875000000000e+02 1.586250000000000000e+02
1.615234375000000000e+02 1.461406250000000000e+02
1.717500000000000000e+02 1.299843750000000000e+02
1.771640625000000000e+02 1.108906250000000000e+02
1.795703125000000000e+02 9.032812500000000000e+01
1.807734375000000000e+02 6.976562500000000000e+01
1.807734375000000000e+02 4.920312500000000000e+01
5.745312500000000000e+01 4.406250000000000000e+01
6.467187500000000000e+01 3.671875000000000000e+01
7.489843750000000000e+01 3.451562500000000000e+01
8.512500000000000000e+01 3.598437500000000000e+01
9.475000000000000000e+01 3.818750000000000000e+01
1.254296875000000000e+02 3.525000000000000000e+01
1.362578125000000000e+02 3.084375000000000000e+01
1.464843750000000000e+02 2.864062500000000000e+01
1.579140625000000000e+02 3.010937500000000000e+01
1.669375000000000000e+02 3.671875000000000000e+01
1.103906250000000000e+02 5.434375000000000000e+01
1.103906250000000000e+02 6.535937500000000000e+01
1.109921875000000000e+02 7.637500000000000000e+01
1.115937500000000000e+02 8.812500000000000000e+01
9.956250000000000000e+01 9.987500000000000000e+01
1.055781250000000000e+02 1.006093750000000000e+02
1.127968750000000000e+02 1.013437500000000000e+02
1.200156250000000000e+02 9.987500000000000000e+01
1.266328125000000000e+02 9.767187500000000000e+01
6.888281250000000000e+01 6.395312500000000000e+01
7.489843750000000000e+01 5.728125000000000000e+01
8.452343750000000000e+01 5.581250000000000000e+01
9.354687500000000000e+01 5.948437500000000000e+01
8.452343750000000000e+01 6.242187500000000000e+01
7.489843750000000000e+01 6.315625000000000000e+01
1.308437500000000000e+02 5.581250000000000000e+01
1.404687500000000000e+02 5.287500000000000000e+01
1.500937500000000000e+02 5.360937500000000000e+01
1.561093750000000000e+02 5.807812500000000000e+01
1.500937500000000000e+02 5.728125000000000000e+01
1.404687500000000000e+02 5.728125000000000000e+01
9.414843750000000000e+01 1.226406250000000000e+02
1.001640625000000000e+02 1.160312500000000000e+02
1.079843750000000000e+02 1.146250000000000000e+02
1.133984375000000000e+02 1.130937500000000000e+02
1.188125000000000000e+02 1.146250000000000000e+02
1.272343750000000000e+02 1.145625000000000000e+02
1.344531250000000000e+02 1.197031250000000000e+02
1.290390625000000000e+02 1.263125000000000000e+02
1.224218750000000000e+02 1.307187500000000000e+02
1.146015625000000000e+02 1.321875000000000000e+02
1.067812500000000000e+02 1.314531250000000000e+02
9.956250000000000000e+01 1.285156250000000000e+02
9.535156250000000000e+01 1.219062500000000000e+02
1.049765625000000000e+02 1.204375000000000000e+02
1.140000000000000000e+02 1.211718750000000000e+02
1.236250000000000000e+02 1.197031250000000000e+02
1.332500000000000000e+02 1.197031250000000000e+02
1.236250000000000000e+02 1.197031250000000000e+02
1.140000000000000000e+02 1.211718750000000000e+02
1.043750000000000000e+02 1.204375000000000000e+02
