4.660937500000000000e+01 4.898437500000000000e+01
4.535156250000000000e+01 6.828125000000000000e+01
4.660937500000000000e+01 8.757812500000000000e+01
4.849609375000000000e+01 1.076171875000000000e+02
5.289843750000000000e+01 1.261718750000000000e+02
6.170312500000000000e+01 1.425000000000000000e+02
7.302343750000000000e+01 1.558593750000000000e+02
8.623046875000000000e+01 1.662500000000000000e+02
1.032109375000000000e+02 1.699609375000000000e+02
1.195625000000000000e+02 1.692187500000000000e+02
1.340273437500000000e+02 1.603125000000000000e+02
1.466054687500000000e+02 1.491796875000000000e+02
1.572968750000000000e+02 1.350781250000000000e+02
1.642148437500000000e+02 1.172656250000000000e+02
1.692460937500000000e+02 9.945312500000000000e+01
1.736484375000000000e+02 8.015625000000000000e+01
1.755351562500000000e+02 6.085937500000000000e+01
5.981640625000000000e+01 3.710937500000000000e+01
6.799218750000000000e+01 2.968750000000000000e+01
7.868359375000000000e+01 2.820312500000000000e+01
8.937500000000000000e+01 3.042968750000000000e+01
9.943750000000000000e+01 3.488281250000000000e+01
1.296250000000000000e+02 3.710937500000000000e+01
1.396875000000000000e+02 3.339843750000000000e+01
1.503789062500000000e+02 3.191406250000000000e+01
1.610703125000000000e+02 3.414062500000000000e+01
1.692460937500000000e+02 4.156250000000000000e+01
1.126445312500000000e+02 5.343750000000000000e+01
1.120156250000000000e+02 6.457031250000000000e+01
1.107578125000000000e+02 7.570312500000000000e+01
1.095000000000000000e+02 8.683593750000000000e+01
9.566406250000000000e+01 9.648437500000000000e+01
1.019531250000000000e+02 9.796875000000000000e+01
1.088710937500000000e+02 9.945312500000000000e+01
1.157890625000000000e+02 9.945312500000000000e+01
1.227070312500000000e+02 9.871093750000000000e+01
6.925000000000000000e+01 5.569531250000000000e+01
7.553906250000000000e+01 4.972656250000000000e+01
8.560156250000000000e+01 5.046875000000000000e+01
9.440625000000000000e+01 5.640625000000000000e+01
8.497265625000000000e+01 5.789062500000000000e+01
7.491015625000000000e+01 5.640625000000000000e+01
1.302539062500000000e+02 5.789062500000000000e+01
1.403164062500000000e+02 5.343750000000000000e+01
1.503789062500000000e+02 5.492187500000000000e+01
1.560390625000000000e+02 6.237500000000000000e+01
1.497500000000000000e+02 6.160156250000000000e+01
1.403164062500000000e+02 6.160156250000000000e+01
8.308593750000000000e+01 1.194921875000000000e+02
9.126171875000000000e+01 1.128125000000000000e+02
1.013242187500000000e+02 1.128437500000000000e+02
1.069843750000000000e+02 1.113281250000000000e+02
1.132734375000000000e+02 1.135859375000000000e+02
1.214492187500000000e+02 1.157812500000000000e+02
1.271093750000000000e+02 1.239453125000000000e+02
1.214492187500000000e+02 1.306250000000000000e+02
1.132734375000000000e+02 1.343359375000000000e+02
1.050976562500000000e+02 1.350781250000000000e+02
9.629296875000000000e+01 1.328515625000000000e+02
8.874609375000000000e+01 1.283984375000000000e+02
8.497265625000000000e+01 1.202343750000000000e+02
9.566406250000000000e+01 1.180078125000000000e+02
1.063554687500000000e+02 1.187500000000000000e+02
1.164179687500000000e+02 1.202343750000000000e+02
1.258515625000000000e+02 1.232031250000000000e+02
1.157890625000000000e+02 1.239453125000000000e+02
1.057265625000000000e+02 1.239453125000000000e+02
9.566406250000000000e+01 1.217187500000000000e+02
