4.914843750000000000e+01 5.575781250000000000e+01
4.914843750000000000e+01 7.291406250000000000e+01
5.153906250000000000e+01 9.150000000000000000e+01
5.572265625000000000e+01 1.086562500000000000e+02
6.110156250000000000e+01 1.258125000000000000e+02
6.946875000000000000e+01 1.408242187500000000e+02
8.022656250000000000e+01 1.522617187500000000e+02
9.217968750000000000e+01 1.629843750000000000e+02
1.071210937500000000e+02 1.672734375000000000e+02
1.244531250000000000e+02 1.651289062500000000e+02
1.411875000000000000e+02 1.572656250000000000e+02
1.561289062500000000e+02 1.458281250000000000e+02
1.680820312500000000e+02 1.308164062500000000e+02
1.758515625000000000e+02 1.122304687500000000e+02
1.794375000000000000e+02 9.078515625000000000e+01
1.818281250000000000e+02 7.005468750000000000e+01
1.818281250000000000e+02 4.860937500000000000e+01
5.034375000000000000e+01 4.360546875000000000e+01
5.632031250000000000e+01 3.574218750000000000e+01
6.528515625000000000e+01 3.431250000000000000e+01
7.484765625000000000e+01 3.574218750000000000e+01
8.381250000000000000e+01 3.860156250000000000e+01
1.125000000000000000e+02 3.574218750000000000e+01
1.244531250000000000e+02 3.216796875000000000e+01
1.364062500000000000e+02 3.002343750000000000e+01
1.477617187500000000e+02 3.145312500000000000e+01
1.579218750000000000e+02 3.860156250000000000e+01
9.815625000000000000e+01 5.432812500000000000e+01
9.755859375000000000e+01 6.576562500000000000e+01
9.755859375000000000e+01 7.720312500000000000e+01
9.755859375000000000e+01 8.935546875000000000e+01
8.739843750000000000e+01 9.793359375000000000e+01
9.337500000000000000e+01 1.000781250000000000e+02
1.005468750000000000e+02 1.007929687500000000e+02
1.083164062500000000e+02 9.864843750000000000e+01
1.148906250000000000e+02 9.650390625000000000e+01
5.990625000000000000e+01 6.090234375000000000e+01
6.468750000000000000e+01 5.361328125000000000e+01
7.484765625000000000e+01 5.289843750000000000e+01
8.321484375000000000e+01 5.861718750000000000e+01
7.425000000000000000e+01 6.147656250000000000e+01
6.528515625000000000e+01 6.147656250000000000e+01
1.202695312500000000e+02 5.575781250000000000e+01
1.292343750000000000e+02 4.932421875000000000e+01
1.399921875000000000e+02 4.932421875000000000e+01
1.465664062500000000e+02 5.732812500000000000e+01
1.405898437500000000e+02 5.790234375000000000e+01
1.304296875000000000e+02 5.861718750000000000e+01
8.261718750000000000e+01 1.186640625000000000e+02
8.799609375000000000e+01 1.115156250000000000e+02
9.516796875000000000e+01 1.109414062500000000e+02
1.011445312500000000e+02 1.086562500000000000e+02
1.065234375000000000e+02 1.102265625000000000e+02
1.172812500000000000e+02 1.108007812500000000e+02
1.262460937500000000e+02 1.172343750000000000e+02
1.202695312500000000e+02 1.258125000000000000e+02
1.119023437500000000e+02 1.301015625000000000e+02
1.029375000000000000e+02 1.322460937500000000e+02
9.516796875000000000e+01 1.308164062500000000e+02
8.799609375000000000e+01 1.265273437500000000e+02
8.441015625000000000e+01 1.186640625000000000e+02
9.337500000000000000e+01 1.179492187500000000e+02
1.017421875000000000e+02 1.179492187500000000e+02
1.130976562500000000e+02 1.172343750000000000e+02
1.244531250000000000e+02 1.172343750000000000e+02
1.130976562500000000e+02 1.200937500000000000e+02
1.023398437500000000e+02 1.215234375000000000e+02
9.337500000000000000e+01 1.208085937500000000e+02
