4.939843750000000000e+01 4.914062500000000000e+01
4.817187500000000000e+01 6.720703125000000000e+01
4.878515625000000000e+01 8.527343750000000000e+01
5.123828125000000000e+01 1.040625000000000000e+02
5.491796875000000000e+01 1.221289062500000000e+02
6.227734375000000000e+01 1.380273437500000000e+02
7.208984375000000000e+01 1.517578125000000000e+02
8.435546875000000000e+01 1.625976562500000000e+02
9.968750000000000000e+01 1.676562500000000000e+02
1.168593750000000000e+02 1.669335937500000000e+02
1.321914062500000000e+02 1.597070312500000000e+02
1.462968750000000000e+02 1.495898437500000000e+02
1.585625000000000000e+02 1.351367187500000000e+02
1.653085937500000000e+02 1.177929687500000000e+02
1.708281250000000000e+02 9.900390625000000000e+01
1.745078125000000000e+02 7.949218750000000000e+01
1.769609375000000000e+02 5.998046875000000000e+01
5.675781250000000000e+01 3.613281250000000000e+01
6.411718750000000000e+01 2.818359375000000000e+01
7.392968750000000000e+01 2.746093750000000000e+01
8.374218750000000000e+01 2.962890625000000000e+01
9.294140625000000000e+01 3.468750000000000000e+01
1.229921875000000000e+02 3.468750000000000000e+01
1.340312500000000000e+02 3.179687500000000000e+01
1.456835937500000000e+02 3.035156250000000000e+01
1.567226562500000000e+02 3.251953125000000000e+01
1.653085937500000000e+02 4.119140625000000000e+01
1.058203125000000000e+02 5.203125000000000000e+01
1.045937500000000000e+02 6.287109375000000000e+01
1.033671875000000000e+02 7.443359375000000000e+01
1.021406250000000000e+02 8.527343750000000000e+01
8.987500000000000000e+01 9.466796875000000000e+01
9.600781250000000000e+01 9.611328125000000000e+01
1.021406250000000000e+02 9.828125000000000000e+01
1.101132812500000000e+02 9.755859375000000000e+01
1.168593750000000000e+02 9.683593750000000000e+01
6.595703125000000000e+01 5.503125000000000000e+01
7.147656250000000000e+01 4.986328125000000000e+01
8.128906250000000000e+01 4.986328125000000000e+01
8.926171875000000000e+01 5.492187500000000000e+01
8.067578125000000000e+01 5.708984375000000000e+01
7.147656250000000000e+01 5.564453125000000000e+01
1.260585937500000000e+02 5.708984375000000000e+01
1.358710937500000000e+02 5.347656250000000000e+01
1.456835937500000000e+02 5.492187500000000000e+01
1.518164062500000000e+02 6.153515625000000000e+01
1.456835937500000000e+02 6.070312500000000000e+01
1.358710937500000000e+02 6.070312500000000000e+01
7.944921875000000000e+01 1.177929687500000000e+02
8.680859375000000000e+01 1.112890625000000000e+02
9.539453125000000000e+01 1.113984375000000000e+02
1.009140625000000000e+02 1.105664062500000000e+02
1.070468750000000000e+02 1.128437500000000000e+02
1.162460937500000000e+02 1.141796875000000000e+02
1.242187500000000000e+02 1.206835937500000000e+02
1.174726562500000000e+02 1.279101562500000000e+02
1.095000000000000000e+02 1.322460937500000000e+02
9.968750000000000000e+01 1.329687500000000000e+02
9.171484375000000000e+01 1.315234375000000000e+02
8.435546875000000000e+01 1.257421875000000000e+02
8.128906250000000000e+01 1.177929687500000000e+02
9.110156250000000000e+01 1.170703125000000000e+02
1.009140625000000000e+02 1.177929687500000000e+02
1.119531250000000000e+02 1.185156250000000000e+02
1.223789062500000000e+02 1.206835937500000000e+02
1.113398437500000000e+02 1.214062500000000000e+02
1.009140625000000000e+02 1.214062500000000000e+02
9.110156250000000000e+01 1.199609375000000000e+02
