5.006250000000000000e+01 6.070312500000000000e+01
4.889062500000000000e+01 7.876953125000000000e+01
4.947656250000000000e+01 9.683593750000000000e+01
5.182031250000000000e+01 1.149023437500000000e+02
5.650781250000000000e+01 1.322460937500000000e+02
6.529687500000000000e+01 1.459765625000000000e+02
7.642968750000000000e+01 1.568164062500000000e+02
8.873437500000000000e+01 1.647656250000000000e+02
1.033828125000000000e+02 1.676562500000000000e+02
1.192031250000000000e+02 1.669335937500000000e+02
1.344375000000000000e+02 1.618750000000000000e+02
1.485000000000000000e+02 1.539257812500000000e+02
1.608046875000000000e+02 1.423632812500000000e+02
1.684218750000000000e+02 1.264648437500000000e+02
1.719375000000000000e+02 1.069531250000000000e+02
1.748671875000000000e+02 8.744140625000000000e+01
1.760390625000000000e+02 6.792968750000000000e+01
6.119531250000000000e+01 4.480468750000000000e+01
6.764062500000000000e+01 3.541015625000000000e+01
7.701562500000000000e+01 3.324218750000000000e+01
8.697656250000000000e+01 3.396484375000000000e+01
9.635156250000000000e+01 3.757812500000000000e+01
1.197890625000000000e+02 3.830078125000000000e+01
1.309218750000000000e+02 3.685546875000000000e+01
1.420546875000000000e+02 3.830078125000000000e+01
1.520156250000000000e+02 4.335937500000000000e+01
1.584609375000000000e+02 5.419921875000000000e+01
1.063125000000000000e+02 5.492187500000000000e+01
1.051406250000000000e+02 6.503906250000000000e+01
1.045546875000000000e+02 7.443359375000000000e+01
1.033828125000000000e+02 8.382812500000000000e+01
9.107812500000000000e+01 9.611328125000000000e+01
9.693750000000000000e+01 9.683593750000000000e+01
1.039687500000000000e+02 9.828125000000000000e+01
1.110000000000000000e+02 9.755859375000000000e+01
1.174453125000000000e+02 9.683593750000000000e+01
6.998437500000000000e+01 6.225781250000000000e+01
7.525781250000000000e+01 5.636718750000000000e+01
8.346093750000000000e+01 5.564453125000000000e+01
9.107812500000000000e+01 5.853515625000000000e+01
8.346093750000000000e+01 6.070312500000000000e+01
7.525781250000000000e+01 6.142578125000000000e+01
1.238906250000000000e+02 5.998046875000000000e+01
1.326796875000000000e+02 5.781250000000000000e+01
1.414687500000000000e+02 5.925781250000000000e+01
1.467421875000000000e+02 6.587109375000000000e+01
1.408828125000000000e+02 6.359375000000000000e+01
1.326796875000000000e+02 6.287109375000000000e+01
8.580468750000000000e+01 1.214062500000000000e+02
9.107812500000000000e+01 1.156250000000000000e+02
9.869531250000000000e+01 1.157343750000000000e+02
1.039687500000000000e+02 1.141796875000000000e+02
1.092421875000000000e+02 1.157343750000000000e+02
1.174453125000000000e+02 1.163476562500000000e+02
1.244765625000000000e+02 1.221289062500000000e+02
1.180312500000000000e+02 1.264648437500000000e+02
1.110000000000000000e+02 1.286328125000000000e+02
1.039687500000000000e+02 1.286328125000000000e+02
9.693750000000000000e+01 1.286328125000000000e+02
9.049218750000000000e+01 1.257421875000000000e+02
8.697656250000000000e+01 1.206835937500000000e+02
9.517968750000000000e+01 1.192382812500000000e+02
1.039687500000000000e+02 1.199609375000000000e+02
1.133437500000000000e+02 1.199609375000000000e+02
1.233046875000000000e+02 1.221289062500000000e+02
1.133437500000000000e+02 1.206835937500000000e+02
1.039687500000000000e+02 1.206835937500000000e+02
9.517968750000000000e+01 1.199609375000000000e+02
