4.860937500000000000e+01 5.971875000000000000e+01
4.745312500000000000e+01 7.678125000000000000e+01
4.745312500000000000e+01 9.455468750000000000e+01
4.918750000000000000e+01 1.116171875000000000e+02
5.207812500000000000e+01 1.279687500000000000e+02
5.901562500000000000e+01 1.421875000000000000e+02
6.884375000000000000e+01 1.528515625000000000e+02
8.040625000000000000e+01 1.613828125000000000e+02
9.370312500000000000e+01 1.642265625000000000e+02
1.093125000000000000e+02 1.649375000000000000e+02
1.255000000000000000e+02 1.628046875000000000e+02
1.405312500000000000e+02 1.564062500000000000e+02
1.544062500000000000e+02 1.471640625000000000e+02
1.636562500000000000e+02 1.315234375000000000e+02
1.688593750000000000e+02 1.130390625000000000e+02
1.734843750000000000e+02 9.313281250000000000e+01
1.757968750000000000e+02 7.251562500000000000e+01
5.612500000000000000e+01 4.265625000000000000e+01
6.248437500000000000e+01 3.483593750000000000e+01
7.115625000000000000e+01 3.270312500000000000e+01
8.040625000000000000e+01 3.412500000000000000e+01
8.907812500000000000e+01 3.696875000000000000e+01
1.145156250000000000e+02 3.767968750000000000e+01
1.255000000000000000e+02 3.767968750000000000e+01
1.364843750000000000e+02 3.910156250000000000e+01
1.463125000000000000e+02 4.478906250000000000e+01
1.526718750000000000e+02 5.545312500000000000e+01
9.890625000000000000e+01 5.474218750000000000e+01
9.775000000000000000e+01 6.469531250000000000e+01
9.601562500000000000e+01 7.464843750000000000e+01
9.428125000000000000e+01 8.460156250000000000e+01
8.329687500000000000e+01 9.597656250000000000e+01
8.907812500000000000e+01 9.739843750000000000e+01
9.543750000000000000e+01 9.882031250000000000e+01
1.029531250000000000e+02 9.739843750000000000e+01
1.098906250000000000e+02 9.739843750000000000e+01
6.421875000000000000e+01 6.058593750000000000e+01
7.000000000000000000e+01 5.616406250000000000e+01
7.809375000000000000e+01 5.545312500000000000e+01
8.618750000000000000e+01 5.829687500000000000e+01
7.809375000000000000e+01 5.971875000000000000e+01
7.000000000000000000e+01 5.971875000000000000e+01
1.191406250000000000e+02 6.042968750000000000e+01
1.272343750000000000e+02 5.829687500000000000e+01
1.359062500000000000e+02 5.971875000000000000e+01
1.411093750000000000e+02 6.627343750000000000e+01
1.353281250000000000e+02 6.398437500000000000e+01
1.272343750000000000e+02 6.327343750000000000e+01
7.809375000000000000e+01 1.180156250000000000e+02
8.329687500000000000e+01 1.123281250000000000e+02
9.023437500000000000e+01 1.131953125000000000e+02
9.485937500000000000e+01 1.116171875000000000e+02
1.000625000000000000e+02 1.139062500000000000e+02
1.087343750000000000e+02 1.144609375000000000e+02
1.162500000000000000e+02 1.208593750000000000e+02
1.093125000000000000e+02 1.251250000000000000e+02
1.023750000000000000e+02 1.272578125000000000e+02
9.485937500000000000e+01 1.279687500000000000e+02
8.850000000000000000e+01 1.265468750000000000e+02
8.271875000000000000e+01 1.229921875000000000e+02
7.982812500000000000e+01 1.173046875000000000e+02
8.734375000000000000e+01 1.165937500000000000e+02
9.485937500000000000e+01 1.180156250000000000e+02
1.046875000000000000e+02 1.180156250000000000e+02
1.145156250000000000e+02 1.201484375000000000e+02
1.046875000000000000e+02 1.180156250000000000e+02
9.485937500000000000e+01 1.180156250000000000e+02
8.734375000000000000e+01 1.165937500000000000e+02
