4.328515625000000000e+01 6.864062500000000000e+01
4.390625000000000000e+01 8.729296875000000000e+01
4.576953125000000000e+01 1.066914062500000000e+02
4.949609375000000000e+01 1.253437500000000000e+02
5.694921875000000000e+01 1.417578125000000000e+02
6.812890625000000000e+01 1.536953125000000000e+02
8.179296875000000000e+01 1.626484375000000000e+02
9.669921875000000000e+01 1.693632812500000000e+02
1.122265625000000000e+02 1.708554687500000000e+02
1.277539062500000000e+02 1.686171875000000000e+02
1.426601562500000000e+02 1.626484375000000000e+02
1.557031250000000000e+02 1.544414062500000000e+02
1.675039062500000000e+02 1.417578125000000000e+02
1.737148437500000000e+02 1.253437500000000000e+02
1.768203125000000000e+02 1.066914062500000000e+02
1.780625000000000000e+02 8.803906250000000000e+01
1.780625000000000000e+02 6.864062500000000000e+01
6.005468750000000000e+01 4.849609375000000000e+01
6.688671875000000000e+01 3.879687500000000000e+01
7.682421875000000000e+01 3.506640625000000000e+01
8.800390625000000000e+01 3.506640625000000000e+01
9.856250000000000000e+01 3.805078125000000000e+01
1.258906250000000000e+02 3.879687500000000000e+01
1.364492187500000000e+02 3.730468750000000000e+01
1.470078125000000000e+02 3.879687500000000000e+01
1.569453125000000000e+02 4.327343750000000000e+01
1.637773437500000000e+02 5.297265625000000000e+01
1.116054687500000000e+02 5.595703125000000000e+01
1.116054687500000000e+02 6.565625000000000000e+01
1.116054687500000000e+02 7.460937500000000000e+01
1.116054687500000000e+02 8.430859375000000000e+01
9.732031250000000000e+01 9.773828125000000000e+01
1.041523437500000000e+02 9.848437500000000000e+01
1.116054687500000000e+02 9.923046875000000000e+01
1.190585937500000000e+02 9.848437500000000000e+01
1.258906250000000000e+02 9.773828125000000000e+01
7.123437500000000000e+01 6.492578125000000000e+01
7.682421875000000000e+01 5.968750000000000000e+01
8.551953125000000000e+01 5.819531250000000000e+01
9.421484375000000000e+01 6.043359375000000000e+01
8.551953125000000000e+01 6.267187500000000000e+01
7.744531250000000000e+01 6.341796875000000000e+01
1.296171875000000000e+02 6.117968750000000000e+01
1.383125000000000000e+02 5.819531250000000000e+01
1.470078125000000000e+02 5.968750000000000000e+01
1.519765625000000000e+02 6.641796875000000000e+01
1.463867187500000000e+02 6.491015625000000000e+01
1.383125000000000000e+02 6.416406250000000000e+01
8.986718750000000000e+01 1.231054687500000000e+02
9.669921875000000000e+01 1.156445312500000000e+02
1.060156250000000000e+02 1.149140625000000000e+02
1.116054687500000000e+02 1.126601562500000000e+02
1.178164062500000000e+02 1.141679687500000000e+02
1.265117187500000000e+02 1.156445312500000000e+02
1.333437500000000000e+02 1.231054687500000000e+02
1.277539062500000000e+02 1.290742187500000000e+02
1.203007812500000000e+02 1.328046875000000000e+02
1.122265625000000000e+02 1.342968750000000000e+02
1.035312500000000000e+02 1.335507812500000000e+02
9.607812500000000000e+01 1.298203125000000000e+02
9.173046875000000000e+01 1.231054687500000000e+02
1.016679687500000000e+02 1.208671875000000000e+02
1.116054687500000000e+02 1.208671875000000000e+02
1.215429687500000000e+02 1.208671875000000000e+02
1.314804687500000000e+02 1.231054687500000000e+02
1.215429687500000000e+02 1.223593750000000000e+02
1.116054687500000000e+02 1.231054687500000000e+02
1.016679687500000000e+02 1.223593750000000000e+02
