5.006250000000000000e+01 6.109375000000000000e+01
4.889062500000000000e+01 7.978125000000000000e+01
4.947656250000000000e+01 9.775000000000000000e+01
5.182031250000000000e+01 1.150000000000000000e+02
5.650781250000000000e+01 1.322500000000000000e+02
6.529687500000000000e+01 1.459062500000000000e+02
7.584375000000000000e+01 1.559687500000000000e+02
8.873437500000000000e+01 1.631562500000000000e+02
1.027968750000000000e+02 1.653125000000000000e+02
1.180312500000000000e+02 1.653125000000000000e+02
1.332656250000000000e+02 1.610000000000000000e+02
1.479140625000000000e+02 1.538125000000000000e+02
1.602187500000000000e+02 1.423125000000000000e+02
1.678359375000000000e+02 1.265000000000000000e+02
1.719375000000000000e+02 1.085312500000000000e+02
1.748671875000000000e+02 8.840625000000000000e+01
1.766250000000000000e+02 6.900000000000000000e+01
6.060937500000000000e+01 4.600000000000000000e+01
6.705468750000000000e+01 3.737500000000000000e+01
7.642968750000000000e+01 3.378125000000000000e+01
8.639062500000000000e+01 3.521875000000000000e+01
9.576562500000000000e+01 3.881250000000000000e+01
1.197890625000000000e+02 3.953125000000000000e+01
1.303359375000000000e+02 3.809375000000000000e+01
1.420546875000000000e+02 3.953125000000000000e+01
1.514296875000000000e+02 4.456250000000000000e+01
1.584609375000000000e+02 5.534375000000000000e+01
1.057265625000000000e+02 5.678125000000000000e+01
1.045546875000000000e+02 6.612500000000000000e+01
1.039687500000000000e+02 7.618750000000000000e+01
1.027968750000000000e+02 8.625000000000000000e+01
9.049218750000000000e+01 9.775000000000000000e+01
9.635156250000000000e+01 9.846875000000000000e+01
1.033828125000000000e+02 1.006250000000000000e+02
1.110000000000000000e+02 9.918750000000000000e+01
1.174453125000000000e+02 9.846875000000000000e+01
6.998437500000000000e+01 6.337500000000000000e+01
7.525781250000000000e+01 5.750000000000000000e+01
8.346093750000000000e+01 5.678125000000000000e+01
9.166406250000000000e+01 6.037500000000000000e+01
8.346093750000000000e+01 6.253125000000000000e+01
7.525781250000000000e+01 6.253125000000000000e+01
1.238906250000000000e+02 6.109375000000000000e+01
1.320937500000000000e+02 5.893750000000000000e+01
1.408828125000000000e+02 6.037500000000000000e+01
1.467421875000000000e+02 6.625000000000000000e+01
1.408828125000000000e+02 6.468750000000000000e+01
1.320937500000000000e+02 6.396875000000000000e+01
8.287500000000000000e+01 1.207500000000000000e+02
8.932031250000000000e+01 1.150000000000000000e+02
9.752343750000000000e+01 1.158437500000000000e+02
1.033828125000000000e+02 1.142812500000000000e+02
1.086562500000000000e+02 1.158437500000000000e+02
1.180312500000000000e+02 1.164375000000000000e+02
1.262343750000000000e+02 1.221875000000000000e+02
1.192031250000000000e+02 1.257812500000000000e+02
1.110000000000000000e+02 1.279375000000000000e+02
1.027968750000000000e+02 1.286562500000000000e+02
9.576562500000000000e+01 1.272187500000000000e+02
8.873437500000000000e+01 1.250625000000000000e+02
8.463281250000000000e+01 1.200312500000000000e+02
9.342187500000000000e+01 1.193125000000000000e+02
1.027968750000000000e+02 1.200312500000000000e+02
1.133437500000000000e+02 1.200312500000000000e+02
1.244765625000000000e+02 1.221875000000000000e+02
1.133437500000000000e+02 1.200312500000000000e+02
1.027968750000000000e+02 1.200312500000000000e+02
9.342187500000000000e+01 1.193125000000000000e+02
