4.917187500000000000e+01 6.127734375000000000e+01
4.733203125000000000e+01 7.899609375000000000e+01
4.671875000000000000e+01 9.745312500000000000e+01
4.733203125000000000e+01 1.151718750000000000e+02
5.162500000000000000e+01 1.321523437500000000e+02
6.021093750000000000e+01 1.469179687500000000e+02
7.125000000000000000e+01 1.587304687500000000e+02
8.351562500000000000e+01 1.690664062500000000e+02
9.823437500000000000e+01 1.727578125000000000e+02
1.147929687500000000e+02 1.734960937500000000e+02
1.301250000000000000e+02 1.690664062500000000e+02
1.454570312500000000e+02 1.624218750000000000e+02
1.589492187500000000e+02 1.513476562500000000e+02
1.681484375000000000e+02 1.358437500000000000e+02
1.736679687500000000e+02 1.173867187500000000e+02
1.773476562500000000e+02 9.745312500000000000e+01
1.791875000000000000e+02 7.751953125000000000e+01
6.082421875000000000e+01 4.503515625000000000e+01
6.818359375000000000e+01 3.691406250000000000e+01
7.738281250000000000e+01 3.396093750000000000e+01
8.780859375000000000e+01 3.543750000000000000e+01
9.762109375000000000e+01 3.912890625000000000e+01
1.233789062500000000e+02 4.208203125000000000e+01
1.344179687500000000e+02 4.208203125000000000e+01
1.454570312500000000e+02 4.355859375000000000e+01
1.558828125000000000e+02 4.946484375000000000e+01
1.620156250000000000e+02 5.980078125000000000e+01
1.074335937500000000e+02 5.758593750000000000e+01
1.062070312500000000e+02 6.718359375000000000e+01
1.049804687500000000e+02 7.604296875000000000e+01
1.031406250000000000e+02 8.637890625000000000e+01
8.964843750000000000e+01 9.745312500000000000e+01
9.578125000000000000e+01 9.892968750000000000e+01
1.031406250000000000e+02 1.004062500000000000e+02
1.105000000000000000e+02 1.004062500000000000e+02
1.178593750000000000e+02 9.966796875000000000e+01
7.063671875000000000e+01 6.206250000000000000e+01
7.554296875000000000e+01 5.684765625000000000e+01
8.412890625000000000e+01 5.684765625000000000e+01
9.210156250000000000e+01 5.980078125000000000e+01
8.412890625000000000e+01 6.127734375000000000e+01
7.554296875000000000e+01 6.127734375000000000e+01
1.258320312500000000e+02 6.423046875000000000e+01
1.350312500000000000e+02 6.275390625000000000e+01
1.436171875000000000e+02 6.496875000000000000e+01
1.491367187500000000e+02 7.166015625000000000e+01
1.430039062500000000e+02 6.939843750000000000e+01
1.350312500000000000e+02 6.718359375000000000e+01
8.106250000000000000e+01 1.225546875000000000e+02
8.719531250000000000e+01 1.151718750000000000e+02
9.639453125000000000e+01 1.159570312500000000e+02
1.019140625000000000e+02 1.144335937500000000e+02
1.080468750000000000e+02 1.166953125000000000e+02
1.172460937500000000e+02 1.181250000000000000e+02
1.246054687500000000e+02 1.255078125000000000e+02
1.178593750000000000e+02 1.306757812500000000e+02
1.092734375000000000e+02 1.336289062500000000e+02
1.013007812500000000e+02 1.336289062500000000e+02
9.332812500000000000e+01 1.321523437500000000e+02
8.658203125000000000e+01 1.284609375000000000e+02
8.228906250000000000e+01 1.225546875000000000e+02
9.210156250000000000e+01 1.210781250000000000e+02
1.013007812500000000e+02 1.225546875000000000e+02
1.123398437500000000e+02 1.232929687500000000e+02
1.227656250000000000e+02 1.255078125000000000e+02
1.123398437500000000e+02 1.232929687500000000e+02
1.019140625000000000e+02 1.232929687500000000e+02
9.210156250000000000e+01 1.218164062500000000e+02
