4.964062500000000000e+01 6.053906250000000000e+01
4.723437500000000000e+01 7.825781250000000000e+01
4.723437500000000000e+01 9.671484375000000000e+01
4.783593750000000000e+01 1.151718750000000000e+02
5.204687500000000000e+01 1.314140625000000000e+02
6.046875000000000000e+01 1.469179687500000000e+02
7.129687500000000000e+01 1.579921875000000000e+02
8.392968750000000000e+01 1.668515625000000000e+02
9.836718750000000000e+01 1.712812500000000000e+02
1.146093750000000000e+02 1.712812500000000000e+02
1.302500000000000000e+02 1.675898437500000000e+02
1.452890625000000000e+02 1.609453125000000000e+02
1.585234375000000000e+02 1.513476562500000000e+02
1.675468750000000000e+02 1.358437500000000000e+02
1.729609375000000000e+02 1.173867187500000000e+02
1.765703125000000000e+02 9.745312500000000000e+01
1.789765625000000000e+02 7.751953125000000000e+01
6.107031250000000000e+01 4.503515625000000000e+01
6.828906250000000000e+01 3.691406250000000000e+01
7.791406250000000000e+01 3.396093750000000000e+01
8.814062500000000000e+01 3.543750000000000000e+01
9.716406250000000000e+01 3.912890625000000000e+01
1.230312500000000000e+02 4.208203125000000000e+01
1.338593750000000000e+02 4.208203125000000000e+01
1.452890625000000000e+02 4.355859375000000000e+01
1.549140625000000000e+02 4.946484375000000000e+01
1.609296875000000000e+02 6.053906250000000000e+01
1.073906250000000000e+02 5.832421875000000000e+01
1.061875000000000000e+02 6.792187500000000000e+01
1.043828125000000000e+02 7.678125000000000000e+01
1.031796875000000000e+02 8.711718750000000000e+01
8.994531250000000000e+01 9.745312500000000000e+01
9.596093750000000000e+01 9.892968750000000000e+01
1.031796875000000000e+02 1.011445312500000000e+02
1.110000000000000000e+02 1.004062500000000000e+02
1.176171875000000000e+02 1.004062500000000000e+02
7.069531250000000000e+01 6.280078125000000000e+01
7.550781250000000000e+01 5.758593750000000000e+01
8.453125000000000000e+01 5.684765625000000000e+01
9.235156250000000000e+01 6.053906250000000000e+01
8.392968750000000000e+01 6.201562500000000000e+01
7.550781250000000000e+01 6.127734375000000000e+01
1.254375000000000000e+02 6.496875000000000000e+01
1.344609375000000000e+02 6.275390625000000000e+01
1.428828125000000000e+02 6.496875000000000000e+01
1.482968750000000000e+02 7.166015625000000000e+01
1.428828125000000000e+02 6.939843750000000000e+01
1.344609375000000000e+02 6.792187500000000000e+01
8.032031250000000000e+01 1.210781250000000000e+02
8.753906250000000000e+01 1.144335937500000000e+02
9.656250000000000000e+01 1.152187500000000000e+02
1.019765625000000000e+02 1.136953125000000000e+02
1.079921875000000000e+02 1.159570312500000000e+02
1.170156250000000000e+02 1.173867187500000000e+02
1.254375000000000000e+02 1.247695312500000000e+02
1.182187500000000000e+02 1.299375000000000000e+02
1.097968750000000000e+02 1.321523437500000000e+02
1.013750000000000000e+02 1.321523437500000000e+02
9.295312500000000000e+01 1.306757812500000000e+02
8.633593750000000000e+01 1.269843750000000000e+02
8.212500000000000000e+01 1.210781250000000000e+02
9.175000000000000000e+01 1.203398437500000000e+02
1.019765625000000000e+02 1.218164062500000000e+02
1.122031250000000000e+02 1.225546875000000000e+02
1.236328125000000000e+02 1.247695312500000000e+02
1.122031250000000000e+02 1.225546875000000000e+02
1.019765625000000000e+02 1.218164062500000000e+02
9.175000000000000000e+01 1.203398437500000000e+02
