4.992578125000000000e+01 5.925781250000000000e+01
4.874609375000000000e+01 7.732421875000000000e+01
4.874609375000000000e+01 9.539062500000000000e+01
4.992578125000000000e+01 1.127343750000000000e+02
5.346484375000000000e+01 1.293554687500000000e+02
6.172265625000000000e+01 1.438085937500000000e+02
7.175000000000000000e+01 1.546484375000000000e+02
8.413671875000000000e+01 1.633203125000000000e+02
9.829296875000000000e+01 1.669335937500000000e+02
1.142187500000000000e+02 1.662109375000000000e+02
1.295546875000000000e+02 1.625976562500000000e+02
1.443007812500000000e+02 1.553710937500000000e+02
1.578671875000000000e+02 1.452539062500000000e+02
1.655351562500000000e+02 1.286328125000000000e+02
1.708437500000000000e+02 1.105664062500000000e+02
1.737929687500000000e+02 9.105468750000000000e+01
1.761523437500000000e+02 7.154296875000000000e+01
5.818359375000000000e+01 4.480468750000000000e+01
6.467187500000000000e+01 3.613281250000000000e+01
7.351953125000000000e+01 3.396484375000000000e+01
8.354687500000000000e+01 3.468750000000000000e+01
9.239453125000000000e+01 3.830078125000000000e+01
1.171679687500000000e+02 3.902343750000000000e+01
1.283750000000000000e+02 3.830078125000000000e+01
1.401718750000000000e+02 4.046875000000000000e+01
1.501992187500000000e+02 4.625000000000000000e+01
1.566875000000000000e+02 5.708984375000000000e+01
1.024218750000000000e+02 5.564453125000000000e+01
1.012421875000000000e+02 6.503906250000000000e+01
1.000625000000000000e+02 7.443359375000000000e+01
9.829296875000000000e+01 8.455078125000000000e+01
8.708593750000000000e+01 9.539062500000000000e+01
9.239453125000000000e+01 9.683593750000000000e+01
9.947265625000000000e+01 9.828125000000000000e+01
1.065507812500000000e+02 9.755859375000000000e+01
1.130390625000000000e+02 9.683593750000000000e+01
6.703125000000000000e+01 6.153515625000000000e+01
7.233984375000000000e+01 5.636718750000000000e+01
8.059765625000000000e+01 5.564453125000000000e+01
8.826562500000000000e+01 5.853515625000000000e+01
8.000781250000000000e+01 5.998046875000000000e+01
7.233984375000000000e+01 5.998046875000000000e+01
1.212968750000000000e+02 6.070312500000000000e+01
1.301445312500000000e+02 5.925781250000000000e+01
1.389921875000000000e+02 6.070312500000000000e+01
1.437109375000000000e+02 6.731640625000000000e+01
1.384023437500000000e+02 6.503906250000000000e+01
1.295546875000000000e+02 6.359375000000000000e+01
7.941796875000000000e+01 1.192382812500000000e+02
8.531640625000000000e+01 1.134570312500000000e+02
9.357421875000000000e+01 1.135664062500000000e+02
9.947265625000000000e+01 1.120117187500000000e+02
1.053710937500000000e+02 1.135664062500000000e+02
1.142187500000000000e+02 1.149023437500000000e+02
1.224765625000000000e+02 1.221289062500000000e+02
1.159882812500000000e+02 1.271875000000000000e+02
1.077304687500000000e+02 1.300781250000000000e+02
9.888281250000000000e+01 1.308007812500000000e+02
9.180468750000000000e+01 1.300781250000000000e+02
8.472656250000000000e+01 1.257421875000000000e+02
8.118750000000000000e+01 1.192382812500000000e+02
9.003515625000000000e+01 1.185156250000000000e+02
9.888281250000000000e+01 1.199609375000000000e+02
1.100898437500000000e+02 1.199609375000000000e+02
1.207070312500000000e+02 1.221289062500000000e+02
1.100898437500000000e+02 1.199609375000000000e+02
9.888281250000000000e+01 1.199609375000000000e+02
9.003515625000000000e+01 1.185156250000000000e+02
