4.724218750000000000e+01 5.906250000000000000e+01
4.664062500000000000e+01 7.825781250000000000e+01
4.724218750000000000e+01 9.671484375000000000e+01
4.904687500000000000e+01 1.151718750000000000e+02
5.446093750000000000e+01 1.321523437500000000e+02
6.348437500000000000e+01 1.469179687500000000e+02
7.491406250000000000e+01 1.579921875000000000e+02
8.814843750000000000e+01 1.661132812500000000e+02
1.031875000000000000e+02 1.690664062500000000e+02
1.194296875000000000e+02 1.683281250000000000e+02
1.344687500000000000e+02 1.624218750000000000e+02
1.483046875000000000e+02 1.543007812500000000e+02
1.603359375000000000e+02 1.417500000000000000e+02
1.681562500000000000e+02 1.247695312500000000e+02
1.717656250000000000e+02 1.055742187500000000e+02
1.747734375000000000e+02 8.637890625000000000e+01
1.753750000000000000e+02 6.644531250000000000e+01
5.927343750000000000e+01 4.798828125000000000e+01
6.649218750000000000e+01 3.912890625000000000e+01
7.671875000000000000e+01 3.617578125000000000e+01
8.694531250000000000e+01 3.765234375000000000e+01
9.657031250000000000e+01 4.060546875000000000e+01
1.206328125000000000e+02 3.986718750000000000e+01
1.308593750000000000e+02 3.839062500000000000e+01
1.416875000000000000e+02 3.912890625000000000e+01
1.519140625000000000e+02 4.355859375000000000e+01
1.585312500000000000e+02 5.389453125000000000e+01
1.061953125000000000e+02 5.684765625000000000e+01
1.055937500000000000e+02 6.718359375000000000e+01
1.049921875000000000e+02 7.678125000000000000e+01
1.037890625000000000e+02 8.711718750000000000e+01
9.055468750000000000e+01 9.819140625000000000e+01
9.717187500000000000e+01 9.966796875000000000e+01
1.037890625000000000e+02 1.011445312500000000e+02
1.116093750000000000e+02 9.966796875000000000e+01
1.182265625000000000e+02 9.892968750000000000e+01
6.889843750000000000e+01 6.353906250000000000e+01
7.431250000000000000e+01 5.832421875000000000e+01
8.333593750000000000e+01 5.684765625000000000e+01
9.115625000000000000e+01 6.053906250000000000e+01
8.333593750000000000e+01 6.201562500000000000e+01
7.491406250000000000e+01 6.201562500000000000e+01
1.248437500000000000e+02 6.127734375000000000e+01
1.332656250000000000e+02 5.832421875000000000e+01
1.416875000000000000e+02 5.980078125000000000e+01
1.471015625000000000e+02 6.649218750000000000e+01
1.410859375000000000e+02 6.423046875000000000e+01
1.332656250000000000e+02 6.349218750000000000e+01
8.273437500000000000e+01 1.225546875000000000e+02
8.935156250000000000e+01 1.159101562500000000e+02
9.777343750000000000e+01 1.166953125000000000e+02
1.037890625000000000e+02 1.151718750000000000e+02
1.098046875000000000e+02 1.166953125000000000e+02
1.188281250000000000e+02 1.173867187500000000e+02
1.266484375000000000e+02 1.240312500000000000e+02
1.200312500000000000e+02 1.291992187500000000e+02
1.122109375000000000e+02 1.321523437500000000e+02
1.037890625000000000e+02 1.336289062500000000e+02
9.596875000000000000e+01 1.321523437500000000e+02
8.875000000000000000e+01 1.284609375000000000e+02
8.453906250000000000e+01 1.225546875000000000e+02
9.416406250000000000e+01 1.210781250000000000e+02
1.037890625000000000e+02 1.218164062500000000e+02
1.146171875000000000e+02 1.218164062500000000e+02
1.248437500000000000e+02 1.240312500000000000e+02
1.146171875000000000e+02 1.218164062500000000e+02
1.037890625000000000e+02 1.225546875000000000e+02
9.416406250000000000e+01 1.210781250000000000e+02
