4.674609375000000000e+01 5.957812500000000000e+01
4.614843750000000000e+01 7.846875000000000000e+01
4.674609375000000000e+01 9.663281250000000000e+01
4.913671875000000000e+01 1.147968750000000000e+02
5.451562500000000000e+01 1.322343750000000000e+02
6.348046875000000000e+01 1.460390625000000000e+02
7.543359375000000000e+01 1.562109375000000000e+02
8.858203125000000000e+01 1.642031250000000000e+02
1.029257812500000000e+02 1.671093750000000000e+02
1.190625000000000000e+02 1.663828125000000000e+02
1.340039062500000000e+02 1.605703125000000000e+02
1.483476562500000000e+02 1.525781250000000000e+02
1.603007812500000000e+02 1.402265625000000000e+02
1.680703125000000000e+02 1.242421875000000000e+02
1.716562500000000000e+02 1.053515625000000000e+02
1.746445312500000000e+02 8.646093750000000000e+01
1.758398437500000000e+02 6.757031250000000000e+01
5.929687500000000000e+01 4.504687500000000000e+01
6.646875000000000000e+01 3.632812500000000000e+01
7.603125000000000000e+01 3.414843750000000000e+01
8.619140625000000000e+01 3.560156250000000000e+01
9.575390625000000000e+01 3.923437500000000000e+01
1.196601562500000000e+02 3.996093750000000000e+01
1.304179687500000000e+02 3.850781250000000000e+01
1.417734375000000000e+02 3.996093750000000000e+01
1.519335937500000000e+02 4.432031250000000000e+01
1.585078125000000000e+02 5.521875000000000000e+01
1.053164062500000000e+02 5.667187500000000000e+01
1.047187500000000000e+02 6.611718750000000000e+01
1.035234375000000000e+02 7.628906250000000000e+01
1.029257812500000000e+02 8.646093750000000000e+01
8.977734375000000000e+01 9.663281250000000000e+01
9.635156250000000000e+01 9.881250000000000000e+01
1.035234375000000000e+02 9.953906250000000000e+01
1.106953125000000000e+02 9.881250000000000000e+01
1.172695312500000000e+02 9.808593750000000000e+01
6.826171875000000000e+01 6.257812500000000000e+01
7.364062500000000000e+01 5.812500000000000000e+01
8.260546875000000000e+01 5.739843750000000000e+01
9.097265625000000000e+01 5.957812500000000000e+01
8.200781250000000000e+01 6.103125000000000000e+01
7.364062500000000000e+01 6.175781250000000000e+01
1.238437500000000000e+02 6.103125000000000000e+01
1.322109375000000000e+02 5.812500000000000000e+01
1.405781250000000000e+02 5.957812500000000000e+01
1.459570312500000000e+02 6.621093750000000000e+01
1.399804687500000000e+02 6.466406250000000000e+01
1.322109375000000000e+02 6.393750000000000000e+01
8.320312500000000000e+01 1.206093750000000000e+02
8.977734375000000000e+01 1.140703125000000000e+02
9.814453125000000000e+01 1.141640625000000000e+02
1.035234375000000000e+02 1.126171875000000000e+02
1.095000000000000000e+02 1.141640625000000000e+02
1.184648437500000000e+02 1.147968750000000000e+02
1.262343750000000000e+02 1.213359375000000000e+02
1.196601562500000000e+02 1.264218750000000000e+02
1.118906250000000000e+02 1.293281250000000000e+02
1.035234375000000000e+02 1.300546875000000000e+02
9.575390625000000000e+01 1.293281250000000000e+02
8.917968750000000000e+01 1.264218750000000000e+02
8.499609375000000000e+01 1.206093750000000000e+02
9.396093750000000000e+01 1.191562500000000000e+02
1.035234375000000000e+02 1.198828125000000000e+02
1.142812500000000000e+02 1.191562500000000000e+02
1.244414062500000000e+02 1.213359375000000000e+02
1.142812500000000000e+02 1.191562500000000000e+02
1.035234375000000000e+02 1.198828125000000000e+02
9.396093750000000000e+01 1.191562500000000000e+02
