4.847656250000000000e+01 6.242187500000000000e+01
4.847656250000000000e+01 8.078125000000000000e+01
4.964843750000000000e+01 9.914062500000000000e+01
5.199218750000000000e+01 1.175000000000000000e+02
5.726562500000000000e+01 1.343906250000000000e+02
6.605468750000000000e+01 1.476093750000000000e+02
7.718750000000000000e+01 1.578906250000000000e+02
9.007812500000000000e+01 1.659687500000000000e+02
1.041406250000000000e+02 1.681718750000000000e+02
1.199609375000000000e+02 1.674375000000000000e+02
1.346093750000000000e+02 1.615625000000000000e+02
1.486718750000000000e+02 1.542187500000000000e+02
1.603906250000000000e+02 1.424687500000000000e+02
1.680078125000000000e+02 1.263125000000000000e+02
1.721093750000000000e+02 1.064843750000000000e+02
1.750390625000000000e+02 8.739062500000000000e+01
1.756250000000000000e+02 6.829687500000000000e+01
5.785156250000000000e+01 4.993750000000000000e+01
6.488281250000000000e+01 4.039062500000000000e+01
7.484375000000000000e+01 3.745312500000000000e+01
8.480468750000000000e+01 3.818750000000000000e+01
9.476562500000000000e+01 4.185937500000000000e+01
1.182031250000000000e+02 4.259375000000000000e+01
1.293359375000000000e+02 4.039062500000000000e+01
1.404687500000000000e+02 4.185937500000000000e+01
1.504296875000000000e+02 4.626562500000000000e+01
1.574609375000000000e+02 5.654687500000000000e+01
1.053125000000000000e+02 5.875000000000000000e+01
1.047265625000000000e+02 6.829687500000000000e+01
1.041406250000000000e+02 7.857812500000000000e+01
1.029687500000000000e+02 8.812500000000000000e+01
9.007812500000000000e+01 9.914062500000000000e+01
9.652343750000000000e+01 9.987500000000000000e+01
1.041406250000000000e+02 1.013437500000000000e+02
1.111718750000000000e+02 1.006093750000000000e+02
1.176171875000000000e+02 9.914062500000000000e+01
6.722656250000000000e+01 6.468750000000000000e+01
7.250000000000000000e+01 5.948437500000000000e+01
8.187500000000000000e+01 5.875000000000000000e+01
9.066406250000000000e+01 6.168750000000000000e+01
8.187500000000000000e+01 6.242187500000000000e+01
7.308593750000000000e+01 6.315625000000000000e+01
1.234765625000000000e+02 6.389062500000000000e+01
1.328515625000000000e+02 6.168750000000000000e+01
1.416406250000000000e+02 6.242187500000000000e+01
1.469140625000000000e+02 6.835937500000000000e+01
1.410546875000000000e+02 6.609375000000000000e+01
1.328515625000000000e+02 6.535937500000000000e+01
8.363281250000000000e+01 1.226406250000000000e+02
9.007812500000000000e+01 1.160312500000000000e+02
9.828125000000000000e+01 1.160937500000000000e+02
1.047265625000000000e+02 1.145625000000000000e+02
1.100000000000000000e+02 1.160937500000000000e+02
1.193750000000000000e+02 1.160312500000000000e+02
1.269921875000000000e+02 1.226406250000000000e+02
1.205468750000000000e+02 1.277812500000000000e+02
1.129296875000000000e+02 1.314531250000000000e+02
1.047265625000000000e+02 1.321875000000000000e+02
9.652343750000000000e+01 1.314531250000000000e+02
8.949218750000000000e+01 1.285156250000000000e+02
8.539062500000000000e+01 1.226406250000000000e+02
9.476562500000000000e+01 1.211718750000000000e+02
1.041406250000000000e+02 1.219062500000000000e+02
1.146875000000000000e+02 1.204375000000000000e+02
1.252343750000000000e+02 1.226406250000000000e+02
1.146875000000000000e+02 1.204375000000000000e+02
1.041406250000000000e+02 1.219062500000000000e+02
9.476562500000000000e+01 1.211718750000000000e+02
