1.498281402587890625e+02 2.497465972900390625e+02
1.530094146728515625e+02 2.737348632812500000e+02
1.559080963134765625e+02 2.959619140625000000e+02
1.610283355712890625e+02 3.162876586914062500e+02
1.725174102783203125e+02 3.389874267578125000e+02
1.950217742919921875e+02 3.574502563476562500e+02
2.233548889160156250e+02 3.697116088867187500e+02
2.523003387451171875e+02 3.805398559570312500e+02
2.727022705078125000e+02 3.852821655273437500e+02
2.758540649414062500e+02 3.773743591308593750e+02
2.634011230468750000e+02 3.641330871582031250e+02
2.489623107910156250e+02 3.497241821289062500e+02
2.383250732421875000e+02 3.297398681640625000e+02
2.330802612304687500e+02 3.061231689453125000e+02
2.319817199707031250e+02 2.850018310546875000e+02
2.332255096435546875e+02 2.624286499023437500e+02
2.331668853759765625e+02 2.384623718261718750e+02
2.277332611083984375e+02 2.239831542968750000e+02
2.449464416503906250e+02 2.128731994628906250e+02
2.613617553710937500e+02 2.103375091552734375e+02
2.738538818359375000e+02 2.126524353027343750e+02
2.821741333007812500e+02 2.166356506347656250e+02
3.039352416992187500e+02 2.158410034179687500e+02
3.064378662109375000e+02 2.111491699218750000e+02
3.061668090820312500e+02 2.080189208984375000e+02
3.027985229492187500e+02 2.089502410888671875e+02
2.944049072265625000e+02 2.171796569824218750e+02
2.975779418945312500e+02 2.461932373046875000e+02
3.080709838867187500e+02 2.623078002929687500e+02
3.184893188476562500e+02 2.766953735351562500e+02
3.206657104492187500e+02 2.890292663574218750e+02
2.884970092773437500e+02 3.002040405273437500e+02
2.967542724609375000e+02 3.014794006347656250e+02
3.034620666503906250e+02 3.026745300292968750e+02
3.047747802734375000e+02 2.994716491699218750e+02
3.018838806152343750e+02 2.969169311523437500e+02
2.440860595703125000e+02 2.464527587890625000e+02
2.579487304687500000e+02 2.411685638427734375e+02
2.642625122070312500e+02 2.412616729736328125e+02
2.665043640136718750e+02 2.462747497558593750e+02
2.638433532714843750e+02 2.505677642822265625e+02
2.550783691406250000e+02 2.514669342041015625e+02
2.880275573730468750e+02 2.446068878173828125e+02
2.958139648437500000e+02 2.383042755126953125e+02
3.012399291992187500e+02 2.370166015625000000e+02
2.952940979003906250e+02 2.403890533447265625e+02
2.981216735839843750e+02 2.460403747558593750e+02
2.950584411621093750e+02 2.471602172851562500e+02
2.549009399414062500e+02 3.258746948242187500e+02
2.781148681640625000e+02 3.214034118652343750e+02
2.957184448242187500e+02 3.169790344238281250e+02
3.004212036132812500e+02 3.179049072265625000e+02
3.034819335937500000e+02 3.157787475585937500e+02
3.015392456054687500e+02 3.182234497070312500e+02
2.902436523437500000e+02 3.227643432617187500e+02
2.980562744140625000e+02 3.337435302734375000e+02
2.997015075683593750e+02 3.390611877441406250e+02
2.961078186035156250e+02 3.402766113281250000e+02
2.888193969726562500e+02 3.397074279785156250e+02
2.759530639648437500e+02 3.351243896484375000e+02
2.566209106445312500e+02 3.251874084472656250e+02
2.877477416992187500e+02 3.249016113281250000e+02
2.957552490234375000e+02 3.245145874023437500e+02
2.983924865722656250e+02 3.240912780761718750e+02
2.899073181152343750e+02 3.226147460937500000e+02
2.986049804687500000e+02 3.274596252441406250e+02
2.957915649414062500e+02 3.286770629882812500e+02
2.883136901855468750e+02 3.281179504394531250e+02
