1.362801513671875000e+02 2.439961242675781250e+02
1.386355895996093750e+02 2.681075439453125000e+02
1.416574096679687500e+02 2.904008483886718750e+02
1.462955017089843750e+02 3.110169677734375000e+02
1.563393707275390625e+02 3.345541687011718750e+02
1.770317993164062500e+02 3.547974853515625000e+02
2.037342987060546875e+02 3.693488769531250000e+02
2.326591186523437500e+02 3.824478454589843750e+02
2.585169372558593750e+02 3.885415649414062500e+02
2.715584106445312500e+02 3.804589233398437500e+02
2.697250366210937500e+02 3.657795104980468750e+02
2.646911621093750000e+02 3.498398437500000000e+02
2.618280639648437500e+02 3.287546997070312500e+02
2.611758728027343750e+02 3.046585693359375000e+02
2.629194030761718750e+02 2.834624938964843750e+02
2.667547302246093750e+02 2.610276489257812500e+02
2.690493469238281250e+02 2.371159973144531250e+02
2.038335266113281250e+02 2.252551574707031250e+02
2.214651794433593750e+02 2.156028442382812500e+02
2.392439880371093750e+02 2.143505554199218750e+02
2.535279693603515625e+02 2.175737609863281250e+02
2.641026916503906250e+02 2.220916442871093750e+02
2.988462524414062500e+02 2.224274902343750000e+02
3.053602294921875000e+02 2.177749938964843750e+02
3.100757446289062500e+02 2.143993530273437500e+02
3.127016601562500000e+02 2.147543945312500000e+02
3.098705749511718750e+02 2.219675292968750000e+02
2.839211425781250000e+02 2.524646301269531250e+02
2.914460754394531250e+02 2.694592285156250000e+02
2.990547790527343750e+02 2.847256774902343750e+02
3.002852172851562500e+02 2.971925048828125000e+02
2.688686523437500000e+02 3.056376342773437500e+02
2.778977966308593750e+02 3.075356445312500000e+02
2.865610046386718750e+02 3.091697387695312500e+02
2.911458435058593750e+02 3.059352416992187500e+02
2.914100646972656250e+02 3.030087890625000000e+02
2.212699279785156250e+02 2.488336334228515625e+02
2.352566833496093750e+02 2.447070465087890625e+02
2.449088592529296875e+02 2.451469421386718750e+02
2.506480407714843750e+02 2.501324462890625000e+02
2.444575805664062500e+02 2.543524169921875000e+02
2.328340454101562500e+02 2.546748809814453125e+02
2.851297607421875000e+02 2.495833587646484375e+02
2.957163391113281250e+02 2.438204956054687500e+02
3.047771301269531250e+02 2.428030548095703125e+02
3.033613891601562500e+02 2.454444732666015625e+02
3.018051147460937500e+02 2.515003967285156250e+02
2.944791870117187500e+02 2.525740203857421875e+02
2.326770782470703125e+02 3.285219421386718750e+02
2.563085937500000000e+02 3.259466552734375000e+02
2.770691528320312500e+02 3.228273620605468750e+02
2.838832397460937500e+02 3.240238037109375000e+02
2.893731689453125000e+02 3.220416259765625000e+02
2.936022644042968750e+02 3.240058593750000000e+02
2.889442443847656250e+02 3.272689208984375000e+02
2.898332519531250000e+02 3.391436767578125000e+02
2.867619323730468750e+02 3.447888793945312500e+02
2.794529418945312500e+02 3.458872680664062500e+02
2.691564025878906250e+02 3.448793640136718750e+02
2.546250762939453125e+02 3.393680114746093750e+02
2.352688598632812500e+02 3.279361877441406250e+02
2.692507934570312500e+02 3.300374755859375000e+02
2.800197143554687500e+02 3.301667175292968750e+02
2.861606445312500000e+02 3.297874755859375000e+02
2.879075012207031250e+02 3.271276855468750000e+02
2.861159057617187500e+02 3.331611022949218750e+02
2.797216186523437500e+02 3.343181762695312500e+02
2.694701538085937500e+02 3.332933349609375000e+02
