1.457951049804687500e+02 2.473620910644531250e+02
1.485941772460937500e+02 2.714371337890625000e+02
1.513604583740234375e+02 2.937505798339843750e+02
1.562385559082031250e+02 3.142186889648437500e+02
1.672951507568359375e+02 3.372294311523437500e+02
1.894363555908203125e+02 3.563036804199218750e+02
2.175718078613281250e+02 3.693375854492187500e+02
2.467419128417968750e+02 3.809682922363281250e+02
2.686964111328125000e+02 3.863206176757812500e+02
2.744277954101562500e+02 3.785795898437500000e+02
2.646087036132812500e+02 3.650786132812500000e+02
2.524878234863281250e+02 3.503447875976562500e+02
2.438522796630859375e+02 3.301258544921875000e+02
2.399057006835937500e+02 3.063964843750000000e+02
2.396919555664062500e+02 2.852632446289062500e+02
2.417969970703125000e+02 2.627404479980468750e+02
2.425376281738281250e+02 2.387863006591796875e+02
2.222123107910156250e+02 2.236604156494140625e+02
2.398214416503906250e+02 2.130270385742187500e+02
2.567846679687500000e+02 2.109556884765625000e+02
2.698451232910156250e+02 2.136312103271484375e+02
2.787878417968750000e+02 2.178639221191406250e+02
3.040487976074218750e+02 2.177776336669921875e+02
3.076245727539062500e+02 2.131869506835937500e+02
3.086257324218750000e+02 2.100895996093750000e+02
3.067112121582031250e+02 2.109774932861328125e+02
2.995426025390625000e+02 2.190227203369140625e+02
2.952089843750000000e+02 2.478906860351562500e+02
3.049353027343750000e+02 2.642745666503906250e+02
3.146409301757812500e+02 2.789303588867187500e+02
3.164964904785156250e+02 2.913195190429687500e+02
2.840561218261718750e+02 3.016140136718750000e+02
2.925880432128906250e+02 3.031242675781250000e+02
2.998499145507812500e+02 3.045211791992187500e+02
3.020243225097656250e+02 3.013808593750000000e+02
2.999129028320312500e+02 2.987716674804687500e+02
2.388220367431640625e+02 2.465962371826171875e+02
2.529180450439453125e+02 2.416949768066406250e+02
2.601372680664062500e+02 2.419901428222656250e+02
2.632351989746093750e+02 2.470952148437500000e+02
2.596233825683593750e+02 2.512865905761718750e+02
2.500367736816406250e+02 2.519201354980468750e+02
2.882572631835937500e+02 2.461287231445312500e+02
2.968873291015625000e+02 2.400629272460937500e+02
3.032950744628906250e+02 2.389548950195312500e+02
2.983861999511718750e+02 2.422011718750000000e+02
3.000988769531250000e+02 2.478958129882812500e+02
2.959248046875000000e+02 2.488961181640625000e+02
2.492070465087890625e+02 3.263407897949218750e+02
2.728256835937500000e+02 3.225134887695312500e+02
2.914558715820312500e+02 3.186006469726562500e+02
2.967315979003906250e+02 3.196741333007812500e+02
3.004532470703125000e+02 3.176520996093750000e+02
3.000114746093750000e+02 3.200945739746093750e+02
2.902097778320312500e+02 3.243790893554687500e+02
2.962810668945312500e+02 3.355197143554687500e+02
2.967178344726562500e+02 3.408452148437500000e+02
2.921434631347656250e+02 3.419309387207031250e+02
2.840255126953125000e+02 3.411353759765625000e+02
2.706383666992187500e+02 3.361818847656250000e+02
2.511705322265625000e+02 3.257080383300781250e+02
2.833639526367187500e+02 3.263060302734375000e+02
2.921557617187500000e+02 3.261630249023437500e+02
2.957030639648437500e+02 3.258414306640625000e+02
2.896957092285156250e+02 3.242143859863281250e+02
2.958239135742187500e+02 3.292142944335937500e+02
2.920721740722656250e+02 3.303247680664062500e+02
2.838212280273437500e+02 3.295359191894531250e+02
