1.549571838378906250e+02 2.511585388183593750e+02
1.582293853759765625e+02 2.750880737304687500e+02
1.609856567382812500e+02 2.972593688964843750e+02
1.660804595947265625e+02 3.174943237304687500e+02
1.776621398925781250e+02 3.399984130859375000e+02
2.001511840820312500e+02 3.580837097167968750e+02
2.283254699707031250e+02 3.698716430664062500e+02
2.566914062500000000e+02 3.802128601074218750e+02
2.752906188964843750e+02 3.845996093750000000e+02
2.758676757812500000e+02 3.766177978515625000e+02
2.609670410156250000e+02 3.635632324218750000e+02
2.444328918457031250e+02 3.493775329589843750e+02
2.320585784912109375e+02 3.295585632324218750e+02
2.257967529296875000e+02 3.060258789062500000e+02
2.240435180664062500e+02 2.849227294921875000e+02
2.246552734375000000e+02 2.623296508789062500e+02
2.240541992187500000e+02 2.383662261962890625e+02
2.340760192871093750e+02 2.241262817382812500e+02
2.508776245117187500e+02 2.127311553955078125e+02
2.666334533691406250e+02 2.099186706542968750e+02
2.784199829101562500e+02 2.120197906494140625e+02
2.859924316406250000e+02 2.158572998046875000e+02
3.040101623535156250e+02 2.146679992675781250e+02
3.054485473632812500e+02 2.099261779785156250e+02
3.039129943847656250e+02 2.067894439697265625e+02
2.990717163085937500e+02 2.077623291015625000e+02
2.893946228027343750e+02 2.161160125732421875e+02
2.998952636718750000e+02 2.451375427246093750e+02
3.109065246582031250e+02 2.610787963867187500e+02
3.218081970214843750e+02 2.752945251464843750e+02
3.241544799804687500e+02 2.875904235839843750e+02
2.923856201171875000e+02 2.992974243164062500e+02
3.002828063964843750e+02 3.004325561523437500e+02
3.063573913574218750e+02 3.015104980468750000e+02
3.068144531250000000e+02 2.982788391113281250e+02
3.031773681640625000e+02 2.957656250000000000e+02
2.497803955078125000e+02 2.463129119873046875e+02
2.633570861816406250e+02 2.407984161376953125e+02
2.686937255859375000e+02 2.407779541015625000e+02
2.699840087890625000e+02 2.457435760498046875e+02
2.682678527832031250e+02 2.500882110595703125e+02
2.604019165039062500e+02 2.511404418945312500e+02
2.877767028808593750e+02 2.436853790283203125e+02
2.947112426757812500e+02 2.372479095458984375e+02
2.991046447753906250e+02 2.358612213134765625e+02
2.921045532226562500e+02 2.393210601806640625e+02
2.959866943359375000e+02 2.449338989257812500e+02
2.940717773437500000e+02 2.461148376464843750e+02
2.600386962890625000e+02 3.255276794433593750e+02
2.827091674804687500e+02 3.206688537597656250e+02
2.991755371093750000e+02 3.159440917968750000e+02
3.032444458007812500e+02 3.167860412597656250e+02
3.056291503906250000e+02 3.146035461425781250e+02
3.021367797851562500e+02 3.170650634765625000e+02
2.893473510742187500e+02 3.217773437500000000e+02
2.987558593750000000e+02 3.326391601562500000e+02
3.015645141601562500e+02 3.379390258789062500e+02
2.989888916015625000e+02 3.392230224609375000e+02
2.926130065917968750e+02 3.387830810546875000e+02
2.804325561523437500e+02 3.344204711914062500e+02
2.615038757324218750e+02 3.248097534179687500e+02
2.912998962402343750e+02 3.239970092773437500e+02
2.984465332031250000e+02 3.234696655273437500e+02
3.001364440917968750e+02 3.229939880371093750e+02
2.891972656250000000e+02 3.216350708007812500e+02
3.004024353027343750e+02 3.263583374023437500e+02
2.985575561523437500e+02 3.276310424804687500e+02
2.919357604980468750e+02 3.272037353515625000e+02
