1.740329437255859375e+02 2.571788330078125000e+02
1.772161102294921875e+02 2.807892761230468750e+02
1.792255554199218750e+02 3.025979614257812500e+02
1.838336486816406250e+02 3.224066772460937500e+02
1.949663085937500000e+02 3.441756286621093750e+02
2.162272949218750000e+02 3.609596557617187500e+02
2.425422821044921875e+02 3.711506042480468750e+02
2.677964782714843750e+02 3.797454223632812500e+02
2.801270751953125000e+02 3.824960021972656250e+02
2.730583496093750000e+02 3.736237487792968750e+02
2.516398010253906250e+02 3.605595703125000000e+02
2.297243194580078125e+02 3.465831298828125000e+02
2.128995513916015625e+02 3.269307250976562500e+02
2.040930175781250000e+02 3.035363464355468750e+02
2.006508941650390625e+02 2.824506225585937500e+02
1.995470123291015625e+02 2.597727050781250000e+02
1.975651550292968750e+02 2.358295135498046875e+02
2.534199523925781250e+02 2.267165985107421875e+02
2.683294067382812500e+02 2.143967437744140625e+02
2.814242553710937500e+02 2.105588684082031250e+02
2.905490112304687500e+02 2.117847290039062500e+02
2.955097656250000000e+02 2.149354095458984375e+02
3.015382690429687500e+02 2.114877319335937500e+02
2.997745666503906250e+02 2.063271484375000000e+02
2.945597534179687500e+02 2.028407135009765625e+02
2.855305175781250000e+02 2.035279083251953125e+02
2.723856506347656250e+02 2.118560485839843750e+02
3.040383300781250000e+02 2.427385864257812500e+02
3.159558105468750000e+02 2.581766967773437500e+02
3.276798095703125000e+02 2.718956298828125000e+02
3.303179931640625000e+02 2.840374450683593750e+02
3.010837707519531250e+02 2.974328308105468750e+02
3.075364379882812500e+02 2.980239257812500000e+02
3.114341430664062500e+02 2.985543212890625000e+02
3.093433837890625000e+02 2.950175170898437500e+02
3.036650390625000000e+02 2.924435424804687500e+02
2.662774353027343750e+02 2.476930236816406250e+02
2.784316711425781250e+02 2.414197082519531250e+02
2.806073303222656250e+02 2.407749023437500000e+02
2.789528808593750000e+02 2.452954101562500000e+02
2.800983886718750000e+02 2.500333862304687500e+02
2.752659301757812500e+02 2.518042449951171875e+02
2.848127441406250000e+02 2.410016632080078125e+02
2.889447021484375000e+02 2.339516143798828125e+02
2.900665893554687500e+02 2.319797515869140625e+02
2.802052917480468750e+02 2.353958740234375000e+02
2.870110473632812500e+02 2.411435241699218750e+02
2.886024780273437500e+02 2.428251190185546875e+02
2.737057495117187500e+02 3.255740661621093750e+02
2.937656250000000000e+02 3.193912353515625000e+02
3.061288452148437500e+02 3.134481201171875000e+02
3.081122131347656250e+02 3.138472595214843750e+02
3.083885803222656250e+02 3.113167114257812500e+02
3.004046630859375000e+02 3.133842773437500000e+02
2.836929321289062500e+02 3.181837158203125000e+02
2.973442993164062500e+02 3.290496215820312500e+02
3.034533081054687500e+02 3.345809020996093750e+02
3.040241088867187500e+02 3.363521423339843750e+02
3.006674804687500000e+02 3.365703735351562500e+02
2.911279907226562500e+02 3.331135864257812500e+02
2.743497009277343750e+02 3.246950073242187500e+02
2.988237915039062500e+02 3.218786621093750000e+02
3.030791320800781250e+02 3.206793823242187500e+02
3.018668518066406250e+02 3.197811889648437500e+02
2.841072998046875000e+02 3.181169738769531250e+02
3.022506713867187500e+02 3.231252441406250000e+02
3.033713073730468750e+02 3.248298950195312500e+02
2.996112060546875000e+02 3.250531616210937500e+02
