4.606250000000000000e+01 6.967187500000000000e+01
4.784375000000000000e+01 8.602343750000000000e+01
5.021875000000000000e+01 1.016640625000000000e+02
5.556250000000000000e+01 1.165937500000000000e+02
6.150000000000000000e+01 1.315234375000000000e+02
6.921875000000000000e+01 1.443203125000000000e+02
7.931250000000000000e+01 1.542734375000000000e+02
9.059375000000000000e+01 1.620937500000000000e+02
1.042500000000000000e+02 1.635156250000000000e+02
1.202812500000000000e+02 1.606718750000000000e+02
1.363125000000000000e+02 1.535625000000000000e+02
1.517500000000000000e+02 1.443203125000000000e+02
1.642187500000000000e+02 1.315234375000000000e+02
1.719375000000000000e+02 1.137500000000000000e+02
1.737187500000000000e+02 9.384375000000000000e+01
1.749062500000000000e+02 7.322656250000000000e+01
1.737187500000000000e+02 5.332031250000000000e+01
4.487500000000000000e+01 5.189843750000000000e+01
4.962500000000000000e+01 4.336718750000000000e+01
5.793750000000000000e+01 4.052343750000000000e+01
6.743750000000000000e+01 4.123437500000000000e+01
7.634375000000000000e+01 4.336718750000000000e+01
1.024687500000000000e+02 3.696875000000000000e+01
1.137500000000000000e+02 3.270312500000000000e+01
1.262187500000000000e+02 2.914843750000000000e+01
1.380937500000000000e+02 3.057031250000000000e+01
1.475937500000000000e+02 3.767968750000000000e+01
8.940625000000000000e+01 5.687500000000000000e+01
8.940625000000000000e+01 6.682812500000000000e+01
8.940625000000000000e+01 7.607031250000000000e+01
9.000000000000000000e+01 8.602343750000000000e+01
8.346875000000000000e+01 1.009531250000000000e+02
8.821875000000000000e+01 1.009531250000000000e+02
9.415625000000000000e+01 1.002421875000000000e+02
1.012812500000000000e+02 9.810937500000000000e+01
1.078125000000000000e+02 9.668750000000000000e+01
5.378125000000000000e+01 6.982812500000000000e+01
5.793750000000000000e+01 6.185156250000000000e+01
6.743750000000000000e+01 6.042968750000000000e+01
7.634375000000000000e+01 6.398437500000000000e+01
6.803125000000000000e+01 6.753906250000000000e+01
5.971875000000000000e+01 6.896093750000000000e+01
1.125625000000000000e+02 5.687500000000000000e+01
1.208750000000000000e+02 5.118750000000000000e+01
1.309687500000000000e+02 5.118750000000000000e+01
1.369062500000000000e+02 5.774218750000000000e+01
1.315625000000000000e+02 5.687500000000000000e+01
1.220625000000000000e+02 5.829687500000000000e+01
7.931250000000000000e+01 1.237031250000000000e+02
8.228125000000000000e+01 1.158828125000000000e+02
8.940625000000000000e+01 1.131953125000000000e+02
9.534375000000000000e+01 1.109062500000000000e+02
1.012812500000000000e+02 1.110625000000000000e+02
1.131562500000000000e+02 1.109062500000000000e+02
1.244375000000000000e+02 1.180156250000000000e+02
1.173125000000000000e+02 1.258359375000000000e+02
1.084062500000000000e+02 1.308125000000000000e+02
9.831250000000000000e+01 1.329453125000000000e+02
9.118750000000000000e+01 1.329453125000000000e+02
8.406250000000000000e+01 1.301015625000000000e+02
8.050000000000000000e+01 1.237031250000000000e+02
8.821875000000000000e+01 1.201484375000000000e+02
9.653125000000000000e+01 1.180156250000000000e+02
1.095937500000000000e+02 1.165937500000000000e+02
1.226562500000000000e+02 1.180156250000000000e+02
1.095937500000000000e+02 1.201484375000000000e+02
9.771875000000000000e+01 1.222812500000000000e+02
8.881250000000000000e+01 1.229921875000000000e+02
