4.903125000000000000e+01 6.646093750000000000e+01
5.081250000000000000e+01 8.272265625000000000e+01
5.437500000000000000e+01 9.827734375000000000e+01
5.912500000000000000e+01 1.124179687500000000e+02
6.506250000000000000e+01 1.272656250000000000e+02
7.278125000000000000e+01 1.399921875000000000e+02
8.287500000000000000e+01 1.505976562500000000e+02
9.356250000000000000e+01 1.604960937500000000e+02
1.066250000000000000e+02 1.640312500000000000e+02
1.232500000000000000e+02 1.604960937500000000e+02
1.386875000000000000e+02 1.520117187500000000e+02
1.535312500000000000e+02 1.421132812500000000e+02
1.654062500000000000e+02 1.279726562500000000e+02
1.719375000000000000e+02 1.102968750000000000e+02
1.743125000000000000e+02 8.979296875000000000e+01
1.749062500000000000e+02 6.999609375000000000e+01
1.737187500000000000e+02 5.019921875000000000e+01
4.725000000000000000e+01 5.232031250000000000e+01
5.200000000000000000e+01 4.525000000000000000e+01
6.090625000000000000e+01 4.383593750000000000e+01
6.981250000000000000e+01 4.525000000000000000e+01
7.812500000000000000e+01 4.737109375000000000e+01
1.042500000000000000e+02 4.171484375000000000e+01
1.155312500000000000e+02 3.676562500000000000e+01
1.274062500000000000e+02 3.393750000000000000e+01
1.392812500000000000e+02 3.464453125000000000e+01
1.493750000000000000e+02 4.171484375000000000e+01
9.118750000000000000e+01 6.009765625000000000e+01
9.178125000000000000e+01 7.070312500000000000e+01
9.178125000000000000e+01 8.201562500000000000e+01
9.237500000000000000e+01 9.262109375000000000e+01
8.584375000000000000e+01 1.032265625000000000e+02
9.059375000000000000e+01 1.039335937500000000e+02
9.653125000000000000e+01 1.046406250000000000e+02
1.036562500000000000e+02 1.018125000000000000e+02
1.101875000000000000e+02 1.003984375000000000e+02
5.615625000000000000e+01 7.016796875000000000e+01
6.090625000000000000e+01 6.292578125000000000e+01
6.921875000000000000e+01 6.151171875000000000e+01
7.753125000000000000e+01 6.504687500000000000e+01
6.981250000000000000e+01 6.858203125000000000e+01
6.150000000000000000e+01 6.928906250000000000e+01
1.143437500000000000e+02 5.939062500000000000e+01
1.226562500000000000e+02 5.373437500000000000e+01
1.321562500000000000e+02 5.444140625000000000e+01
1.380937500000000000e+02 6.026953125000000000e+01
1.327500000000000000e+02 5.939062500000000000e+01
1.238437500000000000e+02 6.080468750000000000e+01
8.228125000000000000e+01 1.237304687500000000e+02
8.584375000000000000e+01 1.173671875000000000e+02
9.296875000000000000e+01 1.161250000000000000e+02
9.831250000000000000e+01 1.138320312500000000e+02
1.036562500000000000e+02 1.147109375000000000e+02
1.143437500000000000e+02 1.138320312500000000e+02
1.256250000000000000e+02 1.180742187500000000e+02
1.185000000000000000e+02 1.258515625000000000e+02
1.101875000000000000e+02 1.300937500000000000e+02
1.006875000000000000e+02 1.322148437500000000e+02
9.415625000000000000e+01 1.322148437500000000e+02
8.762500000000000000e+01 1.293867187500000000e+02
8.406250000000000000e+01 1.237304687500000000e+02
9.178125000000000000e+01 1.216093750000000000e+02
9.950000000000000000e+01 1.209023437500000000e+02
1.113750000000000000e+02 1.194882812500000000e+02
1.238437500000000000e+02 1.187812500000000000e+02
1.113750000000000000e+02 1.194882812500000000e+02
9.950000000000000000e+01 1.216093750000000000e+02
9.178125000000000000e+01 1.216093750000000000e+02
