5.387890625000000000e+01 5.390625000000000000e+01
5.271484375000000000e+01 7.043750000000000000e+01
5.387890625000000000e+01 8.696875000000000000e+01
5.620703125000000000e+01 1.027812500000000000e+02
5.969921875000000000e+01 1.171562500000000000e+02
6.610156250000000000e+01 1.315312500000000000e+02
7.366796875000000000e+01 1.444687500000000000e+02
8.239843750000000000e+01 1.552500000000000000e+02
9.462109375000000000e+01 1.617187500000000000e+02
1.103359375000000000e+02 1.610000000000000000e+02
1.254687500000000000e+02 1.545312500000000000e+02
1.406015625000000000e+02 1.466250000000000000e+02
1.539882812500000000e+02 1.358437500000000000e+02
1.633007812500000000e+02 1.207500000000000000e+02
1.691210937500000000e+02 1.027812500000000000e+02
1.737773437500000000e+02 8.337500000000000000e+01
1.761054687500000000e+02 6.468750000000000000e+01
5.562500000000000000e+01 4.168750000000000000e+01
6.202734375000000000e+01 3.593750000000000000e+01
7.017578125000000000e+01 3.665625000000000000e+01
7.832421875000000000e+01 4.096875000000000000e+01
8.647265625000000000e+01 4.528125000000000000e+01
1.120820312500000000e+02 4.456250000000000000e+01
1.237226562500000000e+02 4.240625000000000000e+01
1.347812500000000000e+02 4.096875000000000000e+01
1.458398437500000000e+02 4.312500000000000000e+01
1.545703125000000000e+02 5.103125000000000000e+01
9.753125000000000000e+01 6.181250000000000000e+01
9.578515625000000000e+01 7.187500000000000000e+01
9.403906250000000000e+01 8.193750000000000000e+01
9.229296875000000000e+01 9.200000000000000000e+01
8.414453125000000000e+01 9.990625000000000000e+01
8.880078125000000000e+01 1.020625000000000000e+02
9.403906250000000000e+01 1.035000000000000000e+02
1.010234375000000000e+02 1.027812500000000000e+02
1.074257812500000000e+02 1.020625000000000000e+02
6.319140625000000000e+01 6.696875000000000000e+01
6.784765625000000000e+01 6.468750000000000000e+01
7.599609375000000000e+01 6.468750000000000000e+01
8.414453125000000000e+01 6.468750000000000000e+01
7.599609375000000000e+01 6.684375000000000000e+01
6.784765625000000000e+01 6.612500000000000000e+01
1.173203125000000000e+02 6.684375000000000000e+01
1.266328125000000000e+02 6.828125000000000000e+01
1.353632812500000000e+02 6.971875000000000000e+01
1.417656250000000000e+02 7.271875000000000000e+01
1.359453125000000000e+02 7.187500000000000000e+01
1.260507812500000000e+02 7.115625000000000000e+01
7.716015625000000000e+01 1.185937500000000000e+02
8.181640625000000000e+01 1.135625000000000000e+02
8.880078125000000000e+01 1.144062500000000000e+02
9.403906250000000000e+01 1.135625000000000000e+02
9.927734375000000000e+01 1.151250000000000000e+02
1.091718750000000000e+02 1.164375000000000000e+02
1.196484375000000000e+02 1.214687500000000000e+02
1.115000000000000000e+02 1.286562500000000000e+02
1.033515625000000000e+02 1.329687500000000000e+02
9.345703125000000000e+01 1.344062500000000000e+02
8.647265625000000000e+01 1.315312500000000000e+02
8.065234375000000000e+01 1.265000000000000000e+02
7.832421875000000000e+01 1.193125000000000000e+02
8.647265625000000000e+01 1.200312500000000000e+02
9.403906250000000000e+01 1.207500000000000000e+02
1.056796875000000000e+02 1.214687500000000000e+02
1.173203125000000000e+02 1.214687500000000000e+02
1.056796875000000000e+02 1.221875000000000000e+02
9.403906250000000000e+01 1.221875000000000000e+02
8.589062500000000000e+01 1.200312500000000000e+02
