4.806250000000000000e+01 6.575390625000000000e+01
4.982031250000000000e+01 8.201562500000000000e+01
5.275000000000000000e+01 9.757031250000000000e+01
5.743750000000000000e+01 1.124179687500000000e+02
6.388281250000000000e+01 1.272656250000000000e+02
7.150000000000000000e+01 1.399921875000000000e+02
8.028906250000000000e+01 1.513046875000000000e+02
9.083593750000000000e+01 1.612031250000000000e+02
1.037265625000000000e+02 1.647382812500000000e+02
1.201328125000000000e+02 1.619101562500000000e+02
1.359531250000000000e+02 1.534257812500000000e+02
1.511875000000000000e+02 1.435273437500000000e+02
1.634921875000000000e+02 1.300937500000000000e+02
1.711093750000000000e+02 1.124179687500000000e+02
1.734531250000000000e+02 9.191406250000000000e+01
1.746250000000000000e+02 7.070312500000000000e+01
1.728671875000000000e+02 5.090625000000000000e+01
4.630468750000000000e+01 5.090625000000000000e+01
5.099218750000000000e+01 4.383593750000000000e+01
5.919531250000000000e+01 4.242187500000000000e+01
6.739843750000000000e+01 4.383593750000000000e+01
7.618750000000000000e+01 4.595703125000000000e+01
1.007968750000000000e+02 4.100781250000000000e+01
1.125156250000000000e+02 3.605859375000000000e+01
1.248203125000000000e+02 3.323046875000000000e+01
1.371250000000000000e+02 3.393750000000000000e+01
1.470859375000000000e+02 4.100781250000000000e+01
8.790625000000000000e+01 5.797656250000000000e+01
8.790625000000000000e+01 6.928906250000000000e+01
8.790625000000000000e+01 7.989453125000000000e+01
8.790625000000000000e+01 9.050000000000000000e+01
8.204687500000000000e+01 1.018125000000000000e+02
8.673437500000000000e+01 1.025195312500000000e+02
9.317968750000000000e+01 1.032265625000000000e+02
9.962500000000000000e+01 1.003984375000000000e+02
1.066562500000000000e+02 9.827734375000000000e+01
5.450781250000000000e+01 6.875390625000000000e+01
5.860937500000000000e+01 6.080468750000000000e+01
6.798437500000000000e+01 5.939062500000000000e+01
7.560156250000000000e+01 6.363281250000000000e+01
6.798437500000000000e+01 6.716796875000000000e+01
5.978125000000000000e+01 6.787500000000000000e+01
1.119296875000000000e+02 5.726953125000000000e+01
1.207187500000000000e+02 5.232031250000000000e+01
1.300937500000000000e+02 5.302734375000000000e+01
1.365390625000000000e+02 5.814843750000000000e+01
1.306796875000000000e+02 5.726953125000000000e+01
1.213046875000000000e+02 5.868359375000000000e+01
7.970312500000000000e+01 1.237304687500000000e+02
8.263281250000000000e+01 1.166601562500000000e+02
8.849218750000000000e+01 1.154179687500000000e+02
9.435156250000000000e+01 1.131250000000000000e+02
1.002109375000000000e+02 1.140039062500000000e+02
1.113437500000000000e+02 1.131250000000000000e+02
1.224765625000000000e+02 1.180742187500000000e+02
1.160312500000000000e+02 1.265585937500000000e+02
1.072421875000000000e+02 1.322148437500000000e+02
9.728125000000000000e+01 1.350429687500000000e+02
9.025000000000000000e+01 1.343359375000000000e+02
8.380468750000000000e+01 1.300937500000000000e+02
8.146093750000000000e+01 1.237304687500000000e+02
8.849218750000000000e+01 1.223164062500000000e+02
9.552343750000000000e+01 1.216093750000000000e+02
1.078281250000000000e+02 1.194882812500000000e+02
1.207187500000000000e+02 1.187812500000000000e+02
1.084140625000000000e+02 1.201953125000000000e+02
9.610937500000000000e+01 1.223164062500000000e+02
8.849218750000000000e+01 1.223164062500000000e+02
