5.357812500000000000e+01 5.189843750000000000e+01
5.240625000000000000e+01 6.825000000000000000e+01
5.299218750000000000e+01 8.460156250000000000e+01
5.533593750000000000e+01 1.002421875000000000e+02
5.943750000000000000e+01 1.151718750000000000e+02
6.529687500000000000e+01 1.286796875000000000e+02
7.291406250000000000e+01 1.407656250000000000e+02
8.170312500000000000e+01 1.514296875000000000e+02
9.400781250000000000e+01 1.571171875000000000e+02
1.098281250000000000e+02 1.571171875000000000e+02
1.256484375000000000e+02 1.521406250000000000e+02
1.408828125000000000e+02 1.450312500000000000e+02
1.549453125000000000e+02 1.350781250000000000e+02
1.643203125000000000e+02 1.201484375000000000e+02
1.707656250000000000e+02 1.016640625000000000e+02
1.754531250000000000e+02 8.317968750000000000e+01
1.777968750000000000e+02 6.398437500000000000e+01
5.533593750000000000e+01 3.981250000000000000e+01
6.178125000000000000e+01 3.412500000000000000e+01
7.057031250000000000e+01 3.483593750000000000e+01
7.877343750000000000e+01 3.839062500000000000e+01
8.697656250000000000e+01 4.265625000000000000e+01
1.139296875000000000e+02 4.265625000000000000e+01
1.250625000000000000e+02 3.981250000000000000e+01
1.367812500000000000e+02 3.910156250000000000e+01
1.479140625000000000e+02 4.123437500000000000e+01
1.567031250000000000e+02 4.976562500000000000e+01
9.810937500000000000e+01 5.971875000000000000e+01
9.693750000000000000e+01 6.967187500000000000e+01
9.517968750000000000e+01 8.033593750000000000e+01
9.342187500000000000e+01 9.028906250000000000e+01
8.463281250000000000e+01 9.882031250000000000e+01
8.932031250000000000e+01 1.002421875000000000e+02
9.517968750000000000e+01 1.016640625000000000e+02
1.022109375000000000e+02 1.009531250000000000e+02
1.086562500000000000e+02 1.002421875000000000e+02
6.295312500000000000e+01 6.414062500000000000e+01
6.822656250000000000e+01 6.185156250000000000e+01
7.642968750000000000e+01 6.185156250000000000e+01
8.463281250000000000e+01 6.256250000000000000e+01
7.642968750000000000e+01 6.469531250000000000e+01
6.764062500000000000e+01 6.398437500000000000e+01
1.180312500000000000e+02 6.469531250000000000e+01
1.279921875000000000e+02 6.611718750000000000e+01
1.373671875000000000e+02 6.753906250000000000e+01
1.432265625000000000e+02 7.053906250000000000e+01
1.373671875000000000e+02 6.967187500000000000e+01
1.274062500000000000e+02 6.896093750000000000e+01
7.760156250000000000e+01 1.158828125000000000e+02
8.287500000000000000e+01 1.116171875000000000e+02
8.932031250000000000e+01 1.124843750000000000e+02
9.459375000000000000e+01 1.109062500000000000e+02
9.986718750000000000e+01 1.131953125000000000e+02
1.092421875000000000e+02 1.144609375000000000e+02
1.180312500000000000e+02 1.201484375000000000e+02
1.110000000000000000e+02 1.258359375000000000e+02
1.022109375000000000e+02 1.293906250000000000e+02
9.342187500000000000e+01 1.293906250000000000e+02
8.697656250000000000e+01 1.279687500000000000e+02
8.111718750000000000e+01 1.229921875000000000e+02
7.877343750000000000e+01 1.165937500000000000e+02
8.697656250000000000e+01 1.165937500000000000e+02
9.400781250000000000e+01 1.180156250000000000e+02
1.051406250000000000e+02 1.187265625000000000e+02
1.162734375000000000e+02 1.201484375000000000e+02
1.051406250000000000e+02 1.187265625000000000e+02
9.400781250000000000e+01 1.187265625000000000e+02
8.639062500000000000e+01 1.165937500000000000e+02
