5.216406250000000000e+01 4.525000000000000000e+01
5.099218750000000000e+01 6.151171875000000000e+01
5.099218750000000000e+01 7.706640625000000000e+01
5.275000000000000000e+01 9.332812500000000000e+01
5.626562500000000000e+01 1.088828125000000000e+02
6.153906250000000000e+01 1.230234375000000000e+02
6.857031250000000000e+01 1.364570312500000000e+02
7.677343750000000000e+01 1.477695312500000000e+02
8.907812500000000000e+01 1.541328125000000000e+02
1.054843750000000000e+02 1.555468750000000000e+02
1.218906250000000000e+02 1.520117187500000000e+02
1.382968750000000000e+02 1.463554687500000000e+02
1.529453125000000000e+02 1.364570312500000000e+02
1.640781250000000000e+02 1.209023437500000000e+02
1.705234375000000000e+02 1.032265625000000000e+02
1.769687500000000000e+02 8.342968750000000000e+01
1.798984375000000000e+02 6.363281250000000000e+01
5.392187500000000000e+01 3.464453125000000000e+01
6.036718750000000000e+01 2.969531250000000000e+01
6.915625000000000000e+01 3.040234375000000000e+01
7.735937500000000000e+01 3.464453125000000000e+01
8.497656250000000000e+01 3.888671875000000000e+01
1.125156250000000000e+02 3.959375000000000000e+01
1.248203125000000000e+02 3.747265625000000000e+01
1.365390625000000000e+02 3.676562500000000000e+01
1.482578125000000000e+02 4.030078125000000000e+01
1.570468750000000000e+02 4.878515625000000000e+01
9.610937500000000000e+01 5.373437500000000000e+01
9.376562500000000000e+01 6.433984375000000000e+01
9.200781250000000000e+01 7.565234375000000000e+01
9.025000000000000000e+01 8.625781250000000000e+01
8.146093750000000000e+01 9.474218750000000000e+01
8.556250000000000000e+01 9.686328125000000000e+01
9.142187500000000000e+01 9.827734375000000000e+01
9.845312500000000000e+01 9.757031250000000000e+01
1.048984375000000000e+02 9.757031250000000000e+01
5.978125000000000000e+01 5.390625000000000000e+01
6.505468750000000000e+01 4.807812500000000000e+01
7.384375000000000000e+01 4.878515625000000000e+01
8.146093750000000000e+01 5.514843750000000000e+01
7.267187500000000000e+01 5.585546875000000000e+01
6.446875000000000000e+01 5.444140625000000000e+01
1.177890625000000000e+02 5.868359375000000000e+01
1.271640625000000000e+02 5.514843750000000000e+01
1.371250000000000000e+02 5.726953125000000000e+01
1.429843750000000000e+02 6.451171875000000000e+01
1.365390625000000000e+02 6.292578125000000000e+01
1.271640625000000000e+02 6.221875000000000000e+01
7.325781250000000000e+01 1.131250000000000000e+02
7.853125000000000000e+01 1.088828125000000000e+02
8.497656250000000000e+01 1.097617187500000000e+02
9.025000000000000000e+01 1.088828125000000000e+02
9.552343750000000000e+01 1.111757812500000000e+02
1.048984375000000000e+02 1.124179687500000000e+02
1.131015625000000000e+02 1.180742187500000000e+02
1.060703125000000000e+02 1.230234375000000000e+02
9.786718750000000000e+01 1.244375000000000000e+02
8.907812500000000000e+01 1.244375000000000000e+02
8.263281250000000000e+01 1.230234375000000000e+02
7.735937500000000000e+01 1.187812500000000000e+02
7.501562500000000000e+01 1.138320312500000000e+02
8.263281250000000000e+01 1.138320312500000000e+02
9.025000000000000000e+01 1.152460937500000000e+02
1.007968750000000000e+02 1.159531250000000000e+02
1.113437500000000000e+02 1.180742187500000000e+02
1.007968750000000000e+02 1.159531250000000000e+02
9.025000000000000000e+01 1.152460937500000000e+02
8.263281250000000000e+01 1.131250000000000000e+02
