4.663281250000000000e+01 6.844921875000000000e+01
5.035937500000000000e+01 8.366015625000000000e+01
5.346484375000000000e+01 9.817968750000000000e+01
5.905468750000000000e+01 1.113164062500000000e+02
6.650781250000000000e+01 1.244531250000000000e+02
7.458203125000000000e+01 1.362070312500000000e+02
8.389843750000000000e+01 1.472695312500000000e+02
9.383593750000000000e+01 1.569492187500000000e+02
1.068789062500000000e+02 1.610976562500000000e+02
1.242695312500000000e+02 1.569492187500000000e+02
1.404179687500000000e+02 1.472695312500000000e+02
1.547031250000000000e+02 1.355156250000000000e+02
1.665039062500000000e+02 1.209960937500000000e+02
1.720937500000000000e+02 1.023281250000000000e+02
1.733359375000000000e+02 8.296875000000000000e+01
1.720937500000000000e+02 6.291796875000000000e+01
1.689882812500000000e+02 4.425000000000000000e+01
4.290625000000000000e+01 5.531250000000000000e+01
4.725390625000000000e+01 4.839843750000000000e+01
5.532812500000000000e+01 4.632421875000000000e+01
6.340234375000000000e+01 4.701562500000000000e+01
7.209765625000000000e+01 4.908984375000000000e+01
9.632031250000000000e+01 4.217578125000000000e+01
1.075000000000000000e+02 3.595312500000000000e+01
1.193007812500000000e+02 3.249609375000000000e+01
1.317226562500000000e+02 3.249609375000000000e+01
1.429023437500000000e+02 3.802734375000000000e+01
8.514062500000000000e+01 6.084375000000000000e+01
8.514062500000000000e+01 7.190625000000000000e+01
8.576171875000000000e+01 8.227734375000000000e+01
8.638281250000000000e+01 9.333984375000000000e+01
8.203515625000000000e+01 1.037109375000000000e+02
8.638281250000000000e+01 1.044023437500000000e+02
9.259375000000000000e+01 1.044023437500000000e+02
9.880468750000000000e+01 1.016367187500000000e+02
1.050156250000000000e+02 9.956250000000000000e+01
5.346484375000000000e+01 7.144921875000000000e+01
5.719140625000000000e+01 6.360937500000000000e+01
6.588671875000000000e+01 6.222656250000000000e+01
7.396093750000000000e+01 6.568359375000000000e+01
6.650781250000000000e+01 6.914062500000000000e+01
5.843359375000000000e+01 7.052343750000000000e+01
1.075000000000000000e+02 5.876953125000000000e+01
1.155742187500000000e+02 5.185546875000000000e+01
1.255117187500000000e+02 5.116406250000000000e+01
1.317226562500000000e+02 5.692968750000000000e+01
1.261328125000000000e+02 5.669531250000000000e+01
1.168164062500000000e+02 5.807812500000000000e+01
8.141406250000000000e+01 1.230703125000000000e+02
8.327734375000000000e+01 1.168476562500000000e+02
8.886718750000000000e+01 1.163906250000000000e+02
9.445703125000000000e+01 1.133906250000000000e+02
9.942578125000000000e+01 1.143164062500000000e+02
1.106054687500000000e+02 1.126992187500000000e+02
1.217851562500000000e+02 1.168476562500000000e+02
1.155742187500000000e+02 1.244531250000000000e+02
1.075000000000000000e+02 1.292929687500000000e+02
9.756250000000000000e+01 1.320585937500000000e+02
9.135156250000000000e+01 1.313671875000000000e+02
8.576171875000000000e+01 1.279101562500000000e+02
8.265625000000000000e+01 1.223789062500000000e+02
8.948828125000000000e+01 1.209960937500000000e+02
9.569921875000000000e+01 1.203046875000000000e+02
1.075000000000000000e+02 1.182304687500000000e+02
1.199218750000000000e+02 1.168476562500000000e+02
1.075000000000000000e+02 1.189218750000000000e+02
9.569921875000000000e+01 1.209960937500000000e+02
8.948828125000000000e+01 1.209960937500000000e+02
