4.978515625000000000e+01 6.862500000000000000e+01
5.223828125000000000e+01 8.506640625000000000e+01
5.591796875000000000e+01 1.007929687500000000e+02
6.143750000000000000e+01 1.150898437500000000e+02
6.818359375000000000e+01 1.293867187500000000e+02
7.676953125000000000e+01 1.422539062500000000e+02
8.658203125000000000e+01 1.536914062500000000e+02
9.700781250000000000e+01 1.636992187500000000e+02
1.105000000000000000e+02 1.679882812500000000e+02
1.276718750000000000e+02 1.636992187500000000e+02
1.430039062500000000e+02 1.529765625000000000e+02
1.564960937500000000e+02 1.408242187500000000e+02
1.669218750000000000e+02 1.250976562500000000e+02
1.730546875000000000e+02 1.065117187500000000e+02
1.742812500000000000e+02 8.721093750000000000e+01
1.736679687500000000e+02 6.648046875000000000e+01
1.712148437500000000e+02 4.717968750000000000e+01
4.671875000000000000e+01 5.361328125000000000e+01
5.162500000000000000e+01 4.646484375000000000e+01
6.021093750000000000e+01 4.503515625000000000e+01
6.879687500000000000e+01 4.575000000000000000e+01
7.738281250000000000e+01 4.789453125000000000e+01
1.019140625000000000e+02 4.146093750000000000e+01
1.129531250000000000e+02 3.574218750000000000e+01
1.252187500000000000e+02 3.216796875000000000e+01
1.374843750000000000e+02 3.288281250000000000e+01
1.479101562500000000e+02 3.931640625000000000e+01
9.026171875000000000e+01 5.933203125000000000e+01
9.087500000000000000e+01 7.005468750000000000e+01
9.148828125000000000e+01 8.149218750000000000e+01
9.210156250000000000e+01 9.292968750000000000e+01
8.596875000000000000e+01 1.029375000000000000e+02
9.087500000000000000e+01 1.043671875000000000e+02
9.700781250000000000e+01 1.043671875000000000e+02
1.037539062500000000e+02 1.015078125000000000e+02
1.105000000000000000e+02 9.864843750000000000e+01
5.653125000000000000e+01 7.019531250000000000e+01
6.082421875000000000e+01 6.290625000000000000e+01
6.941015625000000000e+01 6.076171875000000000e+01
7.738281250000000000e+01 6.433593750000000000e+01
7.002343750000000000e+01 6.719531250000000000e+01
6.143750000000000000e+01 6.862500000000000000e+01
1.129531250000000000e+02 5.790234375000000000e+01
1.209257812500000000e+02 5.218359375000000000e+01
1.307382812500000000e+02 5.146875000000000000e+01
1.368710937500000000e+02 5.732812500000000000e+01
1.313515625000000000e+02 5.647265625000000000e+01
1.221523437500000000e+02 5.790234375000000000e+01
8.351562500000000000e+01 1.243828125000000000e+02
8.658203125000000000e+01 1.172343750000000000e+02
9.332812500000000000e+01 1.166601562500000000e+02
9.884765625000000000e+01 1.136601562500000000e+02
1.049804687500000000e+02 1.145156250000000000e+02
1.172460937500000000e+02 1.129453125000000000e+02
1.288984375000000000e+02 1.172343750000000000e+02
1.233789062500000000e+02 1.286718750000000000e+02
1.141796875000000000e+02 1.365351562500000000e+02
1.031406250000000000e+02 1.393945312500000000e+02
9.455468750000000000e+01 1.379648437500000000e+02
8.842187500000000000e+01 1.322460937500000000e+02
8.535546875000000000e+01 1.243828125000000000e+02
9.271484375000000000e+01 1.229531250000000000e+02
1.006875000000000000e+02 1.215234375000000000e+02
1.135664062500000000e+02 1.193789062500000000e+02
1.270585937500000000e+02 1.179492187500000000e+02
1.147929687500000000e+02 1.243828125000000000e+02
1.019140625000000000e+02 1.272421875000000000e+02
9.332812500000000000e+01 1.265273437500000000e+02
