4.774609375000000000e+01 6.611718750000000000e+01
4.892578125000000000e+01 8.246875000000000000e+01
5.246484375000000000e+01 9.810937500000000000e+01
5.718359375000000000e+01 1.130390625000000000e+02
6.367187500000000000e+01 1.272578125000000000e+02
7.133984375000000000e+01 1.407656250000000000e+02
8.018750000000000000e+01 1.514296875000000000e+02
9.080468750000000000e+01 1.606718750000000000e+02
1.037812500000000000e+02 1.642265625000000000e+02
1.202968750000000000e+02 1.613828125000000000e+02
1.362226562500000000e+02 1.535625000000000000e+02
1.509687500000000000e+02 1.436093750000000000e+02
1.633554687500000000e+02 1.293906250000000000e+02
1.710234375000000000e+02 1.116171875000000000e+02
1.733828125000000000e+02 9.100000000000000000e+01
1.745625000000000000e+02 7.038281250000000000e+01
1.733828125000000000e+02 5.047656250000000000e+01
4.538671875000000000e+01 5.189843750000000000e+01
5.069531250000000000e+01 4.407812500000000000e+01
5.895312500000000000e+01 4.336718750000000000e+01
6.780078125000000000e+01 4.407812500000000000e+01
7.664843750000000000e+01 4.692187500000000000e+01
1.014218750000000000e+02 4.123437500000000000e+01
1.126289062500000000e+02 3.625781250000000000e+01
1.250156250000000000e+02 3.270312500000000000e+01
1.368125000000000000e+02 3.341406250000000000e+01
1.474296875000000000e+02 3.981250000000000000e+01
8.844531250000000000e+01 5.829687500000000000e+01
8.903515625000000000e+01 6.967187500000000000e+01
8.903515625000000000e+01 8.033593750000000000e+01
8.962500000000000000e+01 9.100000000000000000e+01
8.313671875000000000e+01 1.030859375000000000e+02
8.785546875000000000e+01 1.037968750000000000e+02
9.434375000000000000e+01 1.037968750000000000e+02
1.008320312500000000e+02 1.016640625000000000e+02
1.073203125000000000e+02 1.002421875000000000e+02
5.423437500000000000e+01 6.982812500000000000e+01
5.836328125000000000e+01 6.185156250000000000e+01
6.780078125000000000e+01 6.042968750000000000e+01
7.605859375000000000e+01 6.469531250000000000e+01
6.839062500000000000e+01 6.825000000000000000e+01
5.954296875000000000e+01 6.896093750000000000e+01
1.120390625000000000e+02 5.758593750000000000e+01
1.208867187500000000e+02 5.260937500000000000e+01
1.303242187500000000e+02 5.260937500000000000e+01
1.362226562500000000e+02 5.845312500000000000e+01
1.309140625000000000e+02 5.829687500000000000e+01
1.214765625000000000e+02 5.900781250000000000e+01
8.136718750000000000e+01 1.258359375000000000e+02
8.490625000000000000e+01 1.194375000000000000e+02
9.080468750000000000e+01 1.188828125000000000e+02
9.552343750000000000e+01 1.165937500000000000e+02
1.008320312500000000e+02 1.174609375000000000e+02
1.108593750000000000e+02 1.165937500000000000e+02
1.208867187500000000e+02 1.208593750000000000e+02
1.143984375000000000e+02 1.265468750000000000e+02
1.067304687500000000e+02 1.301015625000000000e+02
9.729296875000000000e+01 1.322343750000000000e+02
9.139453125000000000e+01 1.322343750000000000e+02
8.608593750000000000e+01 1.301015625000000000e+02
8.313671875000000000e+01 1.251250000000000000e+02
8.962500000000000000e+01 1.237031250000000000e+02
9.670312500000000000e+01 1.229921875000000000e+02
1.079101562500000000e+02 1.208593750000000000e+02
1.197070312500000000e+02 1.208593750000000000e+02
1.079101562500000000e+02 1.208593750000000000e+02
9.670312500000000000e+01 1.229921875000000000e+02
8.962500000000000000e+01 1.237031250000000000e+02
