5.187500000000000000e+01 5.943359375000000000e+01
5.418750000000000000e+01 7.481640625000000000e+01
5.823437500000000000e+01 9.019921875000000000e+01
6.343750000000000000e+01 1.041835937500000000e+02
7.037500000000000000e+01 1.181679687500000000e+02
7.846875000000000000e+01 1.300546875000000000e+02
8.714062500000000000e+01 1.426406250000000000e+02
9.523437500000000000e+01 1.538281250000000000e+02
1.079531250000000000e+02 1.601210937500000000e+02
1.241406250000000000e+02 1.580234375000000000e+02
1.397500000000000000e+02 1.482343750000000000e+02
1.536250000000000000e+02 1.363476562500000000e+02
1.646093750000000000e+02 1.202656250000000000e+02
1.715468750000000000e+02 1.013867187500000000e+02
1.744375000000000000e+02 8.110937500000000000e+01
1.750156250000000000e+02 6.083203125000000000e+01
1.727031250000000000e+02 4.055468750000000000e+01
4.782812500000000000e+01 5.034375000000000000e+01
5.245312500000000000e+01 4.475000000000000000e+01
6.112500000000000000e+01 4.614843750000000000e+01
6.864062500000000000e+01 4.824609375000000000e+01
7.673437500000000000e+01 5.104296875000000000e+01
1.004375000000000000e+02 4.684765625000000000e+01
1.120000000000000000e+02 4.195312500000000000e+01
1.235625000000000000e+02 3.845703125000000000e+01
1.357031250000000000e+02 3.775781250000000000e+01
1.466875000000000000e+02 4.335156250000000000e+01
8.887500000000000000e+01 6.153125000000000000e+01
8.945312500000000000e+01 7.411718750000000000e+01
8.945312500000000000e+01 8.600390625000000000e+01
8.945312500000000000e+01 9.858984375000000000e+01
8.482812500000000000e+01 1.041835937500000000e+02
8.945312500000000000e+01 1.062812500000000000e+02
9.465625000000000000e+01 1.076796875000000000e+02
1.015937500000000000e+02 1.048828125000000000e+02
1.079531250000000000e+02 1.027851562500000000e+02
5.765625000000000000e+01 6.592968750000000000e+01
6.228125000000000000e+01 5.873437500000000000e+01
7.095312500000000000e+01 5.803515625000000000e+01
7.846875000000000000e+01 6.362890625000000000e+01
7.095312500000000000e+01 6.712500000000000000e+01
6.228125000000000000e+01 6.712500000000000000e+01
1.114218750000000000e+02 5.943359375000000000e+01
1.195156250000000000e+02 5.383984375000000000e+01
1.293437500000000000e+02 5.383984375000000000e+01
1.351250000000000000e+02 5.893750000000000000e+01
1.299218750000000000e+02 5.943359375000000000e+01
1.206718750000000000e+02 6.083203125000000000e+01
8.598437500000000000e+01 1.230625000000000000e+02
8.771875000000000000e+01 1.181679687500000000e+02
9.176562500000000000e+01 1.190703125000000000e+02
9.639062500000000000e+01 1.167695312500000000e+02
1.010156250000000000e+02 1.183710937500000000e+02
1.108437500000000000e+02 1.174687500000000000e+02
1.200937500000000000e+02 1.216640625000000000e+02
1.160468750000000000e+02 1.307539062500000000e+02
1.085312500000000000e+02 1.377460937500000000e+02
9.985937500000000000e+01 1.391445312500000000e+02
9.292187500000000000e+01 1.370468750000000000e+02
8.829687500000000000e+01 1.314531250000000000e+02
8.714062500000000000e+01 1.230625000000000000e+02
9.234375000000000000e+01 1.223632812500000000e+02
9.812500000000000000e+01 1.230625000000000000e+02
1.085312500000000000e+02 1.209648437500000000e+02
1.183593750000000000e+02 1.216640625000000000e+02
1.085312500000000000e+02 1.244609375000000000e+02
9.870312500000000000e+01 1.265585937500000000e+02
9.292187500000000000e+01 1.244609375000000000e+02
