4.862500000000000000e+01 7.120312500000000000e+01
4.733593750000000000e+01 8.646093750000000000e+01
4.733593750000000000e+01 1.031718750000000000e+02
4.926953125000000000e+01 1.191562500000000000e+02
5.249218750000000000e+01 1.336875000000000000e+02
6.087109375000000000e+01 1.467656250000000000e+02
7.182812500000000000e+01 1.554843750000000000e+02
8.471875000000000000e+01 1.605703125000000000e+02
9.889843750000000000e+01 1.620234375000000000e+02
1.143671875000000000e+02 1.620234375000000000e+02
1.304804687500000000e+02 1.598437500000000000e+02
1.472382812500000000e+02 1.562109375000000000e+02
1.614179687500000000e+02 1.474921875000000000e+02
1.704414062500000000e+02 1.336875000000000000e+02
1.755976562500000000e+02 1.155234375000000000e+02
1.788203125000000000e+02 9.663281250000000000e+01
1.807539062500000000e+02 7.846875000000000000e+01
5.442578125000000000e+01 4.504687500000000000e+01
6.022656250000000000e+01 3.705468750000000000e+01
6.925000000000000000e+01 3.342187500000000000e+01
7.891796875000000000e+01 3.342187500000000000e+01
8.794140625000000000e+01 3.632812500000000000e+01
1.195234375000000000e+02 3.560156250000000000e+01
1.317695312500000000e+02 3.269531250000000000e+01
1.440156250000000000e+02 3.196875000000000000e+01
1.556171875000000000e+02 3.705468750000000000e+01
1.633515625000000000e+02 4.722656250000000000e+01
1.008320312500000000e+02 5.376562500000000000e+01
9.954296875000000000e+01 6.103125000000000000e+01
9.760937500000000000e+01 6.829687500000000000e+01
9.632031250000000000e+01 7.556250000000000000e+01
8.665234375000000000e+01 9.372656250000000000e+01
9.180859375000000000e+01 9.300000000000000000e+01
9.825390625000000000e+01 9.300000000000000000e+01
1.059882812500000000e+02 9.300000000000000000e+01
1.130781250000000000e+02 9.300000000000000000e+01
6.151562500000000000e+01 6.475781250000000000e+01
6.602734375000000000e+01 5.667187500000000000e+01
7.569531250000000000e+01 5.521875000000000000e+01
8.471875000000000000e+01 5.957812500000000000e+01
7.633984375000000000e+01 6.175781250000000000e+01
6.731640625000000000e+01 6.248437500000000000e+01
1.240351562500000000e+02 5.957812500000000000e+01
1.337031250000000000e+02 5.449218750000000000e+01
1.446601562500000000e+02 5.594531250000000000e+01
1.504609375000000000e+02 6.475781250000000000e+01
1.440156250000000000e+02 6.321093750000000000e+01
1.337031250000000000e+02 6.248437500000000000e+01
7.762890625000000000e+01 1.177031250000000000e+02
8.342968750000000000e+01 1.104375000000000000e+02
9.245312500000000000e+01 1.083515625000000000e+02
9.825390625000000000e+01 1.068046875000000000e+02
1.040546875000000000e+02 1.083515625000000000e+02
1.150117187500000000e+02 1.104375000000000000e+02
1.253242187500000000e+02 1.177031250000000000e+02
1.175898437500000000e+02 1.220625000000000000e+02
1.079218750000000000e+02 1.242421875000000000e+02
9.825390625000000000e+01 1.249687500000000000e+02
9.116406250000000000e+01 1.242421875000000000e+02
8.342968750000000000e+01 1.220625000000000000e+02
7.891796875000000000e+01 1.177031250000000000e+02
8.858593750000000000e+01 1.147968750000000000e+02
9.825390625000000000e+01 1.140703125000000000e+02
1.111445312500000000e+02 1.147968750000000000e+02
1.233906250000000000e+02 1.177031250000000000e+02
1.111445312500000000e+02 1.162500000000000000e+02
9.825390625000000000e+01 1.162500000000000000e+02
8.858593750000000000e+01 1.155234375000000000e+02
