4.992578125000000000e+01 6.719531250000000000e+01
4.992578125000000000e+01 8.292187500000000000e+01
5.169531250000000000e+01 9.864843750000000000e+01
5.582421875000000000e+01 1.136601562500000000e+02
6.054296875000000000e+01 1.279570312500000000e+02
6.821093750000000000e+01 1.415390625000000000e+02
7.705859375000000000e+01 1.522617187500000000e+02
8.708593750000000000e+01 1.615546875000000000e+02
1.000625000000000000e+02 1.658437500000000000e+02
1.153984375000000000e+02 1.636992187500000000e+02
1.301445312500000000e+02 1.551210937500000000e+02
1.431210937500000000e+02 1.458281250000000000e+02
1.543281250000000000e+02 1.322460937500000000e+02
1.608164062500000000e+02 1.158046875000000000e+02
1.637656250000000000e+02 9.650390625000000000e+01
1.655351562500000000e+02 7.791796875000000000e+01
1.661250000000000000e+02 5.861718750000000000e+01
5.110546875000000000e+01 5.218359375000000000e+01
5.523437500000000000e+01 4.432031250000000000e+01
6.231250000000000000e+01 4.217578125000000000e+01
7.057031250000000000e+01 4.360546875000000000e+01
7.823828125000000000e+01 4.646484375000000000e+01
1.059609375000000000e+02 4.003125000000000000e+01
1.165781250000000000e+02 3.645703125000000000e+01
1.271953125000000000e+02 3.502734375000000000e+01
1.378125000000000000e+02 3.717187500000000000e+01
1.466601562500000000e+02 4.432031250000000000e+01
9.180468750000000000e+01 6.219140625000000000e+01
9.121484375000000000e+01 7.219921875000000000e+01
9.062500000000000000e+01 8.149218750000000000e+01
9.062500000000000000e+01 9.150000000000000000e+01
8.354687500000000000e+01 1.015078125000000000e+02
8.826562500000000000e+01 1.029375000000000000e+02
9.357421875000000000e+01 1.036523437500000000e+02
1.000625000000000000e+02 1.015078125000000000e+02
1.059609375000000000e+02 1.007929687500000000e+02
5.936328125000000000e+01 7.305468750000000000e+01
6.408203125000000000e+01 6.933984375000000000e+01
7.116015625000000000e+01 6.791015625000000000e+01
7.882812500000000000e+01 6.719531250000000000e+01
7.175000000000000000e+01 7.005468750000000000e+01
6.408203125000000000e+01 7.148437500000000000e+01
1.124492187500000000e+02 6.505078125000000000e+01
1.218867187500000000e+02 6.433593750000000000e+01
1.301445312500000000e+02 6.433593750000000000e+01
1.360429687500000000e+02 6.662109375000000000e+01
1.307343750000000000e+02 6.648046875000000000e+01
1.218867187500000000e+02 6.719531250000000000e+01
7.823828125000000000e+01 1.208085937500000000e+02
8.295703125000000000e+01 1.158046875000000000e+02
8.944531250000000000e+01 1.166601562500000000e+02
9.475390625000000000e+01 1.143750000000000000e+02
1.000625000000000000e+02 1.159453125000000000e+02
1.106796875000000000e+02 1.150898437500000000e+02
1.212968750000000000e+02 1.186640625000000000e+02
1.148085937500000000e+02 1.279570312500000000e+02
1.059609375000000000e+02 1.336757812500000000e+02
9.593359375000000000e+01 1.358203125000000000e+02
8.885546875000000000e+01 1.343906250000000000e+02
8.236718750000000000e+01 1.286718750000000000e+02
8.000781250000000000e+01 1.208085937500000000e+02
8.767578125000000000e+01 1.208085937500000000e+02
9.534375000000000000e+01 1.215234375000000000e+02
1.077304687500000000e+02 1.200937500000000000e+02
1.195273437500000000e+02 1.186640625000000000e+02
1.077304687500000000e+02 1.229531250000000000e+02
9.593359375000000000e+01 1.243828125000000000e+02
8.767578125000000000e+01 1.229531250000000000e+02
