5.769531250000000000e+01 7.575000000000000000e+01
6.005468750000000000e+01 9.450000000000000000e+01
6.418359375000000000e+01 1.132500000000000000e+02
6.949218750000000000e+01 1.305000000000000000e+02
7.833984375000000000e+01 1.470000000000000000e+02
9.013671875000000000e+01 1.582500000000000000e+02
1.042929687500000000e+02 1.665000000000000000e+02
1.184492187500000000e+02 1.725000000000000000e+02
1.337851562500000000e+02 1.732500000000000000e+02
1.473515625000000000e+02 1.672500000000000000e+02
1.585585937500000000e+02 1.560000000000000000e+02
1.674062500000000000e+02 1.425000000000000000e+02
1.738945312500000000e+02 1.267500000000000000e+02
1.768437500000000000e+02 1.095000000000000000e+02
1.780234375000000000e+02 9.150000000000000000e+01
1.780234375000000000e+02 7.350000000000000000e+01
1.756640625000000000e+02 5.625000000000000000e+01
7.067187500000000000e+01 6.225000000000000000e+01
7.775000000000000000e+01 5.325000000000000000e+01
8.718750000000000000e+01 5.025000000000000000e+01
9.721484375000000000e+01 5.100000000000000000e+01
1.072421875000000000e+02 5.325000000000000000e+01
1.373242187500000000e+02 5.025000000000000000e+01
1.455820312500000000e+02 4.500000000000000000e+01
1.538398437500000000e+02 4.050000000000000000e+01
1.632773437500000000e+02 3.900000000000000000e+01
1.709453125000000000e+02 4.350000000000000000e+01
1.249375000000000000e+02 6.750000000000000000e+01
1.261171875000000000e+02 7.725000000000000000e+01
1.278867187500000000e+02 8.775000000000000000e+01
1.290664062500000000e+02 9.900000000000000000e+01
1.172695312500000000e+02 1.102500000000000000e+02
1.231679687500000000e+02 1.102500000000000000e+02
1.302460937500000000e+02 1.110000000000000000e+02
1.355546875000000000e+02 1.087500000000000000e+02
1.402734375000000000e+02 1.065000000000000000e+02
8.246875000000000000e+01 8.025000000000000000e+01
8.777734375000000000e+01 7.575000000000000000e+01
9.662500000000000000e+01 7.425000000000000000e+01
1.054726562500000000e+02 7.350000000000000000e+01
9.721484375000000000e+01 7.725000000000000000e+01
8.836718750000000000e+01 7.875000000000000000e+01
1.426328125000000000e+02 6.825000000000000000e+01
1.503007812500000000e+02 6.525000000000000000e+01
1.585585937500000000e+02 6.450000000000000000e+01
1.632773437500000000e+02 6.675000000000000000e+01
1.591484375000000000e+02 6.825000000000000000e+01
1.508906250000000000e+02 6.975000000000000000e+01
1.084218750000000000e+02 1.305000000000000000e+02
1.166796875000000000e+02 1.252500000000000000e+02
1.255273437500000000e+02 1.245000000000000000e+02
1.308359375000000000e+02 1.222500000000000000e+02
1.361445312500000000e+02 1.222500000000000000e+02
1.438125000000000000e+02 1.207500000000000000e+02
1.503007812500000000e+02 1.245000000000000000e+02
1.461718750000000000e+02 1.327500000000000000e+02
1.396835937500000000e+02 1.387500000000000000e+02
1.326054687500000000e+02 1.417500000000000000e+02
1.231679687500000000e+02 1.410000000000000000e+02
1.155000000000000000e+02 1.372500000000000000e+02
1.101914062500000000e+02 1.305000000000000000e+02
1.208085937500000000e+02 1.297500000000000000e+02
1.314257812500000000e+02 1.290000000000000000e+02
1.396835937500000000e+02 1.267500000000000000e+02
1.485312500000000000e+02 1.245000000000000000e+02
1.402734375000000000e+02 1.275000000000000000e+02
1.314257812500000000e+02 1.305000000000000000e+02
1.208085937500000000e+02 1.312500000000000000e+02
