4.003125000000000000e+01 7.434375000000000000e+01
3.936328125000000000e+01 9.078515625000000000e+01
4.069921875000000000e+01 1.065117187500000000e+02
4.337109375000000000e+01 1.222382812500000000e+02
4.804687500000000000e+01 1.365351562500000000e+02
5.606250000000000000e+01 1.486875000000000000e+02
6.741796875000000000e+01 1.572656250000000000e+02
8.077734375000000000e+01 1.615546875000000000e+02
9.547265625000000000e+01 1.629843750000000000e+02
1.115039062500000000e+02 1.629843750000000000e+02
1.282031250000000000e+02 1.615546875000000000e+02
1.449023437500000000e+02 1.579804687500000000e+02
1.595976562500000000e+02 1.501171875000000000e+02
1.696171875000000000e+02 1.365351562500000000e+02
1.756289062500000000e+02 1.200937500000000000e+02
1.796367187500000000e+02 1.029375000000000000e+02
1.829765625000000000e+02 8.506640625000000000e+01
5.005078125000000000e+01 4.289062500000000000e+01
5.606250000000000000e+01 3.359765625000000000e+01
6.608203125000000000e+01 2.787890625000000000e+01
7.676953125000000000e+01 2.716406250000000000e+01
8.745703125000000000e+01 3.002343750000000000e+01
1.208554687500000000e+02 3.002343750000000000e+01
1.335468750000000000e+02 2.787890625000000000e+01
1.462382812500000000e+02 2.859375000000000000e+01
1.575937500000000000e+02 3.431250000000000000e+01
1.649414062500000000e+02 4.503515625000000000e+01
1.014843750000000000e+02 4.932421875000000000e+01
1.001484375000000000e+02 5.504296875000000000e+01
9.814453125000000000e+01 6.147656250000000000e+01
9.680859375000000000e+01 6.862500000000000000e+01
8.478515625000000000e+01 8.792578125000000000e+01
9.079687500000000000e+01 8.721093750000000000e+01
9.747656250000000000e+01 8.721093750000000000e+01
1.048242187500000000e+02 8.721093750000000000e+01
1.121718750000000000e+02 8.792578125000000000e+01
5.940234375000000000e+01 6.018750000000000000e+01
6.407812500000000000e+01 5.218359375000000000e+01
7.409765625000000000e+01 5.003906250000000000e+01
8.344921875000000000e+01 5.432812500000000000e+01
7.476562500000000000e+01 5.575781250000000000e+01
6.541406250000000000e+01 5.718750000000000000e+01
1.248632812500000000e+02 5.432812500000000000e+01
1.355507812500000000e+02 5.003906250000000000e+01
1.462382812500000000e+02 5.289843750000000000e+01
1.522500000000000000e+02 6.161718750000000000e+01
1.455703125000000000e+02 5.861718750000000000e+01
1.355507812500000000e+02 5.718750000000000000e+01
7.409765625000000000e+01 1.165195312500000000e+02
8.010937500000000000e+01 1.057968750000000000e+02
9.012890625000000000e+01 1.009335937500000000e+02
9.547265625000000000e+01 9.864843750000000000e+01
1.021523437500000000e+02 1.009335937500000000e+02
1.135078125000000000e+02 1.050820312500000000e+02
1.215234375000000000e+02 1.165195312500000000e+02
1.141757812500000000e+02 1.215234375000000000e+02
1.054921875000000000e+02 1.229531250000000000e+02
9.614062500000000000e+01 1.236679687500000000e+02
8.812500000000000000e+01 1.229531250000000000e+02
8.010937500000000000e+01 1.208085937500000000e+02
7.610156250000000000e+01 1.158046875000000000e+02
8.545312500000000000e+01 1.100859375000000000e+02
9.614062500000000000e+01 1.086562500000000000e+02
1.088320312500000000e+02 1.100859375000000000e+02
1.201875000000000000e+02 1.165195312500000000e+02
1.081640625000000000e+02 1.143750000000000000e+02
9.614062500000000000e+01 1.136601562500000000e+02
8.612109375000000000e+01 1.136601562500000000e+02
