4.813671875000000000e+01 6.341796875000000000e+01
4.995312500000000000e+01 8.505468750000000000e+01
5.237500000000000000e+01 1.051992187500000000e+02
5.721875000000000000e+01 1.260898437500000000e+02
6.751171875000000000e+01 1.432500000000000000e+02
8.204296875000000000e+01 1.544414062500000000e+02
9.778515625000000000e+01 1.626484375000000000e+02
1.153437500000000000e+02 1.686171875000000000e+02
1.322968750000000000e+02 1.678710937500000000e+02
1.438007812500000000e+02 1.626484375000000000e+02
1.528828125000000000e+02 1.507109375000000000e+02
1.607539062500000000e+02 1.372812500000000000e+02
1.668085937500000000e+02 1.238515625000000000e+02
1.704414062500000000e+02 1.089296875000000000e+02
1.728632812500000000e+02 9.251562500000000000e+01
1.734687500000000000e+02 7.610156250000000000e+01
1.728632812500000000e+02 5.968750000000000000e+01
7.780468750000000000e+01 5.148046875000000000e+01
8.628125000000000000e+01 4.178125000000000000e+01
9.778515625000000000e+01 3.805078125000000000e+01
1.092890625000000000e+02 3.954296875000000000e+01
1.213984375000000000e+02 4.252734375000000000e+01
1.480390625000000000e+02 4.551171875000000000e+01
1.546992187500000000e+02 4.178125000000000000e+01
1.619648437500000000e+02 3.879687500000000000e+01
1.692304687500000000e+02 3.805078125000000000e+01
1.734687500000000000e+02 4.327343750000000000e+01
1.371406250000000000e+02 5.968750000000000000e+01
1.383515625000000000e+02 7.013281250000000000e+01
1.401679687500000000e+02 8.057812500000000000e+01
1.413789062500000000e+02 9.102343750000000000e+01
1.244257812500000000e+02 1.037070312500000000e+02
1.310859375000000000e+02 1.044531250000000000e+02
1.383515625000000000e+02 1.051992187500000000e+02
1.431953125000000000e+02 1.044531250000000000e+02
1.474335937500000000e+02 1.037070312500000000e+02
8.991406250000000000e+01 6.641796875000000000e+01
9.536328125000000000e+01 5.819531250000000000e+01
1.056562500000000000e+02 5.670312500000000000e+01
1.141328125000000000e+02 6.267187500000000000e+01
1.056562500000000000e+02 6.565625000000000000e+01
9.536328125000000000e+01 6.640234375000000000e+01
1.492500000000000000e+02 6.341796875000000000e+01
1.559101562500000000e+02 5.670312500000000000e+01
1.649921875000000000e+02 5.595703125000000000e+01
1.686250000000000000e+02 6.343359375000000000e+01
1.649921875000000000e+02 6.416406250000000000e+01
1.571210937500000000e+02 6.491015625000000000e+01
1.092890625000000000e+02 1.245976562500000000e+02
1.201875000000000000e+02 1.201210937500000000e+02
1.316914062500000000e+02 1.201367187500000000e+02
1.365351562500000000e+02 1.186289062500000000e+02
1.413789062500000000e+02 1.201367187500000000e+02
1.468281250000000000e+02 1.201210937500000000e+02
1.498554687500000000e+02 1.253437500000000000e+02
1.462226562500000000e+02 1.305664062500000000e+02
1.407734375000000000e+02 1.335507812500000000e+02
1.353242187500000000e+02 1.342968750000000000e+02
1.262421875000000000e+02 1.335507812500000000e+02
1.171601562500000000e+02 1.298203125000000000e+02
1.111054687500000000e+02 1.245976562500000000e+02
1.238203125000000000e+02 1.245976562500000000e+02
1.359296875000000000e+02 1.260898437500000000e+02
1.419843750000000000e+02 1.253437500000000000e+02
1.486445312500000000e+02 1.253437500000000000e+02
1.419843750000000000e+02 1.253437500000000000e+02
1.359296875000000000e+02 1.260898437500000000e+02
1.238203125000000000e+02 1.245976562500000000e+02
