5.435937500000000000e+01 5.939062500000000000e+01
5.249609375000000000e+01 7.565234375000000000e+01
5.187500000000000000e+01 9.262109375000000000e+01
5.373828125000000000e+01 1.088828125000000000e+02
5.746484375000000000e+01 1.244375000000000000e+02
6.367578125000000000e+01 1.392851562500000000e+02
7.361328125000000000e+01 1.505976562500000000e+02
8.541406250000000000e+01 1.590820312500000000e+02
9.969921875000000000e+01 1.633242187500000000e+02
1.158476562500000000e+02 1.633242187500000000e+02
1.313750000000000000e+02 1.590820312500000000e+02
1.462812500000000000e+02 1.520117187500000000e+02
1.587031250000000000e+02 1.406992187500000000e+02
1.667773437500000000e+02 1.251445312500000000e+02
1.717460937500000000e+02 1.081757812500000000e+02
1.754726562500000000e+02 8.979296875000000000e+01
1.779570312500000000e+02 7.141015625000000000e+01
6.057031250000000000e+01 4.100781250000000000e+01
6.740234375000000000e+01 3.323046875000000000e+01
7.609765625000000000e+01 3.110937500000000000e+01
8.665625000000000000e+01 3.181640625000000000e+01
9.535156250000000000e+01 3.605859375000000000e+01
1.226796875000000000e+02 3.747265625000000000e+01
1.344804687500000000e+02 3.535156250000000000e+01
1.462812500000000000e+02 3.535156250000000000e+01
1.574609375000000000e+02 3.959375000000000000e+01
1.649140625000000000e+02 4.949218750000000000e+01
1.065312500000000000e+02 5.232031250000000000e+01
1.052890625000000000e+02 6.151171875000000000e+01
1.034257812500000000e+02 6.999609375000000000e+01
1.015625000000000000e+02 7.848046875000000000e+01
9.100390625000000000e+01 9.050000000000000000e+01
9.659375000000000000e+01 9.191406250000000000e+01
1.021835937500000000e+02 9.332812500000000000e+01
1.096367187500000000e+02 9.262109375000000000e+01
1.164687500000000000e+02 9.262109375000000000e+01
6.802343750000000000e+01 5.744140625000000000e+01
7.299218750000000000e+01 4.878515625000000000e+01
8.355078125000000000e+01 4.878515625000000000e+01
9.100390625000000000e+01 5.585546875000000000e+01
8.292968750000000000e+01 5.656250000000000000e+01
7.361328125000000000e+01 5.656250000000000000e+01
1.264062500000000000e+02 5.868359375000000000e+01
1.363437500000000000e+02 5.232031250000000000e+01
1.469023437500000000e+02 5.444140625000000000e+01
1.518710937500000000e+02 6.380468750000000000e+01
1.456601562500000000e+02 6.221875000000000000e+01
1.363437500000000000e+02 6.151171875000000000e+01
8.168750000000000000e+01 1.145390625000000000e+02
8.727734375000000000e+01 1.067617187500000000e+02
9.597265625000000000e+01 1.062265625000000000e+02
1.015625000000000000e+02 1.039335937500000000e+02
1.077734375000000000e+02 1.062265625000000000e+02
1.189531250000000000e+02 1.088828125000000000e+02
1.276484375000000000e+02 1.180742187500000000e+02
1.201953125000000000e+02 1.265585937500000000e+02
1.108789062500000000e+02 1.308007812500000000e+02
1.009414062500000000e+02 1.315078125000000000e+02
9.224609375000000000e+01 1.293867187500000000e+02
8.479296875000000000e+01 1.237304687500000000e+02
8.292968750000000000e+01 1.145390625000000000e+02
9.224609375000000000e+01 1.117109375000000000e+02
1.015625000000000000e+02 1.110039062500000000e+02
1.139843750000000000e+02 1.131250000000000000e+02
1.257851562500000000e+02 1.180742187500000000e+02
1.139843750000000000e+02 1.194882812500000000e+02
1.015625000000000000e+02 1.194882812500000000e+02
9.162500000000000000e+01 1.180742187500000000e+02
