5.187500000000000000e+01 7.219921875000000000e+01
5.062500000000000000e+01 8.649609375000000000e+01
5.125000000000000000e+01 1.015078125000000000e+02
5.375000000000000000e+01 1.172343750000000000e+02
5.687500000000000000e+01 1.308164062500000000e+02
6.312500000000000000e+01 1.443984375000000000e+02
7.187500000000000000e+01 1.544062500000000000e+02
8.375000000000000000e+01 1.608398437500000000e+02
9.687500000000000000e+01 1.615546875000000000e+02
1.125000000000000000e+02 1.601250000000000000e+02
1.300000000000000000e+02 1.572656250000000000e+02
1.468750000000000000e+02 1.522617187500000000e+02
1.618750000000000000e+02 1.436835937500000000e+02
1.718750000000000000e+02 1.286718750000000000e+02
1.762500000000000000e+02 1.100859375000000000e+02
1.793750000000000000e+02 9.078515625000000000e+01
1.812500000000000000e+02 7.076953125000000000e+01
5.437500000000000000e+01 4.717968750000000000e+01
5.812500000000000000e+01 4.003125000000000000e+01
6.562500000000000000e+01 3.574218750000000000e+01
7.437500000000000000e+01 3.574218750000000000e+01
8.250000000000000000e+01 3.788671875000000000e+01
1.125000000000000000e+02 3.288281250000000000e+01
1.243750000000000000e+02 3.002343750000000000e+01
1.368750000000000000e+02 2.930859375000000000e+01
1.481250000000000000e+02 3.359765625000000000e+01
1.568750000000000000e+02 4.289062500000000000e+01
9.437500000000000000e+01 5.361328125000000000e+01
9.250000000000000000e+01 6.076171875000000000e+01
9.062500000000000000e+01 6.719531250000000000e+01
8.875000000000000000e+01 7.434375000000000000e+01
8.250000000000000000e+01 9.292968750000000000e+01
8.687500000000000000e+01 9.221484375000000000e+01
9.250000000000000000e+01 9.150000000000000000e+01
9.937500000000000000e+01 9.078515625000000000e+01
1.062500000000000000e+02 9.078515625000000000e+01
6.062500000000000000e+01 6.733593750000000000e+01
6.437500000000000000e+01 5.933203125000000000e+01
7.312500000000000000e+01 5.718750000000000000e+01
8.125000000000000000e+01 6.147656250000000000e+01
7.375000000000000000e+01 6.433593750000000000e+01
6.562500000000000000e+01 6.576562500000000000e+01
1.175000000000000000e+02 5.718750000000000000e+01
1.268750000000000000e+02 5.218359375000000000e+01
1.368750000000000000e+02 5.361328125000000000e+01
1.431250000000000000e+02 6.018750000000000000e+01
1.368750000000000000e+02 5.933203125000000000e+01
1.275000000000000000e+02 5.933203125000000000e+01
7.687500000000000000e+01 1.186640625000000000e+02
8.000000000000000000e+01 1.100859375000000000e+02
8.750000000000000000e+01 1.073671875000000000e+02
9.250000000000000000e+01 1.043671875000000000e+02
9.875000000000000000e+01 1.059375000000000000e+02
1.106250000000000000e+02 1.072265625000000000e+02
1.218750000000000000e+02 1.158046875000000000e+02
1.131250000000000000e+02 1.215234375000000000e+02
1.037500000000000000e+02 1.243828125000000000e+02
9.437500000000000000e+01 1.250976562500000000e+02
8.750000000000000000e+01 1.250976562500000000e+02
8.125000000000000000e+01 1.236679687500000000e+02
7.812500000000000000e+01 1.179492187500000000e+02
8.562500000000000000e+01 1.136601562500000000e+02
9.375000000000000000e+01 1.115156250000000000e+02
1.068750000000000000e+02 1.115156250000000000e+02
1.200000000000000000e+02 1.158046875000000000e+02
1.068750000000000000e+02 1.158046875000000000e+02
9.375000000000000000e+01 1.165195312500000000e+02
8.562500000000000000e+01 1.165195312500000000e+02
