5.312500000000000000e+01 6.433593750000000000e+01
5.186718750000000000e+01 7.934765625000000000e+01
5.249609375000000000e+01 9.507421875000000000e+01
5.438281250000000000e+01 1.100859375000000000e+02
5.689843750000000000e+01 1.250976562500000000e+02
6.318750000000000000e+01 1.386796875000000000e+02
7.262109375000000000e+01 1.494023437500000000e+02
8.394140625000000000e+01 1.565507812500000000e+02
9.714843750000000000e+01 1.594101562500000000e+02
1.135000000000000000e+02 1.586953125000000000e+02
1.298515625000000000e+02 1.558359375000000000e+02
1.468320312500000000e+02 1.515468750000000000e+02
1.606679687500000000e+02 1.415390625000000000e+02
1.707304687500000000e+02 1.265273437500000000e+02
1.757617187500000000e+02 1.086562500000000000e+02
1.801640625000000000e+02 8.935546875000000000e+01
1.833085937500000000e+02 7.076953125000000000e+01
5.752734375000000000e+01 4.146093750000000000e+01
6.318750000000000000e+01 3.431250000000000000e+01
7.199218750000000000e+01 3.073828125000000000e+01
8.142578125000000000e+01 3.145312500000000000e+01
9.023046875000000000e+01 3.502734375000000000e+01
1.197890625000000000e+02 3.288281250000000000e+01
1.317382812500000000e+02 3.002343750000000000e+01
1.436875000000000000e+02 2.930859375000000000e+01
1.550078125000000000e+02 3.288281250000000000e+01
1.631835937500000000e+02 4.289062500000000000e+01
1.021796875000000000e+02 5.218359375000000000e+01
1.009218750000000000e+02 6.004687500000000000e+01
9.903515625000000000e+01 6.791015625000000000e+01
9.777734375000000000e+01 7.577343750000000000e+01
8.897265625000000000e+01 9.150000000000000000e+01
9.337500000000000000e+01 9.150000000000000000e+01
9.903515625000000000e+01 9.078515625000000000e+01
1.059531250000000000e+02 9.150000000000000000e+01
1.122421875000000000e+02 9.150000000000000000e+01
6.444531250000000000e+01 6.233203125000000000e+01
6.947656250000000000e+01 5.432812500000000000e+01
7.891015625000000000e+01 5.361328125000000000e+01
8.708593750000000000e+01 5.790234375000000000e+01
7.891015625000000000e+01 6.004687500000000000e+01
7.010546875000000000e+01 6.076171875000000000e+01
1.235625000000000000e+02 5.718750000000000000e+01
1.329960937500000000e+02 5.218359375000000000e+01
1.436875000000000000e+02 5.361328125000000000e+01
1.493476562500000000e+02 6.090234375000000000e+01
1.430585937500000000e+02 6.004687500000000000e+01
1.336250000000000000e+02 6.004687500000000000e+01
8.268359375000000000e+01 1.150898437500000000e+02
8.645703125000000000e+01 1.072265625000000000e+02
9.337500000000000000e+01 1.059375000000000000e+02
9.777734375000000000e+01 1.036523437500000000e+02
1.021796875000000000e+02 1.059375000000000000e+02
1.109843750000000000e+02 1.079414062500000000e+02
1.179023437500000000e+02 1.165195312500000000e+02
1.116132812500000000e+02 1.215234375000000000e+02
1.046953125000000000e+02 1.250976562500000000e+02
9.714843750000000000e+01 1.258125000000000000e+02
9.148828125000000000e+01 1.243828125000000000e+02
8.582812500000000000e+01 1.208085937500000000e+02
8.457031250000000000e+01 1.143750000000000000e+02
9.085937500000000000e+01 1.122304687500000000e+02
9.777734375000000000e+01 1.115156250000000000e+02
1.072109375000000000e+02 1.122304687500000000e+02
1.160156250000000000e+02 1.158046875000000000e+02
1.072109375000000000e+02 1.143750000000000000e+02
9.777734375000000000e+01 1.150898437500000000e+02
9.085937500000000000e+01 1.143750000000000000e+02
