5.169531250000000000e+01 6.457031250000000000e+01
4.975000000000000000e+01 8.015625000000000000e+01
4.910156250000000000e+01 9.722656250000000000e+01
5.039843750000000000e+01 1.135546875000000000e+02
5.299218750000000000e+01 1.291406250000000000e+02
5.882812500000000000e+01 1.439843750000000000e+02
6.790625000000000000e+01 1.551171875000000000e+02
8.022656250000000000e+01 1.632812500000000000e+02
9.384375000000000000e+01 1.669921875000000000e+02
1.107031250000000000e+02 1.677343750000000000e+02
1.275625000000000000e+02 1.647656250000000000e+02
1.444218750000000000e+02 1.595703125000000000e+02
1.586875000000000000e+02 1.499218750000000000e+02
1.690625000000000000e+02 1.350781250000000000e+02
1.748984375000000000e+02 1.172656250000000000e+02
1.800859375000000000e+02 9.796875000000000000e+01
1.826796875000000000e+02 7.867187500000000000e+01
5.688281250000000000e+01 4.453125000000000000e+01
6.336718750000000000e+01 3.710937500000000000e+01
7.244531250000000000e+01 3.488281250000000000e+01
8.152343750000000000e+01 3.562500000000000000e+01
9.060156250000000000e+01 3.933593750000000000e+01
1.197812500000000000e+02 4.007812500000000000e+01
1.321015625000000000e+02 3.785156250000000000e+01
1.450703125000000000e+02 3.785156250000000000e+01
1.567421875000000000e+02 4.304687500000000000e+01
1.645234375000000000e+02 5.417968750000000000e+01
1.022734375000000000e+02 5.640625000000000000e+01
1.003281250000000000e+02 6.531250000000000000e+01
9.838281250000000000e+01 7.347656250000000000e+01
9.643750000000000000e+01 8.238281250000000000e+01
8.606250000000000000e+01 9.796875000000000000e+01
9.125000000000000000e+01 9.796875000000000000e+01
9.773437500000000000e+01 9.871093750000000000e+01
1.048671875000000000e+02 9.871093750000000000e+01
1.113515625000000000e+02 9.871093750000000000e+01
6.336718750000000000e+01 6.311718750000000000e+01
6.855468750000000000e+01 5.492187500000000000e+01
7.828125000000000000e+01 5.417968750000000000e+01
8.671093750000000000e+01 6.011718750000000000e+01
7.763281250000000000e+01 6.160156250000000000e+01
6.920312500000000000e+01 6.160156250000000000e+01
1.249687500000000000e+02 6.234375000000000000e+01
1.346953125000000000e+02 5.714843750000000000e+01
1.450703125000000000e+02 5.937500000000000000e+01
1.509062500000000000e+02 6.831250000000000000e+01
1.444218750000000000e+02 6.605468750000000000e+01
1.346953125000000000e+02 6.457031250000000000e+01
7.633593750000000000e+01 1.217187500000000000e+02
8.217187500000000000e+01 1.135546875000000000e+02
9.060156250000000000e+01 1.121015625000000000e+02
9.643750000000000000e+01 1.105859375000000000e+02
1.022734375000000000e+02 1.128437500000000000e+02
1.126484375000000000e+02 1.150390625000000000e+02
1.210781250000000000e+02 1.239453125000000000e+02
1.132968750000000000e+02 1.298828125000000000e+02
1.048671875000000000e+02 1.321093750000000000e+02
9.514062500000000000e+01 1.321093750000000000e+02
8.800781250000000000e+01 1.313671875000000000e+02
8.152343750000000000e+01 1.276562500000000000e+02
7.828125000000000000e+01 1.217187500000000000e+02
8.671093750000000000e+01 1.187500000000000000e+02
9.578906250000000000e+01 1.187500000000000000e+02
1.081093750000000000e+02 1.194921875000000000e+02
1.191328125000000000e+02 1.239453125000000000e+02
1.074609375000000000e+02 1.232031250000000000e+02
9.578906250000000000e+01 1.224609375000000000e+02
8.671093750000000000e+01 1.217187500000000000e+02
