5.540625000000000000e+01 6.030468750000000000e+01
5.421875000000000000e+01 7.701562500000000000e+01
5.481250000000000000e+01 9.372656250000000000e+01
5.778125000000000000e+01 1.111640625000000000e+02
6.193750000000000000e+01 1.264218750000000000e+02
6.906250000000000000e+01 1.416796875000000000e+02
7.915625000000000000e+01 1.525781250000000000e+02
9.043750000000000000e+01 1.620234375000000000e+02
1.040937500000000000e+02 1.656562500000000000e+02
1.195312500000000000e+02 1.642031250000000000e+02
1.349687500000000000e+02 1.576640625000000000e+02
1.492187500000000000e+02 1.489453125000000000e+02
1.610937500000000000e+02 1.365937500000000000e+02
1.688125000000000000e+02 1.198828125000000000e+02
1.729687500000000000e+02 1.009921875000000000e+02
1.753437500000000000e+02 8.210156250000000000e+01
1.771250000000000000e+02 6.248437500000000000e+01
5.956250000000000000e+01 4.359375000000000000e+01
6.550000000000000000e+01 3.632812500000000000e+01
7.381250000000000000e+01 3.560156250000000000e+01
8.331250000000000000e+01 3.705468750000000000e+01
9.103125000000000000e+01 3.996093750000000000e+01
1.195312500000000000e+02 3.923437500000000000e+01
1.302187500000000000e+02 3.560156250000000000e+01
1.415000000000000000e+02 3.414843750000000000e+01
1.521875000000000000e+02 3.632812500000000000e+01
1.605000000000000000e+02 4.432031250000000000e+01
1.035000000000000000e+02 5.739843750000000000e+01
1.023125000000000000e+02 6.684375000000000000e+01
1.011250000000000000e+02 7.628906250000000000e+01
1.005312500000000000e+02 8.573437500000000000e+01
9.043750000000000000e+01 9.735937500000000000e+01
9.578125000000000000e+01 9.808593750000000000e+01
1.023125000000000000e+02 9.953906250000000000e+01
1.088437500000000000e+02 9.808593750000000000e+01
1.153750000000000000e+02 9.735937500000000000e+01
6.668750000000000000e+01 6.475781250000000000e+01
7.203125000000000000e+01 6.030468750000000000e+01
8.034375000000000000e+01 5.957812500000000000e+01
8.806250000000000000e+01 6.175781250000000000e+01
8.034375000000000000e+01 6.393750000000000000e+01
7.203125000000000000e+01 6.393750000000000000e+01
1.248750000000000000e+02 6.175781250000000000e+01
1.337812500000000000e+02 5.885156250000000000e+01
1.426875000000000000e+02 5.957812500000000000e+01
1.486250000000000000e+02 6.475781250000000000e+01
1.432812500000000000e+02 6.466406250000000000e+01
1.337812500000000000e+02 6.466406250000000000e+01
8.331250000000000000e+01 1.191562500000000000e+02
8.925000000000000000e+01 1.126171875000000000e+02
9.696875000000000000e+01 1.127109375000000000e+02
1.023125000000000000e+02 1.111640625000000000e+02
1.088437500000000000e+02 1.127109375000000000e+02
1.189375000000000000e+02 1.126171875000000000e+02
1.290312500000000000e+02 1.184296875000000000e+02
1.219062500000000000e+02 1.271484375000000000e+02
1.130000000000000000e+02 1.322343750000000000e+02
1.029062500000000000e+02 1.336875000000000000e+02
9.459375000000000000e+01 1.322343750000000000e+02
8.806250000000000000e+01 1.271484375000000000e+02
8.509375000000000000e+01 1.191562500000000000e+02
9.400000000000000000e+01 1.177031250000000000e+02
1.029062500000000000e+02 1.177031250000000000e+02
1.153750000000000000e+02 1.169765625000000000e+02
1.272500000000000000e+02 1.184296875000000000e+02
1.153750000000000000e+02 1.220625000000000000e+02
1.029062500000000000e+02 1.227890625000000000e+02
9.400000000000000000e+01 1.220625000000000000e+02
