5.103906250000000000e+01 7.282421875000000000e+01
5.344531250000000000e+01 8.979296875000000000e+01
5.765625000000000000e+01 1.067617187500000000e+02
6.246875000000000000e+01 1.223164062500000000e+02
7.028906250000000000e+01 1.364570312500000000e+02
8.171875000000000000e+01 1.477695312500000000e+02
9.435156250000000000e+01 1.555468750000000000e+02
1.081875000000000000e+02 1.612031250000000000e+02
1.232265625000000000e+02 1.619101562500000000e+02
1.370625000000000000e+02 1.583750000000000000e+02
1.484921875000000000e+02 1.498906250000000000e+02
1.593203125000000000e+02 1.392851562500000000e+02
1.677421875000000000e+02 1.258515625000000000e+02
1.725546875000000000e+02 1.110039062500000000e+02
1.749609375000000000e+02 9.403515625000000000e+01
1.755625000000000000e+02 7.777343750000000000e+01
1.749609375000000000e+02 6.080468750000000000e+01
6.066406250000000000e+01 4.595703125000000000e+01
6.667968750000000000e+01 3.676562500000000000e+01
7.630468750000000000e+01 3.181640625000000000e+01
8.713281250000000000e+01 3.110937500000000000e+01
9.735937500000000000e+01 3.393750000000000000e+01
1.268359375000000000e+02 2.969531250000000000e+01
1.364609375000000000e+02 2.616015625000000000e+01
1.466875000000000000e+02 2.545312500000000000e+01
1.563125000000000000e+02 2.828125000000000000e+01
1.635312500000000000e+02 3.605859375000000000e+01
1.142031250000000000e+02 5.161328125000000000e+01
1.154062500000000000e+02 5.939062500000000000e+01
1.160078125000000000e+02 6.716796875000000000e+01
1.172109375000000000e+02 7.494531250000000000e+01
1.057812500000000000e+02 9.120703125000000000e+01
1.117968750000000000e+02 9.050000000000000000e+01
1.184140625000000000e+02 9.050000000000000000e+01
1.244296875000000000e+02 8.908593750000000000e+01
1.304453125000000000e+02 8.908593750000000000e+01
7.389843750000000000e+01 6.592578125000000000e+01
7.871093750000000000e+01 6.080468750000000000e+01
8.773437500000000000e+01 5.868359375000000000e+01
9.615625000000000000e+01 5.868359375000000000e+01
8.773437500000000000e+01 6.221875000000000000e+01
7.931250000000000000e+01 6.363281250000000000e+01
1.322500000000000000e+02 5.514843750000000000e+01
1.406718750000000000e+02 5.373437500000000000e+01
1.490937500000000000e+02 5.444140625000000000e+01
1.545078125000000000e+02 5.814843750000000000e+01
1.490937500000000000e+02 5.726953125000000000e+01
1.406718750000000000e+02 5.726953125000000000e+01
9.856250000000000000e+01 1.180742187500000000e+02
1.039765625000000000e+02 1.067617187500000000e+02
1.136015625000000000e+02 1.026914062500000000e+02
1.190156250000000000e+02 1.003984375000000000e+02
1.244296875000000000e+02 1.019843750000000000e+02
1.340546875000000000e+02 1.039335937500000000e+02
1.406718750000000000e+02 1.145390625000000000e+02
1.364609375000000000e+02 1.223164062500000000e+02
1.292421875000000000e+02 1.279726562500000000e+02
1.214218750000000000e+02 1.300937500000000000e+02
1.123984375000000000e+02 1.293867187500000000e+02
1.045781250000000000e+02 1.258515625000000000e+02
1.003671875000000000e+02 1.180742187500000000e+02
1.087890625000000000e+02 1.110039062500000000e+02
1.196171875000000000e+02 1.081757812500000000e+02
1.298437500000000000e+02 1.095898437500000000e+02
1.388671875000000000e+02 1.138320312500000000e+02
1.298437500000000000e+02 1.152460937500000000e+02
1.202187500000000000e+02 1.166601562500000000e+02
1.099921875000000000e+02 1.173671875000000000e+02
