4.971484375000000000e+01 5.260937500000000000e+01
5.092578125000000000e+01 7.464843750000000000e+01
5.334765625000000000e+01 9.597656250000000000e+01
5.819140625000000000e+01 1.158828125000000000e+02
6.908984375000000000e+01 1.329453125000000000e+02
8.422656250000000000e+01 1.436093750000000000e+02
1.011796875000000000e+02 1.521406250000000000e+02
1.187382812500000000e+02 1.585390625000000000e+02
1.369023437500000000e+02 1.585390625000000000e+02
1.490117187500000000e+02 1.535625000000000000e+02
1.574882812500000000e+02 1.421875000000000000e+02
1.647539062500000000e+02 1.286796875000000000e+02
1.708085937500000000e+02 1.151718750000000000e+02
1.744414062500000000e+02 1.009531250000000000e+02
1.774687500000000000e+02 8.531250000000000000e+01
1.774687500000000000e+02 6.896093750000000000e+01
1.762578125000000000e+02 5.403125000000000000e+01
8.422656250000000000e+01 4.336718750000000000e+01
9.270312500000000000e+01 3.412500000000000000e+01
1.042070312500000000e+02 3.128125000000000000e+01
1.157109375000000000e+02 3.270312500000000000e+01
1.272148437500000000e+02 3.625781250000000000e+01
1.532500000000000000e+02 3.767968750000000000e+01
1.599101562500000000e+02 3.483593750000000000e+01
1.671757812500000000e+02 3.270312500000000000e+01
1.738359375000000000e+02 3.341406250000000000e+01
1.780742187500000000e+02 3.981250000000000000e+01
1.423515625000000000e+02 5.403125000000000000e+01
1.435625000000000000e+02 6.398437500000000000e+01
1.447734375000000000e+02 7.393750000000000000e+01
1.465898437500000000e+02 8.389062500000000000e+01
1.284257812500000000e+02 9.455468750000000000e+01
1.350859375000000000e+02 9.526562500000000000e+01
1.423515625000000000e+02 9.739843750000000000e+01
1.478007812500000000e+02 9.597656250000000000e+01
1.520390625000000000e+02 9.526562500000000000e+01
9.633593750000000000e+01 6.058593750000000000e+01
1.023906250000000000e+02 5.332031250000000000e+01
1.120781250000000000e+02 5.189843750000000000e+01
1.199492187500000000e+02 5.687500000000000000e+01
1.114726562500000000e+02 5.900781250000000000e+01
1.023906250000000000e+02 5.900781250000000000e+01
1.532500000000000000e+02 5.758593750000000000e+01
1.599101562500000000e+02 5.260937500000000000e+01
1.677812500000000000e+02 5.260937500000000000e+01
1.714140625000000000e+02 5.916406250000000000e+01
1.677812500000000000e+02 5.971875000000000000e+01
1.605156250000000000e+02 6.042968750000000000e+01
1.120781250000000000e+02 1.151718750000000000e+02
1.229765625000000000e+02 1.073515625000000000e+02
1.356914062500000000e+02 1.067968750000000000e+02
1.411406250000000000e+02 1.052187500000000000e+02
1.459843750000000000e+02 1.075078125000000000e+02
1.520390625000000000e+02 1.087734375000000000e+02
1.538554687500000000e+02 1.165937500000000000e+02
1.514335937500000000e+02 1.244140625000000000e+02
1.459843750000000000e+02 1.293906250000000000e+02
1.387187500000000000e+02 1.315234375000000000e+02
1.284257812500000000e+02 1.301015625000000000e+02
1.193437500000000000e+02 1.244140625000000000e+02
1.138945312500000000e+02 1.151718750000000000e+02
1.266093750000000000e+02 1.116171875000000000e+02
1.399296875000000000e+02 1.116171875000000000e+02
1.465898437500000000e+02 1.130390625000000000e+02
1.526445312500000000e+02 1.165937500000000000e+02
1.459843750000000000e+02 1.201484375000000000e+02
1.387187500000000000e+02 1.215703125000000000e+02
1.260039062500000000e+02 1.194375000000000000e+02
