5.287500000000000000e+01 4.359375000000000000e+01
5.169531250000000000e+01 6.539062500000000000e+01
5.287500000000000000e+01 8.648437500000000000e+01
5.700390625000000000e+01 1.075781250000000000e+02
6.585156250000000000e+01 1.258593750000000000e+02
7.882812500000000000e+01 1.385156250000000000e+02
9.475390625000000000e+01 1.490625000000000000e+02
1.112695312500000000e+02 1.575000000000000000e+02
1.283750000000000000e+02 1.575000000000000000e+02
1.389921875000000000e+02 1.511718750000000000e+02
1.460703125000000000e+02 1.399218750000000000e+02
1.537382812500000000e+02 1.272656250000000000e+02
1.608164062500000000e+02 1.146093750000000000e+02
1.655351562500000000e+02 1.019531250000000000e+02
1.696640625000000000e+02 8.789062500000000000e+01
1.720234375000000000e+02 7.312500000000000000e+01
1.732031250000000000e+02 5.765625000000000000e+01
8.944531250000000000e+01 4.148437500000000000e+01
9.829296875000000000e+01 3.375000000000000000e+01
1.100898437500000000e+02 3.164062500000000000e+01
1.218867187500000000e+02 3.445312500000000000e+01
1.330937500000000000e+02 3.867187500000000000e+01
1.560976562500000000e+02 4.218750000000000000e+01
1.614062500000000000e+02 3.937500000000000000e+01
1.673046875000000000e+02 3.656250000000000000e+01
1.732031250000000000e+02 3.726562500000000000e+01
1.761523437500000000e+02 4.218750000000000000e+01
1.443007812500000000e+02 5.835937500000000000e+01
1.448906250000000000e+02 6.890625000000000000e+01
1.460703125000000000e+02 8.015625000000000000e+01
1.472500000000000000e+02 9.070312500000000000e+01
1.277851562500000000e+02 9.914062500000000000e+01
1.342734375000000000e+02 1.005468750000000000e+02
1.407617187500000000e+02 1.026562500000000000e+02
1.454804687500000000e+02 1.019531250000000000e+02
1.496093750000000000e+02 9.984375000000000000e+01
1.012421875000000000e+02 5.995312500000000000e+01
1.065507812500000000e+02 5.273437500000000000e+01
1.159882812500000000e+02 5.273437500000000000e+01
1.230664062500000000e+02 5.906250000000000000e+01
1.148085937500000000e+02 6.117187500000000000e+01
1.059609375000000000e+02 5.976562500000000000e+01
1.525585937500000000e+02 6.187500000000000000e+01
1.584570312500000000e+02 5.625000000000000000e+01
1.661250000000000000e+02 5.554687500000000000e+01
1.696640625000000000e+02 6.276562500000000000e+01
1.661250000000000000e+02 6.398437500000000000e+01
1.590468750000000000e+02 6.468750000000000000e+01
1.106796875000000000e+02 1.181250000000000000e+02
1.218867187500000000e+02 1.139062500000000000e+02
1.336835937500000000e+02 1.140937500000000000e+02
1.378125000000000000e+02 1.125000000000000000e+02
1.419414062500000000e+02 1.147968750000000000e+02
1.454804687500000000e+02 1.146093750000000000e+02
1.460703125000000000e+02 1.188281250000000000e+02
1.437109375000000000e+02 1.258593750000000000e+02
1.395820312500000000e+02 1.307812500000000000e+02
1.348632812500000000e+02 1.335937500000000000e+02
1.254257812500000000e+02 1.314843750000000000e+02
1.171679687500000000e+02 1.258593750000000000e+02
1.124492187500000000e+02 1.181250000000000000e+02
1.248359375000000000e+02 1.188281250000000000e+02
1.360429687500000000e+02 1.195312500000000000e+02
1.401718750000000000e+02 1.195312500000000000e+02
1.448906250000000000e+02 1.188281250000000000e+02
1.401718750000000000e+02 1.202343750000000000e+02
1.354531250000000000e+02 1.223437500000000000e+02
1.242460937500000000e+02 1.209375000000000000e+02
