5.303125000000000000e+01 6.750000000000000000e+01
5.592187500000000000e+01 8.437500000000000000e+01
5.996875000000000000e+01 1.005468750000000000e+02
6.575000000000000000e+01 1.160156250000000000e+02
7.326562500000000000e+01 1.307812500000000000e+02
8.367187500000000000e+01 1.427343750000000000e+02
9.523437500000000000e+01 1.518750000000000000e+02
1.079531250000000000e+02 1.589062500000000000e+02
1.224062500000000000e+02 1.603125000000000000e+02
1.362812500000000000e+02 1.553906250000000000e+02
1.472656250000000000e+02 1.455468750000000000e+02
1.570937500000000000e+02 1.335937500000000000e+02
1.651875000000000000e+02 1.195312500000000000e+02
1.692343750000000000e+02 1.033593750000000000e+02
1.715468750000000000e+02 8.648437500000000000e+01
1.721250000000000000e+02 6.890625000000000000e+01
1.715468750000000000e+02 5.203125000000000000e+01
6.112500000000000000e+01 4.921875000000000000e+01
6.690625000000000000e+01 4.007812500000000000e+01
7.615625000000000000e+01 3.656250000000000000e+01
8.656250000000000000e+01 3.726562500000000000e+01
9.639062500000000000e+01 3.937500000000000000e+01
1.241406250000000000e+02 3.445312500000000000e+01
1.333906250000000000e+02 3.023437500000000000e+01
1.426406250000000000e+02 2.812500000000000000e+01
1.524687500000000000e+02 2.953125000000000000e+01
1.599843750000000000e+02 3.585937500000000000e+01
1.125781250000000000e+02 5.414062500000000000e+01
1.131562500000000000e+02 6.257812500000000000e+01
1.143125000000000000e+02 7.101562500000000000e+01
1.154687500000000000e+02 8.015625000000000000e+01
1.056406250000000000e+02 9.421875000000000000e+01
1.108437500000000000e+02 9.351562500000000000e+01
1.172031250000000000e+02 9.281250000000000000e+01
1.224062500000000000e+02 9.140625000000000000e+01
1.281875000000000000e+02 9.070312500000000000e+01
7.442187500000000000e+01 6.768750000000000000e+01
7.962500000000000000e+01 6.257812500000000000e+01
8.771875000000000000e+01 6.046875000000000000e+01
9.581250000000000000e+01 6.117187500000000000e+01
8.829687500000000000e+01 6.539062500000000000e+01
7.962500000000000000e+01 6.679687500000000000e+01
1.299218750000000000e+02 5.625000000000000000e+01
1.380156250000000000e+02 5.414062500000000000e+01
1.461093750000000000e+02 5.414062500000000000e+01
1.513125000000000000e+02 5.784375000000000000e+01
1.466875000000000000e+02 5.695312500000000000e+01
1.380156250000000000e+02 5.765625000000000000e+01
1.015937500000000000e+02 1.195312500000000000e+02
1.056406250000000000e+02 1.103906250000000000e+02
1.131562500000000000e+02 1.070625000000000000e+02
1.177812500000000000e+02 1.040625000000000000e+02
1.224062500000000000e+02 1.056562500000000000e+02
1.305000000000000000e+02 1.068750000000000000e+02
1.357031250000000000e+02 1.160156250000000000e+02
1.333906250000000000e+02 1.244531250000000000e+02
1.276093750000000000e+02 1.307812500000000000e+02
1.206718750000000000e+02 1.335937500000000000e+02
1.125781250000000000e+02 1.328906250000000000e+02
1.056406250000000000e+02 1.279687500000000000e+02
1.027500000000000000e+02 1.195312500000000000e+02
1.102656250000000000e+02 1.139062500000000000e+02
1.183593750000000000e+02 1.117968750000000000e+02
1.270312500000000000e+02 1.117968750000000000e+02
1.345468750000000000e+02 1.160156250000000000e+02
1.270312500000000000e+02 1.174218750000000000e+02
1.189375000000000000e+02 1.195312500000000000e+02
1.108437500000000000e+02 1.188281250000000000e+02
