4.809375000000000000e+01 9.056250000000000000e+01
5.249609375000000000e+01 1.070937500000000000e+02
5.815625000000000000e+01 1.221875000000000000e+02
6.444531250000000000e+01 1.365625000000000000e+02
7.325000000000000000e+01 1.502187500000000000e+02
8.582812500000000000e+01 1.595625000000000000e+02
9.903515625000000000e+01 1.645937500000000000e+02
1.128710937500000000e+02 1.667500000000000000e+02
1.273359375000000000e+02 1.653125000000000000e+02
1.418007812500000000e+02 1.610000000000000000e+02
1.550078125000000000e+02 1.530937500000000000e+02
1.663281250000000000e+02 1.430312500000000000e+02
1.751328125000000000e+02 1.300937500000000000e+02
1.789062500000000000e+02 1.142812500000000000e+02
1.801640625000000000e+02 9.775000000000000000e+01
1.795351562500000000e+02 8.050000000000000000e+01
1.776484375000000000e+02 6.325000000000000000e+01
5.312500000000000000e+01 5.893750000000000000e+01
5.815625000000000000e+01 4.887500000000000000e+01
6.758984375000000000e+01 4.240625000000000000e+01
7.828125000000000000e+01 4.025000000000000000e+01
8.897265625000000000e+01 4.096875000000000000e+01
1.179023437500000000e+02 3.378125000000000000e+01
1.279648437500000000e+02 2.875000000000000000e+01
1.392851562500000000e+02 2.587500000000000000e+01
1.506054687500000000e+02 2.803125000000000000e+01
1.594101562500000000e+02 3.593750000000000000e+01
1.078398437500000000e+02 5.390625000000000000e+01
1.090976562500000000e+02 6.037500000000000000e+01
1.103554687500000000e+02 6.756250000000000000e+01
1.116132812500000000e+02 7.475000000000000000e+01
1.028085937500000000e+02 9.415625000000000000e+01
1.084687500000000000e+02 9.271875000000000000e+01
1.147578125000000000e+02 9.056250000000000000e+01
1.210468750000000000e+02 8.912500000000000000e+01
1.273359375000000000e+02 8.912500000000000000e+01
6.696093750000000000e+01 7.271875000000000000e+01
7.136328125000000000e+01 6.325000000000000000e+01
8.142578125000000000e+01 5.965625000000000000e+01
9.085937500000000000e+01 6.396875000000000000e+01
8.268359375000000000e+01 6.900000000000000000e+01
7.325000000000000000e+01 7.115625000000000000e+01
1.273359375000000000e+02 5.606250000000000000e+01
1.348828125000000000e+02 4.815625000000000000e+01
1.455742187500000000e+02 4.743750000000000000e+01
1.512343750000000000e+02 5.475000000000000000e+01
1.462031250000000000e+02 5.534375000000000000e+01
1.367695312500000000e+02 5.750000000000000000e+01
9.903515625000000000e+01 1.236250000000000000e+02
1.028085937500000000e+02 1.106875000000000000e+02
1.109843750000000000e+02 1.043437500000000000e+02
1.166445312500000000e+02 1.013437500000000000e+02
1.216757812500000000e+02 1.021875000000000000e+02
1.329960937500000000e+02 1.042187500000000000e+02
1.405429687500000000e+02 1.150000000000000000e+02
1.367695312500000000e+02 1.229062500000000000e+02
1.298515625000000000e+02 1.279375000000000000e+02
1.216757812500000000e+02 1.308125000000000000e+02
1.135000000000000000e+02 1.322500000000000000e+02
1.053242187500000000e+02 1.293750000000000000e+02
1.002929687500000000e+02 1.229062500000000000e+02
1.084687500000000000e+02 1.150000000000000000e+02
1.185312500000000000e+02 1.106875000000000000e+02
1.285937500000000000e+02 1.106875000000000000e+02
1.392851562500000000e+02 1.150000000000000000e+02
1.298515625000000000e+02 1.171562500000000000e+02
1.197890625000000000e+02 1.193125000000000000e+02
1.097265625000000000e+02 1.214687500000000000e+02
