5.084375000000000000e+01 7.660156250000000000e+01
5.440625000000000000e+01 9.394531250000000000e+01
5.856250000000000000e+01 1.105664062500000000e+02
6.450000000000000000e+01 1.264648437500000000e+02
7.221875000000000000e+01 1.409179687500000000e+02
8.409375000000000000e+01 1.517578125000000000e+02
9.656250000000000000e+01 1.589843750000000000e+02
1.102187500000000000e+02 1.640429687500000000e+02
1.244687500000000000e+02 1.647656250000000000e+02
1.381250000000000000e+02 1.597070312500000000e+02
1.500000000000000000e+02 1.503125000000000000e+02
1.600937500000000000e+02 1.387500000000000000e+02
1.678125000000000000e+02 1.250195312500000000e+02
1.719687500000000000e+02 1.083984375000000000e+02
1.737500000000000000e+02 9.177734375000000000e+01
1.737500000000000000e+02 7.371093750000000000e+01
1.725625000000000000e+02 5.708984375000000000e+01
5.856250000000000000e+01 5.781250000000000000e+01
6.509375000000000000e+01 4.841796875000000000e+01
7.459375000000000000e+01 4.480468750000000000e+01
8.468750000000000000e+01 4.480468750000000000e+01
9.478125000000000000e+01 4.625000000000000000e+01
1.220937500000000000e+02 4.119140625000000000e+01
1.315937500000000000e+02 3.685546875000000000e+01
1.410937500000000000e+02 3.396484375000000000e+01
1.517812500000000000e+02 3.468750000000000000e+01
1.595000000000000000e+02 4.119140625000000000e+01
1.114062500000000000e+02 5.998046875000000000e+01
1.120000000000000000e+02 6.865234375000000000e+01
1.137812500000000000e+02 7.732421875000000000e+01
1.149687500000000000e+02 8.599609375000000000e+01
1.054687500000000000e+02 1.018945312500000000e+02
1.108125000000000000e+02 1.004492187500000000e+02
1.167500000000000000e+02 9.972656250000000000e+01
1.226875000000000000e+02 9.828125000000000000e+01
1.274375000000000000e+02 9.755859375000000000e+01
7.281250000000000000e+01 7.382031250000000000e+01
7.756250000000000000e+01 6.720703125000000000e+01
8.646875000000000000e+01 6.503906250000000000e+01
9.478125000000000000e+01 6.720703125000000000e+01
8.646875000000000000e+01 7.082031250000000000e+01
7.815625000000000000e+01 7.226562500000000000e+01
1.298125000000000000e+02 6.142578125000000000e+01
1.375312500000000000e+02 5.781250000000000000e+01
1.458437500000000000e+02 5.708984375000000000e+01
1.511875000000000000e+02 6.225781250000000000e+01
1.464375000000000000e+02 6.142578125000000000e+01
1.381250000000000000e+02 6.287109375000000000e+01
1.025000000000000000e+02 1.264648437500000000e+02
1.066562500000000000e+02 1.177929687500000000e+02
1.137812500000000000e+02 1.150117187500000000e+02
1.185312500000000000e+02 1.127343750000000000e+02
1.232812500000000000e+02 1.135664062500000000e+02
1.310000000000000000e+02 1.141796875000000000e+02
1.375312500000000000e+02 1.206835937500000000e+02
1.345625000000000000e+02 1.279101562500000000e+02
1.286250000000000000e+02 1.336914062500000000e+02
1.215000000000000000e+02 1.358593750000000000e+02
1.143750000000000000e+02 1.358593750000000000e+02
1.078437500000000000e+02 1.329687500000000000e+02
1.036875000000000000e+02 1.257421875000000000e+02
1.114062500000000000e+02 1.221289062500000000e+02
1.197187500000000000e+02 1.206835937500000000e+02
1.280312500000000000e+02 1.192382812500000000e+02
1.363437500000000000e+02 1.206835937500000000e+02
1.280312500000000000e+02 1.214062500000000000e+02
1.203125000000000000e+02 1.235742187500000000e+02
1.120000000000000000e+02 1.242968750000000000e+02
