5.198437500000000000e+01 6.396875000000000000e+01
5.256250000000000000e+01 8.193750000000000000e+01
5.487500000000000000e+01 9.918750000000000000e+01
5.834375000000000000e+01 1.171562500000000000e+02
6.470312500000000000e+01 1.336875000000000000e+02
7.453125000000000000e+01 1.459062500000000000e+02
8.725000000000000000e+01 1.552500000000000000e+02
1.005468750000000000e+02 1.617187500000000000e+02
1.150000000000000000e+02 1.638750000000000000e+02
1.294531250000000000e+02 1.617187500000000000e+02
1.433281250000000000e+02 1.545312500000000000e+02
1.554687500000000000e+02 1.459062500000000000e+02
1.658750000000000000e+02 1.336875000000000000e+02
1.716562500000000000e+02 1.171562500000000000e+02
1.745468750000000000e+02 9.918750000000000000e+01
1.762812500000000000e+02 8.193750000000000000e+01
1.768593750000000000e+02 6.325000000000000000e+01
6.296875000000000000e+01 4.743750000000000000e+01
7.048437500000000000e+01 3.881250000000000000e+01
8.031250000000000000e+01 3.665625000000000000e+01
9.014062500000000000e+01 3.809375000000000000e+01
9.996875000000000000e+01 4.168750000000000000e+01
1.288750000000000000e+02 4.025000000000000000e+01
1.387031250000000000e+02 3.665625000000000000e+01
1.491093750000000000e+02 3.521875000000000000e+01
1.589375000000000000e+02 3.737500000000000000e+01
1.664531250000000000e+02 4.528125000000000000e+01
1.150000000000000000e+02 5.893750000000000000e+01
1.150000000000000000e+02 6.756250000000000000e+01
1.155781250000000000e+02 7.618750000000000000e+01
1.155781250000000000e+02 8.481250000000000000e+01
1.028593750000000000e+02 9.775000000000000000e+01
1.086406250000000000e+02 9.775000000000000000e+01
1.155781250000000000e+02 9.846875000000000000e+01
1.219375000000000000e+02 9.775000000000000000e+01
1.271406250000000000e+02 9.775000000000000000e+01
7.568750000000000000e+01 6.984375000000000000e+01
8.089062500000000000e+01 6.684375000000000000e+01
8.956250000000000000e+01 6.612500000000000000e+01
9.823437500000000000e+01 6.396875000000000000e+01
9.014062500000000000e+01 6.756250000000000000e+01
8.089062500000000000e+01 6.828125000000000000e+01
1.323437500000000000e+02 6.396875000000000000e+01
1.410156250000000000e+02 6.396875000000000000e+01
1.491093750000000000e+02 6.468750000000000000e+01
1.548906250000000000e+02 6.768750000000000000e+01
1.496875000000000000e+02 6.684375000000000000e+01
1.410156250000000000e+02 6.684375000000000000e+01
9.360937500000000000e+01 1.207500000000000000e+02
1.005468750000000000e+02 1.128437500000000000e+02
1.092187500000000000e+02 1.122500000000000000e+02
1.150000000000000000e+02 1.099687500000000000e+02
1.207812500000000000e+02 1.115312500000000000e+02
1.294531250000000000e+02 1.128437500000000000e+02
1.363906250000000000e+02 1.200312500000000000e+02
1.306093750000000000e+02 1.265000000000000000e+02
1.230937500000000000e+02 1.308125000000000000e+02
1.150000000000000000e+02 1.315312500000000000e+02
1.069062500000000000e+02 1.308125000000000000e+02
9.939062500000000000e+01 1.272187500000000000e+02
9.476562500000000000e+01 1.200312500000000000e+02
1.051718750000000000e+02 1.178750000000000000e+02
1.150000000000000000e+02 1.178750000000000000e+02
1.248281250000000000e+02 1.178750000000000000e+02
1.346562500000000000e+02 1.200312500000000000e+02
1.248281250000000000e+02 1.207500000000000000e+02
1.150000000000000000e+02 1.207500000000000000e+02
1.051718750000000000e+02 1.200312500000000000e+02
