4.200000000000000000e+01 6.200000000000000000e+01
4.400000000000000000e+01 8.000000000000000000e+01
4.900000000000000000e+01 9.500000000000000000e+01
5.300000000000000000e+01 1.100000000000000000e+02
6.200000000000000000e+01 1.260000000000000000e+02
7.500000000000000000e+01 1.390000000000000000e+02
9.500000000000000000e+01 1.500000000000000000e+02
1.140000000000000000e+02 1.580000000000000000e+02
1.340000000000000000e+02 1.650000000000000000e+02
1.430000000000000000e+02 1.610000000000000000e+02
1.430000000000000000e+02 1.520000000000000000e+02
1.390000000000000000e+02 1.450000000000000000e+02
1.360000000000000000e+02 1.320000000000000000e+02
1.320000000000000000e+02 1.170000000000000000e+02
1.320000000000000000e+02 1.020000000000000000e+02
1.340000000000000000e+02 8.400000000000000000e+01
1.320000000000000000e+02 6.900000000000000000e+01
9.300000000000000000e+01 3.800000000000000000e+01
1.060000000000000000e+02 3.200000000000000000e+01
1.170000000000000000e+02 2.700000000000000000e+01
1.280000000000000000e+02 3.200000000000000000e+01
1.340000000000000000e+02 3.400000000000000000e+01
1.560000000000000000e+02 3.800000000000000000e+01
1.600000000000000000e+02 3.600000000000000000e+01
1.650000000000000000e+02 3.600000000000000000e+01
1.650000000000000000e+02 3.800000000000000000e+01
1.630000000000000000e+02 4.500000000000000000e+01
1.470000000000000000e+02 5.800000000000000000e+01
1.540000000000000000e+02 6.900000000000000000e+01
1.580000000000000000e+02 8.000000000000000000e+01
1.600000000000000000e+02 8.800000000000000000e+01
1.390000000000000000e+02 9.700000000000000000e+01
1.450000000000000000e+02 9.700000000000000000e+01
1.500000000000000000e+02 9.900000000000000000e+01
1.540000000000000000e+02 9.900000000000000000e+01
1.540000000000000000e+02 9.900000000000000000e+01
1.060000000000000000e+02 5.600000000000000000e+01
1.140000000000000000e+02 5.100000000000000000e+01
1.210000000000000000e+02 5.300000000000000000e+01
1.250000000000000000e+02 5.800000000000000000e+01
1.210000000000000000e+02 6.000000000000000000e+01
1.140000000000000000e+02 5.800000000000000000e+01
1.470000000000000000e+02 6.000000000000000000e+01
1.560000000000000000e+02 5.800000000000000000e+01
1.600000000000000000e+02 5.800000000000000000e+01
1.580000000000000000e+02 6.000000000000000000e+01
1.580000000000000000e+02 6.400000000000000000e+01
1.540000000000000000e+02 6.200000000000000000e+01
1.230000000000000000e+02 1.210000000000000000e+02
1.340000000000000000e+02 1.150000000000000000e+02
1.470000000000000000e+02 1.100000000000000000e+02
1.520000000000000000e+02 1.130000000000000000e+02
1.540000000000000000e+02 1.100000000000000000e+02
1.580000000000000000e+02 1.170000000000000000e+02
1.560000000000000000e+02 1.230000000000000000e+02
1.540000000000000000e+02 1.320000000000000000e+02
1.520000000000000000e+02 1.340000000000000000e+02
1.470000000000000000e+02 1.370000000000000000e+02
1.410000000000000000e+02 1.340000000000000000e+02
1.320000000000000000e+02 1.300000000000000000e+02
1.230000000000000000e+02 1.210000000000000000e+02
1.430000000000000000e+02 1.170000000000000000e+02
1.470000000000000000e+02 1.170000000000000000e+02
1.520000000000000000e+02 1.190000000000000000e+02
1.540000000000000000e+02 1.230000000000000000e+02
1.520000000000000000e+02 1.260000000000000000e+02
1.470000000000000000e+02 1.280000000000000000e+02
1.410000000000000000e+02 1.260000000000000000e+02
