4.400000000000000000e+01 5.700000000000000000e+01
4.600000000000000000e+01 7.600000000000000000e+01
5.100000000000000000e+01 9.400000000000000000e+01
5.500000000000000000e+01 1.070000000000000000e+02
6.200000000000000000e+01 1.260000000000000000e+02
7.400000000000000000e+01 1.390000000000000000e+02
8.500000000000000000e+01 1.510000000000000000e+02
1.010000000000000000e+02 1.600000000000000000e+02
1.210000000000000000e+02 1.640000000000000000e+02
1.400000000000000000e+02 1.580000000000000000e+02
1.510000000000000000e+02 1.460000000000000000e+02
1.600000000000000000e+02 1.350000000000000000e+02
1.670000000000000000e+02 1.190000000000000000e+02
1.690000000000000000e+02 1.030000000000000000e+02
1.720000000000000000e+02 8.700000000000000000e+01
1.760000000000000000e+02 6.900000000000000000e+01
1.760000000000000000e+02 5.000000000000000000e+01
5.800000000000000000e+01 4.100000000000000000e+01
6.400000000000000000e+01 3.400000000000000000e+01
7.600000000000000000e+01 3.400000000000000000e+01
8.500000000000000000e+01 3.700000000000000000e+01
9.400000000000000000e+01 3.900000000000000000e+01
1.310000000000000000e+02 3.900000000000000000e+01
1.370000000000000000e+02 3.400000000000000000e+01
1.460000000000000000e+02 3.200000000000000000e+01
1.580000000000000000e+02 3.200000000000000000e+01
1.650000000000000000e+02 3.900000000000000000e+01
1.150000000000000000e+02 6.000000000000000000e+01
1.150000000000000000e+02 7.300000000000000000e+01
1.150000000000000000e+02 8.500000000000000000e+01
1.150000000000000000e+02 9.600000000000000000e+01
1.050000000000000000e+02 1.010000000000000000e+02
1.100000000000000000e+02 1.030000000000000000e+02
1.170000000000000000e+02 1.030000000000000000e+02
1.240000000000000000e+02 1.010000000000000000e+02
1.280000000000000000e+02 9.800000000000000000e+01
7.100000000000000000e+01 6.000000000000000000e+01
7.800000000000000000e+01 5.500000000000000000e+01
8.700000000000000000e+01 5.500000000000000000e+01
9.600000000000000000e+01 6.000000000000000000e+01
8.900000000000000000e+01 6.200000000000000000e+01
7.800000000000000000e+01 6.200000000000000000e+01
1.330000000000000000e+02 5.700000000000000000e+01
1.400000000000000000e+02 5.300000000000000000e+01
1.490000000000000000e+02 5.300000000000000000e+01
1.530000000000000000e+02 5.500000000000000000e+01
1.490000000000000000e+02 6.000000000000000000e+01
1.400000000000000000e+02 6.000000000000000000e+01
9.400000000000000000e+01 1.230000000000000000e+02
1.010000000000000000e+02 1.190000000000000000e+02
1.120000000000000000e+02 1.140000000000000000e+02
1.170000000000000000e+02 1.140000000000000000e+02
1.210000000000000000e+02 1.140000000000000000e+02
1.330000000000000000e+02 1.170000000000000000e+02
1.400000000000000000e+02 1.190000000000000000e+02
1.330000000000000000e+02 1.280000000000000000e+02
1.260000000000000000e+02 1.330000000000000000e+02
1.190000000000000000e+02 1.350000000000000000e+02
1.120000000000000000e+02 1.350000000000000000e+02
1.030000000000000000e+02 1.300000000000000000e+02
9.600000000000000000e+01 1.230000000000000000e+02
1.100000000000000000e+02 1.210000000000000000e+02
1.170000000000000000e+02 1.210000000000000000e+02
1.240000000000000000e+02 1.190000000000000000e+02
1.400000000000000000e+02 1.190000000000000000e+02
1.260000000000000000e+02 1.230000000000000000e+02
1.190000000000000000e+02 1.260000000000000000e+02
1.120000000000000000e+02 1.260000000000000000e+02
