4.300000000000000000e+01 5.000000000000000000e+01
4.600000000000000000e+01 7.100000000000000000e+01
5.000000000000000000e+01 8.700000000000000000e+01
5.200000000000000000e+01 1.020000000000000000e+02
5.900000000000000000e+01 1.180000000000000000e+02
6.800000000000000000e+01 1.340000000000000000e+02
7.900000000000000000e+01 1.450000000000000000e+02
9.300000000000000000e+01 1.560000000000000000e+02
1.130000000000000000e+02 1.630000000000000000e+02
1.310000000000000000e+02 1.590000000000000000e+02
1.450000000000000000e+02 1.500000000000000000e+02
1.540000000000000000e+02 1.380000000000000000e+02
1.610000000000000000e+02 1.230000000000000000e+02
1.670000000000000000e+02 1.070000000000000000e+02
1.700000000000000000e+02 9.100000000000000000e+01
1.740000000000000000e+02 7.500000000000000000e+01
1.760000000000000000e+02 5.700000000000000000e+01
6.100000000000000000e+01 3.700000000000000000e+01
7.000000000000000000e+01 3.000000000000000000e+01
8.200000000000000000e+01 3.000000000000000000e+01
9.100000000000000000e+01 3.200000000000000000e+01
1.000000000000000000e+02 3.700000000000000000e+01
1.340000000000000000e+02 3.900000000000000000e+01
1.430000000000000000e+02 3.700000000000000000e+01
1.520000000000000000e+02 3.500000000000000000e+01
1.630000000000000000e+02 3.500000000000000000e+01
1.700000000000000000e+02 4.100000000000000000e+01
1.150000000000000000e+02 5.900000000000000000e+01
1.150000000000000000e+02 7.500000000000000000e+01
1.150000000000000000e+02 8.700000000000000000e+01
1.150000000000000000e+02 9.600000000000000000e+01
1.040000000000000000e+02 1.020000000000000000e+02
1.090000000000000000e+02 1.020000000000000000e+02
1.150000000000000000e+02 1.050000000000000000e+02
1.220000000000000000e+02 1.020000000000000000e+02
1.270000000000000000e+02 1.020000000000000000e+02
7.500000000000000000e+01 5.700000000000000000e+01
8.200000000000000000e+01 5.300000000000000000e+01
9.100000000000000000e+01 5.500000000000000000e+01
9.700000000000000000e+01 5.900000000000000000e+01
9.100000000000000000e+01 6.200000000000000000e+01
8.200000000000000000e+01 5.900000000000000000e+01
1.340000000000000000e+02 5.900000000000000000e+01
1.430000000000000000e+02 5.500000000000000000e+01
1.490000000000000000e+02 5.500000000000000000e+01
1.560000000000000000e+02 5.900000000000000000e+01
1.490000000000000000e+02 6.200000000000000000e+01
1.400000000000000000e+02 6.200000000000000000e+01
9.300000000000000000e+01 1.230000000000000000e+02
1.000000000000000000e+02 1.180000000000000000e+02
1.110000000000000000e+02 1.160000000000000000e+02
1.150000000000000000e+02 1.180000000000000000e+02
1.200000000000000000e+02 1.160000000000000000e+02
1.290000000000000000e+02 1.200000000000000000e+02
1.380000000000000000e+02 1.230000000000000000e+02
1.290000000000000000e+02 1.320000000000000000e+02
1.220000000000000000e+02 1.360000000000000000e+02
1.150000000000000000e+02 1.360000000000000000e+02
1.090000000000000000e+02 1.360000000000000000e+02
1.000000000000000000e+02 1.320000000000000000e+02
9.500000000000000000e+01 1.230000000000000000e+02
1.090000000000000000e+02 1.230000000000000000e+02
1.150000000000000000e+02 1.230000000000000000e+02
1.220000000000000000e+02 1.230000000000000000e+02
1.360000000000000000e+02 1.230000000000000000e+02
1.220000000000000000e+02 1.270000000000000000e+02
1.150000000000000000e+02 1.270000000000000000e+02
1.090000000000000000e+02 1.270000000000000000e+02
