4.300000000000000000e+01 6.500000000000000000e+01
4.700000000000000000e+01 8.200000000000000000e+01
4.900000000000000000e+01 9.800000000000000000e+01
5.600000000000000000e+01 1.110000000000000000e+02
6.500000000000000000e+01 1.280000000000000000e+02
8.000000000000000000e+01 1.420000000000000000e+02
1.000000000000000000e+02 1.500000000000000000e+02
1.200000000000000000e+02 1.590000000000000000e+02
1.400000000000000000e+02 1.640000000000000000e+02
1.510000000000000000e+02 1.570000000000000000e+02
1.510000000000000000e+02 1.460000000000000000e+02
1.480000000000000000e+02 1.370000000000000000e+02
1.460000000000000000e+02 1.220000000000000000e+02
1.440000000000000000e+02 1.060000000000000000e+02
1.420000000000000000e+02 9.100000000000000000e+01
1.420000000000000000e+02 7.600000000000000000e+01
1.420000000000000000e+02 5.800000000000000000e+01
8.700000000000000000e+01 4.300000000000000000e+01
9.800000000000000000e+01 3.600000000000000000e+01
1.110000000000000000e+02 3.200000000000000000e+01
1.200000000000000000e+02 3.400000000000000000e+01
1.290000000000000000e+02 3.600000000000000000e+01
1.530000000000000000e+02 3.800000000000000000e+01
1.590000000000000000e+02 3.400000000000000000e+01
1.620000000000000000e+02 3.200000000000000000e+01
1.660000000000000000e+02 3.400000000000000000e+01
1.640000000000000000e+02 4.000000000000000000e+01
1.440000000000000000e+02 5.800000000000000000e+01
1.480000000000000000e+02 7.100000000000000000e+01
1.550000000000000000e+02 8.200000000000000000e+01
1.550000000000000000e+02 9.100000000000000000e+01
1.370000000000000000e+02 9.800000000000000000e+01
1.420000000000000000e+02 9.800000000000000000e+01
1.480000000000000000e+02 1.000000000000000000e+02
1.530000000000000000e+02 9.800000000000000000e+01
1.550000000000000000e+02 9.800000000000000000e+01
1.020000000000000000e+02 6.000000000000000000e+01
1.110000000000000000e+02 5.600000000000000000e+01
1.180000000000000000e+02 5.600000000000000000e+01
1.220000000000000000e+02 6.000000000000000000e+01
1.180000000000000000e+02 6.200000000000000000e+01
1.090000000000000000e+02 6.200000000000000000e+01
1.460000000000000000e+02 5.800000000000000000e+01
1.550000000000000000e+02 5.400000000000000000e+01
1.620000000000000000e+02 5.400000000000000000e+01
1.590000000000000000e+02 5.600000000000000000e+01
1.590000000000000000e+02 6.000000000000000000e+01
1.530000000000000000e+02 6.000000000000000000e+01
1.220000000000000000e+02 1.200000000000000000e+02
1.330000000000000000e+02 1.150000000000000000e+02
1.460000000000000000e+02 1.110000000000000000e+02
1.510000000000000000e+02 1.110000000000000000e+02
1.550000000000000000e+02 1.090000000000000000e+02
1.590000000000000000e+02 1.130000000000000000e+02
1.590000000000000000e+02 1.200000000000000000e+02
1.570000000000000000e+02 1.280000000000000000e+02
1.550000000000000000e+02 1.330000000000000000e+02
1.480000000000000000e+02 1.350000000000000000e+02
1.420000000000000000e+02 1.350000000000000000e+02
1.330000000000000000e+02 1.310000000000000000e+02
1.220000000000000000e+02 1.200000000000000000e+02
1.420000000000000000e+02 1.170000000000000000e+02
1.480000000000000000e+02 1.150000000000000000e+02
1.530000000000000000e+02 1.150000000000000000e+02
1.570000000000000000e+02 1.200000000000000000e+02
1.530000000000000000e+02 1.240000000000000000e+02
1.480000000000000000e+02 1.260000000000000000e+02
1.420000000000000000e+02 1.260000000000000000e+02
