4.300000000000000000e+01 4.800000000000000000e+01
4.500000000000000000e+01 6.900000000000000000e+01
4.800000000000000000e+01 8.400000000000000000e+01
5.200000000000000000e+01 1.000000000000000000e+02
5.900000000000000000e+01 1.180000000000000000e+02
6.800000000000000000e+01 1.340000000000000000e+02
7.900000000000000000e+01 1.450000000000000000e+02
9.300000000000000000e+01 1.570000000000000000e+02
1.130000000000000000e+02 1.630000000000000000e+02
1.330000000000000000e+02 1.590000000000000000e+02
1.440000000000000000e+02 1.480000000000000000e+02
1.530000000000000000e+02 1.360000000000000000e+02
1.600000000000000000e+02 1.180000000000000000e+02
1.650000000000000000e+02 1.000000000000000000e+02
1.690000000000000000e+02 8.400000000000000000e+01
1.710000000000000000e+02 6.900000000000000000e+01
1.740000000000000000e+02 5.100000000000000000e+01
5.900000000000000000e+01 3.700000000000000000e+01
6.800000000000000000e+01 3.300000000000000000e+01
7.900000000000000000e+01 3.000000000000000000e+01
8.800000000000000000e+01 3.500000000000000000e+01
9.700000000000000000e+01 3.700000000000000000e+01
1.310000000000000000e+02 3.900000000000000000e+01
1.380000000000000000e+02 3.500000000000000000e+01
1.490000000000000000e+02 3.300000000000000000e+01
1.580000000000000000e+02 3.500000000000000000e+01
1.650000000000000000e+02 3.900000000000000000e+01
1.130000000000000000e+02 5.700000000000000000e+01
1.130000000000000000e+02 7.300000000000000000e+01
1.130000000000000000e+02 8.400000000000000000e+01
1.130000000000000000e+02 9.400000000000000000e+01
1.020000000000000000e+02 9.800000000000000000e+01
1.080000000000000000e+02 1.000000000000000000e+02
1.130000000000000000e+02 1.030000000000000000e+02
1.200000000000000000e+02 1.000000000000000000e+02
1.240000000000000000e+02 9.800000000000000000e+01
7.200000000000000000e+01 5.500000000000000000e+01
7.900000000000000000e+01 5.100000000000000000e+01
8.800000000000000000e+01 5.300000000000000000e+01
9.700000000000000000e+01 5.700000000000000000e+01
8.800000000000000000e+01 6.000000000000000000e+01
7.900000000000000000e+01 6.000000000000000000e+01
1.310000000000000000e+02 5.700000000000000000e+01
1.380000000000000000e+02 5.300000000000000000e+01
1.470000000000000000e+02 5.300000000000000000e+01
1.530000000000000000e+02 5.500000000000000000e+01
1.470000000000000000e+02 6.000000000000000000e+01
1.380000000000000000e+02 6.000000000000000000e+01
9.000000000000000000e+01 1.210000000000000000e+02
9.700000000000000000e+01 1.160000000000000000e+02
1.080000000000000000e+02 1.120000000000000000e+02
1.130000000000000000e+02 1.140000000000000000e+02
1.200000000000000000e+02 1.120000000000000000e+02
1.290000000000000000e+02 1.160000000000000000e+02
1.350000000000000000e+02 1.210000000000000000e+02
1.290000000000000000e+02 1.320000000000000000e+02
1.220000000000000000e+02 1.360000000000000000e+02
1.130000000000000000e+02 1.390000000000000000e+02
1.060000000000000000e+02 1.390000000000000000e+02
9.700000000000000000e+01 1.320000000000000000e+02
9.300000000000000000e+01 1.210000000000000000e+02
1.060000000000000000e+02 1.180000000000000000e+02
1.130000000000000000e+02 1.180000000000000000e+02
1.200000000000000000e+02 1.180000000000000000e+02
1.330000000000000000e+02 1.210000000000000000e+02
1.200000000000000000e+02 1.270000000000000000e+02
1.150000000000000000e+02 1.300000000000000000e+02
1.060000000000000000e+02 1.270000000000000000e+02
