4.200000000000000000e+01 5.000000000000000000e+01
4.400000000000000000e+01 7.000000000000000000e+01
4.600000000000000000e+01 8.600000000000000000e+01
5.100000000000000000e+01 1.020000000000000000e+02
5.600000000000000000e+01 1.200000000000000000e+02
6.700000000000000000e+01 1.350000000000000000e+02
7.800000000000000000e+01 1.440000000000000000e+02
9.200000000000000000e+01 1.560000000000000000e+02
1.120000000000000000e+02 1.620000000000000000e+02
1.320000000000000000e+02 1.580000000000000000e+02
1.430000000000000000e+02 1.490000000000000000e+02
1.520000000000000000e+02 1.380000000000000000e+02
1.590000000000000000e+02 1.220000000000000000e+02
1.660000000000000000e+02 1.040000000000000000e+02
1.680000000000000000e+02 9.000000000000000000e+01
1.730000000000000000e+02 7.200000000000000000e+01
1.750000000000000000e+02 5.400000000000000000e+01
6.200000000000000000e+01 3.600000000000000000e+01
6.900000000000000000e+01 3.200000000000000000e+01
8.000000000000000000e+01 3.000000000000000000e+01
8.900000000000000000e+01 3.400000000000000000e+01
9.800000000000000000e+01 3.600000000000000000e+01
1.340000000000000000e+02 3.900000000000000000e+01
1.410000000000000000e+02 3.600000000000000000e+01
1.500000000000000000e+02 3.400000000000000000e+01
1.610000000000000000e+02 3.600000000000000000e+01
1.680000000000000000e+02 4.100000000000000000e+01
1.160000000000000000e+02 5.900000000000000000e+01
1.160000000000000000e+02 7.200000000000000000e+01
1.160000000000000000e+02 8.600000000000000000e+01
1.160000000000000000e+02 9.500000000000000000e+01
1.050000000000000000e+02 9.900000000000000000e+01
1.100000000000000000e+02 1.020000000000000000e+02
1.160000000000000000e+02 1.040000000000000000e+02
1.210000000000000000e+02 1.020000000000000000e+02
1.250000000000000000e+02 9.900000000000000000e+01
7.400000000000000000e+01 5.400000000000000000e+01
8.000000000000000000e+01 5.200000000000000000e+01
8.900000000000000000e+01 5.200000000000000000e+01
9.800000000000000000e+01 5.900000000000000000e+01
9.200000000000000000e+01 5.900000000000000000e+01
8.000000000000000000e+01 5.900000000000000000e+01
1.340000000000000000e+02 5.900000000000000000e+01
1.410000000000000000e+02 5.400000000000000000e+01
1.500000000000000000e+02 5.400000000000000000e+01
1.550000000000000000e+02 5.700000000000000000e+01
1.500000000000000000e+02 6.100000000000000000e+01
1.410000000000000000e+02 6.100000000000000000e+01
9.200000000000000000e+01 1.220000000000000000e+02
1.010000000000000000e+02 1.170000000000000000e+02
1.100000000000000000e+02 1.150000000000000000e+02
1.160000000000000000e+02 1.150000000000000000e+02
1.210000000000000000e+02 1.150000000000000000e+02
1.300000000000000000e+02 1.170000000000000000e+02
1.370000000000000000e+02 1.220000000000000000e+02
1.300000000000000000e+02 1.290000000000000000e+02
1.230000000000000000e+02 1.330000000000000000e+02
1.160000000000000000e+02 1.350000000000000000e+02
1.070000000000000000e+02 1.330000000000000000e+02
1.010000000000000000e+02 1.290000000000000000e+02
9.400000000000000000e+01 1.200000000000000000e+02
1.070000000000000000e+02 1.200000000000000000e+02
1.160000000000000000e+02 1.200000000000000000e+02
1.210000000000000000e+02 1.200000000000000000e+02
1.340000000000000000e+02 1.220000000000000000e+02
1.210000000000000000e+02 1.240000000000000000e+02
1.160000000000000000e+02 1.260000000000000000e+02
1.100000000000000000e+02 1.240000000000000000e+02
