4.100000000000000000e+01 6.300000000000000000e+01
4.400000000000000000e+01 8.000000000000000000e+01
4.800000000000000000e+01 9.600000000000000000e+01
5.200000000000000000e+01 1.110000000000000000e+02
6.100000000000000000e+01 1.280000000000000000e+02
7.800000000000000000e+01 1.410000000000000000e+02
9.600000000000000000e+01 1.500000000000000000e+02
1.150000000000000000e+02 1.590000000000000000e+02
1.350000000000000000e+02 1.630000000000000000e+02
1.460000000000000000e+02 1.570000000000000000e+02
1.460000000000000000e+02 1.480000000000000000e+02
1.410000000000000000e+02 1.390000000000000000e+02
1.390000000000000000e+02 1.260000000000000000e+02
1.370000000000000000e+02 1.090000000000000000e+02
1.350000000000000000e+02 9.400000000000000000e+01
1.350000000000000000e+02 7.800000000000000000e+01
1.350000000000000000e+02 6.100000000000000000e+01
8.500000000000000000e+01 4.100000000000000000e+01
9.800000000000000000e+01 3.500000000000000000e+01
1.090000000000000000e+02 3.300000000000000000e+01
1.200000000000000000e+02 3.300000000000000000e+01
1.280000000000000000e+02 3.700000000000000000e+01
1.520000000000000000e+02 3.900000000000000000e+01
1.570000000000000000e+02 3.500000000000000000e+01
1.610000000000000000e+02 3.300000000000000000e+01
1.630000000000000000e+02 3.500000000000000000e+01
1.610000000000000000e+02 3.900000000000000000e+01
1.410000000000000000e+02 5.900000000000000000e+01
1.480000000000000000e+02 7.000000000000000000e+01
1.540000000000000000e+02 8.000000000000000000e+01
1.540000000000000000e+02 8.900000000000000000e+01
1.350000000000000000e+02 9.800000000000000000e+01
1.410000000000000000e+02 9.800000000000000000e+01
1.460000000000000000e+02 1.000000000000000000e+02
1.500000000000000000e+02 9.800000000000000000e+01
1.520000000000000000e+02 9.800000000000000000e+01
1.000000000000000000e+02 5.900000000000000000e+01
1.090000000000000000e+02 5.400000000000000000e+01
1.150000000000000000e+02 5.400000000000000000e+01
1.200000000000000000e+02 5.900000000000000000e+01
1.150000000000000000e+02 6.100000000000000000e+01
1.070000000000000000e+02 6.100000000000000000e+01
1.440000000000000000e+02 5.900000000000000000e+01
1.520000000000000000e+02 5.400000000000000000e+01
1.590000000000000000e+02 5.400000000000000000e+01
1.570000000000000000e+02 5.700000000000000000e+01
1.570000000000000000e+02 6.100000000000000000e+01
1.520000000000000000e+02 6.100000000000000000e+01
1.220000000000000000e+02 1.220000000000000000e+02
1.330000000000000000e+02 1.150000000000000000e+02
1.440000000000000000e+02 1.130000000000000000e+02
1.480000000000000000e+02 1.130000000000000000e+02
1.520000000000000000e+02 1.110000000000000000e+02
1.570000000000000000e+02 1.150000000000000000e+02
1.540000000000000000e+02 1.200000000000000000e+02
1.540000000000000000e+02 1.280000000000000000e+02
1.520000000000000000e+02 1.330000000000000000e+02
1.460000000000000000e+02 1.350000000000000000e+02
1.390000000000000000e+02 1.350000000000000000e+02
1.300000000000000000e+02 1.300000000000000000e+02
1.220000000000000000e+02 1.220000000000000000e+02
1.390000000000000000e+02 1.200000000000000000e+02
1.460000000000000000e+02 1.170000000000000000e+02
1.500000000000000000e+02 1.170000000000000000e+02
1.540000000000000000e+02 1.200000000000000000e+02
1.500000000000000000e+02 1.240000000000000000e+02
1.460000000000000000e+02 1.260000000000000000e+02
1.390000000000000000e+02 1.260000000000000000e+02
