4.300000000000000000e+01 6.200000000000000000e+01
4.700000000000000000e+01 8.000000000000000000e+01
5.200000000000000000e+01 9.700000000000000000e+01
5.700000000000000000e+01 1.130000000000000000e+02
6.100000000000000000e+01 1.270000000000000000e+02
7.000000000000000000e+01 1.400000000000000000e+02
8.200000000000000000e+01 1.500000000000000000e+02
9.600000000000000000e+01 1.590000000000000000e+02
1.170000000000000000e+02 1.640000000000000000e+02
1.350000000000000000e+02 1.590000000000000000e+02
1.490000000000000000e+02 1.500000000000000000e+02
1.580000000000000000e+02 1.400000000000000000e+02
1.650000000000000000e+02 1.270000000000000000e+02
1.700000000000000000e+02 1.080000000000000000e+02
1.740000000000000000e+02 9.400000000000000000e+01
1.770000000000000000e+02 7.800000000000000000e+01
1.790000000000000000e+02 6.000000000000000000e+01
5.700000000000000000e+01 3.900000000000000000e+01
6.600000000000000000e+01 3.200000000000000000e+01
7.500000000000000000e+01 3.000000000000000000e+01
8.400000000000000000e+01 3.200000000000000000e+01
9.400000000000000000e+01 3.700000000000000000e+01
1.280000000000000000e+02 3.700000000000000000e+01
1.370000000000000000e+02 3.200000000000000000e+01
1.470000000000000000e+02 3.200000000000000000e+01
1.580000000000000000e+02 3.400000000000000000e+01
1.650000000000000000e+02 4.100000000000000000e+01
1.120000000000000000e+02 5.700000000000000000e+01
1.120000000000000000e+02 6.900000000000000000e+01
1.120000000000000000e+02 8.000000000000000000e+01
1.120000000000000000e+02 9.000000000000000000e+01
1.030000000000000000e+02 9.900000000000000000e+01
1.070000000000000000e+02 9.900000000000000000e+01
1.140000000000000000e+02 1.010000000000000000e+02
1.210000000000000000e+02 9.900000000000000000e+01
1.260000000000000000e+02 9.700000000000000000e+01
7.000000000000000000e+01 5.700000000000000000e+01
7.700000000000000000e+01 5.300000000000000000e+01
8.700000000000000000e+01 5.300000000000000000e+01
9.400000000000000000e+01 5.700000000000000000e+01
8.700000000000000000e+01 6.000000000000000000e+01
7.700000000000000000e+01 6.000000000000000000e+01
1.310000000000000000e+02 5.700000000000000000e+01
1.370000000000000000e+02 5.300000000000000000e+01
1.470000000000000000e+02 5.300000000000000000e+01
1.540000000000000000e+02 5.700000000000000000e+01
1.470000000000000000e+02 6.000000000000000000e+01
1.370000000000000000e+02 6.000000000000000000e+01
8.900000000000000000e+01 1.220000000000000000e+02
9.800000000000000000e+01 1.150000000000000000e+02
1.070000000000000000e+02 1.100000000000000000e+02
1.140000000000000000e+02 1.130000000000000000e+02
1.190000000000000000e+02 1.100000000000000000e+02
1.310000000000000000e+02 1.150000000000000000e+02
1.400000000000000000e+02 1.200000000000000000e+02
1.310000000000000000e+02 1.290000000000000000e+02
1.240000000000000000e+02 1.360000000000000000e+02
1.170000000000000000e+02 1.360000000000000000e+02
1.070000000000000000e+02 1.360000000000000000e+02
9.800000000000000000e+01 1.310000000000000000e+02
9.100000000000000000e+01 1.200000000000000000e+02
1.070000000000000000e+02 1.170000000000000000e+02
1.140000000000000000e+02 1.170000000000000000e+02
1.210000000000000000e+02 1.170000000000000000e+02
1.370000000000000000e+02 1.200000000000000000e+02
1.240000000000000000e+02 1.270000000000000000e+02
1.140000000000000000e+02 1.270000000000000000e+02
1.070000000000000000e+02 1.270000000000000000e+02
