3.014843750000000000e+01 5.118750000000000000e+01
3.014843750000000000e+01 7.180468750000000000e+01
3.222265625000000000e+01 9.171093750000000000e+01
3.637109375000000000e+01 1.116171875000000000e+02
4.466796875000000000e+01 1.301015625000000000e+02
5.711328125000000000e+01 1.443203125000000000e+02
7.301562500000000000e+01 1.556953125000000000e+02
9.030078125000000000e+01 1.642265625000000000e+02
1.089687500000000000e+02 1.677812500000000000e+02
1.290195312500000000e+02 1.656484375000000000e+02
1.483789062500000000e+02 1.578281250000000000e+02
1.656640625000000000e+02 1.478750000000000000e+02
1.794921875000000000e+02 1.322343750000000000e+02
1.877890625000000000e+02 1.144609375000000000e+02
1.926289062500000000e+02 9.313281250000000000e+01
1.960859375000000000e+02 7.109375000000000000e+01
1.974687500000000000e+02 5.118750000000000000e+01
4.605078125000000000e+01 4.692187500000000000e+01
5.573046875000000000e+01 3.910156250000000000e+01
6.748437500000000000e+01 3.767968750000000000e+01
7.992968750000000000e+01 3.839062500000000000e+01
9.237500000000000000e+01 4.052343750000000000e+01
1.200312500000000000e+02 4.052343750000000000e+01
1.331679687500000000e+02 3.696875000000000000e+01
1.469960937500000000e+02 3.554687500000000000e+01
1.601328125000000000e+02 3.767968750000000000e+01
1.705039062500000000e+02 4.550000000000000000e+01
1.048203125000000000e+02 5.047656250000000000e+01
1.048203125000000000e+02 6.114062500000000000e+01
1.041289062500000000e+02 7.109375000000000000e+01
1.041289062500000000e+02 8.175781250000000000e+01
9.030078125000000000e+01 9.171093750000000000e+01
9.652343750000000000e+01 9.313281250000000000e+01
1.048203125000000000e+02 9.526562500000000000e+01
1.131171875000000000e+02 9.313281250000000000e+01
1.207226562500000000e+02 9.171093750000000000e+01
5.780468750000000000e+01 6.058593750000000000e+01
6.471875000000000000e+01 5.545312500000000000e+01
7.508984375000000000e+01 5.332031250000000000e+01
8.615234375000000000e+01 5.332031250000000000e+01
7.578125000000000000e+01 5.474218750000000000e+01
6.471875000000000000e+01 5.687500000000000000e+01
1.269453125000000000e+02 5.332031250000000000e+01
1.386992187500000000e+02 5.260937500000000000e+01
1.504531250000000000e+02 5.474218750000000000e+01
1.580585937500000000e+02 5.916406250000000000e+01
1.504531250000000000e+02 5.545312500000000000e+01
1.386992187500000000e+02 5.474218750000000000e+01
8.684375000000000000e+01 1.165937500000000000e+02
9.168359375000000000e+01 1.101953125000000000e+02
9.928906250000000000e+01 1.103515625000000000e+02
1.055117187500000000e+02 1.087734375000000000e+02
1.110429687500000000e+02 1.103515625000000000e+02
1.200312500000000000e+02 1.101953125000000000e+02
1.276367187500000000e+02 1.158828125000000000e+02
1.227968750000000000e+02 1.237031250000000000e+02
1.158828125000000000e+02 1.301015625000000000e+02
1.062031250000000000e+02 1.315234375000000000e+02
9.790625000000000000e+01 1.293906250000000000e+02
9.030078125000000000e+01 1.237031250000000000e+02
8.822656250000000000e+01 1.165937500000000000e+02
9.652343750000000000e+01 1.151718750000000000e+02
1.055117187500000000e+02 1.158828125000000000e+02
1.158828125000000000e+02 1.151718750000000000e+02
1.255625000000000000e+02 1.158828125000000000e+02
1.158828125000000000e+02 1.158828125000000000e+02
1.055117187500000000e+02 1.180156250000000000e+02
9.652343750000000000e+01 1.165937500000000000e+02
