2.853515625000000000e+01 5.475000000000000000e+01
2.924218750000000000e+01 7.650000000000000000e+01
3.136328125000000000e+01 9.675000000000000000e+01
3.701953125000000000e+01 1.177500000000000000e+02
4.479687500000000000e+01 1.365000000000000000e+02
5.681640625000000000e+01 1.515000000000000000e+02
7.237109375000000000e+01 1.627500000000000000e+02
8.933984375000000000e+01 1.717500000000000000e+02
1.091367187500000000e+02 1.732500000000000000e+02
1.296406250000000000e+02 1.710000000000000000e+02
1.494375000000000000e+02 1.627500000000000000e+02
1.671132812500000000e+02 1.537500000000000000e+02
1.826679687500000000e+02 1.395000000000000000e+02
1.918593750000000000e+02 1.207500000000000000e+02
1.975156250000000000e+02 9.825000000000000000e+01
2.003437500000000000e+02 7.575000000000000000e+01
2.003437500000000000e+02 5.400000000000000000e+01
4.408984375000000000e+01 5.325000000000000000e+01
5.398828125000000000e+01 4.500000000000000000e+01
6.600781250000000000e+01 4.350000000000000000e+01
7.873437500000000000e+01 4.500000000000000000e+01
9.146093750000000000e+01 4.800000000000000000e+01
1.218632812500000000e+02 4.800000000000000000e+01
1.352968750000000000e+02 4.500000000000000000e+01
1.494375000000000000e+02 4.275000000000000000e+01
1.635781250000000000e+02 4.425000000000000000e+01
1.741835937500000000e+02 5.175000000000000000e+01
1.056015625000000000e+02 5.775000000000000000e+01
1.056015625000000000e+02 6.825000000000000000e+01
1.056015625000000000e+02 7.950000000000000000e+01
1.056015625000000000e+02 9.000000000000000000e+01
9.146093750000000000e+01 9.975000000000000000e+01
9.923828125000000000e+01 1.012500000000000000e+02
1.070156250000000000e+02 1.027500000000000000e+02
1.155000000000000000e+02 1.005000000000000000e+02
1.225703125000000000e+02 9.900000000000000000e+01
5.469531250000000000e+01 6.675000000000000000e+01
6.176562500000000000e+01 6.225000000000000000e+01
7.237109375000000000e+01 6.075000000000000000e+01
8.368359375000000000e+01 6.150000000000000000e+01
7.237109375000000000e+01 6.375000000000000000e+01
6.247265625000000000e+01 6.450000000000000000e+01
1.303476562500000000e+02 6.075000000000000000e+01
1.423671875000000000e+02 6.075000000000000000e+01
1.543867187500000000e+02 6.150000000000000000e+01
1.621640625000000000e+02 6.600000000000000000e+01
1.536796875000000000e+02 6.300000000000000000e+01
1.423671875000000000e+02 6.225000000000000000e+01
8.721875000000000000e+01 1.237500000000000000e+02
9.358203125000000000e+01 1.185000000000000000e+02
1.020664062500000000e+02 1.192500000000000000e+02
1.077226562500000000e+02 1.177500000000000000e+02
1.140859375000000000e+02 1.192500000000000000e+02
1.225703125000000000e+02 1.177500000000000000e+02
1.303476562500000000e+02 1.222500000000000000e+02
1.253984375000000000e+02 1.290000000000000000e+02
1.176210937500000000e+02 1.342500000000000000e+02
1.084296875000000000e+02 1.357500000000000000e+02
9.923828125000000000e+01 1.342500000000000000e+02
9.287500000000000000e+01 1.305000000000000000e+02
8.933984375000000000e+01 1.237500000000000000e+02
9.853125000000000000e+01 1.230000000000000000e+02
1.084296875000000000e+02 1.237500000000000000e+02
1.183281250000000000e+02 1.222500000000000000e+02
1.282265625000000000e+02 1.222500000000000000e+02
1.183281250000000000e+02 1.230000000000000000e+02
1.077226562500000000e+02 1.245000000000000000e+02
9.853125000000000000e+01 1.237500000000000000e+02
