3.043359375000000000e+01 5.504296875000000000e+01
3.043359375000000000e+01 7.505859375000000000e+01
3.313671875000000000e+01 9.435937500000000000e+01
3.651562500000000000e+01 1.136601562500000000e+02
4.394921875000000000e+01 1.315312500000000000e+02
5.678906250000000000e+01 1.458281250000000000e+02
7.233203125000000000e+01 1.558359375000000000e+02
8.922656250000000000e+01 1.644140625000000000e+02
1.074726562500000000e+02 1.672734375000000000e+02
1.270703125000000000e+02 1.644140625000000000e+02
1.453164062500000000e+02 1.572656250000000000e+02
1.622109375000000000e+02 1.472578125000000000e+02
1.764023437500000000e+02 1.336757812500000000e+02
1.845117187500000000e+02 1.158046875000000000e+02
1.885664062500000000e+02 9.507421875000000000e+01
1.905937500000000000e+02 7.362890625000000000e+01
1.912695312500000000e+02 5.361328125000000000e+01
4.800390625000000000e+01 4.789453125000000000e+01
5.678906250000000000e+01 4.074609375000000000e+01
6.827734375000000000e+01 3.931640625000000000e+01
8.044140625000000000e+01 4.074609375000000000e+01
9.125390625000000000e+01 4.289062500000000000e+01
1.182851562500000000e+02 4.360546875000000000e+01
1.311250000000000000e+02 4.003125000000000000e+01
1.446406250000000000e+02 3.860156250000000000e+01
1.568046875000000000e+02 4.074609375000000000e+01
1.669414062500000000e+02 4.789453125000000000e+01
1.047695312500000000e+02 5.218359375000000000e+01
1.047695312500000000e+02 6.219140625000000000e+01
1.040937500000000000e+02 7.148437500000000000e+01
1.034179687500000000e+02 8.149218750000000000e+01
8.922656250000000000e+01 9.150000000000000000e+01
9.666015625000000000e+01 9.292968750000000000e+01
1.047695312500000000e+02 9.435937500000000000e+01
1.128789062500000000e+02 9.292968750000000000e+01
1.203125000000000000e+02 9.150000000000000000e+01
5.746484375000000000e+01 6.161718750000000000e+01
6.422265625000000000e+01 5.647265625000000000e+01
7.435937500000000000e+01 5.504296875000000000e+01
8.517187500000000000e+01 5.575781250000000000e+01
7.435937500000000000e+01 5.718750000000000000e+01
6.489843750000000000e+01 5.861718750000000000e+01
1.263945312500000000e+02 5.575781250000000000e+01
1.372070312500000000e+02 5.504296875000000000e+01
1.480195312500000000e+02 5.575781250000000000e+01
1.547773437500000000e+02 6.018750000000000000e+01
1.480195312500000000e+02 5.718750000000000000e+01
1.372070312500000000e+02 5.718750000000000000e+01
8.246875000000000000e+01 1.172343750000000000e+02
8.990234375000000000e+01 1.115156250000000000e+02
9.936328125000000000e+01 1.116562500000000000e+02
1.054453125000000000e+02 1.100859375000000000e+02
1.122031250000000000e+02 1.116562500000000000e+02
1.223398437500000000e+02 1.115156250000000000e+02
1.318007812500000000e+02 1.172343750000000000e+02
1.243671875000000000e+02 1.222382812500000000e+02
1.155820312500000000e+02 1.250976562500000000e+02
1.061210937500000000e+02 1.265273437500000000e+02
9.733593750000000000e+01 1.250976562500000000e+02
8.922656250000000000e+01 1.229531250000000000e+02
8.449609375000000000e+01 1.172343750000000000e+02
9.530859375000000000e+01 1.150898437500000000e+02
1.054453125000000000e+02 1.150898437500000000e+02
1.176093750000000000e+02 1.143750000000000000e+02
1.297734375000000000e+02 1.165195312500000000e+02
1.182851562500000000e+02 1.172343750000000000e+02
1.061210937500000000e+02 1.179492187500000000e+02
9.530859375000000000e+01 1.172343750000000000e+02
