3.164843750000000000e+01 5.521875000000000000e+01
3.095312500000000000e+01 7.556250000000000000e+01
3.373437500000000000e+01 9.445312500000000000e+01
3.721093750000000000e+01 1.140703125000000000e+02
4.485937500000000000e+01 1.322343750000000000e+02
5.876562500000000000e+01 1.467656250000000000e+02
7.406250000000000000e+01 1.562109375000000000e+02
9.214062500000000000e+01 1.642031250000000000e+02
1.109140625000000000e+02 1.663828125000000000e+02
1.310781250000000000e+02 1.642031250000000000e+02
1.491562500000000000e+02 1.569375000000000000e+02
1.665390625000000000e+02 1.474921875000000000e+02
1.797500000000000000e+02 1.336875000000000000e+02
1.887890625000000000e+02 1.155234375000000000e+02
1.922656250000000000e+02 9.445312500000000000e+01
1.936562500000000000e+02 7.410937500000000000e+01
1.943515625000000000e+02 5.303906250000000000e+01
4.903125000000000000e+01 4.940625000000000000e+01
5.737500000000000000e+01 4.141406250000000000e+01
6.989062500000000000e+01 3.996093750000000000e+01
8.171093750000000000e+01 4.141406250000000000e+01
9.353125000000000000e+01 4.432031250000000000e+01
1.206484375000000000e+02 4.504687500000000000e+01
1.338593750000000000e+02 4.141406250000000000e+01
1.470703125000000000e+02 3.923437500000000000e+01
1.595859375000000000e+02 4.068750000000000000e+01
1.700156250000000000e+02 4.795312500000000000e+01
1.067421875000000000e+02 5.303906250000000000e+01
1.060468750000000000e+02 6.248437500000000000e+01
1.060468750000000000e+02 7.192968750000000000e+01
1.053515625000000000e+02 8.210156250000000000e+01
9.144531250000000000e+01 9.154687500000000000e+01
9.909375000000000000e+01 9.300000000000000000e+01
1.074375000000000000e+02 9.445312500000000000e+01
1.150859375000000000e+02 9.300000000000000000e+01
1.227343750000000000e+02 9.154687500000000000e+01
5.876562500000000000e+01 6.185156250000000000e+01
6.502343750000000000e+01 5.739843750000000000e+01
7.545312500000000000e+01 5.594531250000000000e+01
8.588281250000000000e+01 5.667187500000000000e+01
7.614843750000000000e+01 5.812500000000000000e+01
6.571875000000000000e+01 5.885156250000000000e+01
1.289921875000000000e+02 5.667187500000000000e+01
1.401171875000000000e+02 5.594531250000000000e+01
1.505468750000000000e+02 5.667187500000000000e+01
1.575000000000000000e+02 6.112500000000000000e+01
1.505468750000000000e+02 5.812500000000000000e+01
1.401171875000000000e+02 5.739843750000000000e+01
8.449218750000000000e+01 1.155234375000000000e+02
9.283593750000000000e+01 1.118906250000000000e+02
1.018750000000000000e+02 1.127109375000000000e+02
1.088281250000000000e+02 1.111640625000000000e+02
1.157812500000000000e+02 1.127109375000000000e+02
1.262109375000000000e+02 1.118906250000000000e+02
1.366406250000000000e+02 1.162500000000000000e+02
1.282968750000000000e+02 1.198828125000000000e+02
1.192578125000000000e+02 1.220625000000000000e+02
1.095234375000000000e+02 1.227890625000000000e+02
9.978906250000000000e+01 1.220625000000000000e+02
9.214062500000000000e+01 1.206093750000000000e+02
8.657812500000000000e+01 1.155234375000000000e+02
9.770312500000000000e+01 1.155234375000000000e+02
1.088281250000000000e+02 1.155234375000000000e+02
1.213437500000000000e+02 1.147968750000000000e+02
1.345546875000000000e+02 1.162500000000000000e+02
1.220390625000000000e+02 1.155234375000000000e+02
1.088281250000000000e+02 1.162500000000000000e+02
9.770312500000000000e+01 1.155234375000000000e+02
