2.881250000000000000e+01 5.654296875000000000e+01
2.881250000000000000e+01 7.765234375000000000e+01
3.099218750000000000e+01 9.800781250000000000e+01
3.607812500000000000e+01 1.183632812500000000e+02
4.407031250000000000e+01 1.372109375000000000e+02
5.714843750000000000e+01 1.522890625000000000e+02
7.240625000000000000e+01 1.635976562500000000e+02
8.984375000000000000e+01 1.726445312500000000e+02
1.109140625000000000e+02 1.741523437500000000e+02
1.305312500000000000e+02 1.711367187500000000e+02
1.508750000000000000e+02 1.628437500000000000e+02
1.683125000000000000e+02 1.537968750000000000e+02
1.828437500000000000e+02 1.394726562500000000e+02
1.922890625000000000e+02 1.213789062500000000e+02
1.973750000000000000e+02 9.876171875000000000e+01
1.995546875000000000e+02 7.614453125000000000e+01
2.002812500000000000e+02 5.428125000000000000e+01
4.479687500000000000e+01 5.277343750000000000e+01
5.424218750000000000e+01 4.448046875000000000e+01
6.732031250000000000e+01 4.297265625000000000e+01
7.967187500000000000e+01 4.372656250000000000e+01
9.202343750000000000e+01 4.674218750000000000e+01
1.218125000000000000e+02 4.674218750000000000e+01
1.348906250000000000e+02 4.372656250000000000e+01
1.494218750000000000e+02 4.146484375000000000e+01
1.632265625000000000e+02 4.297265625000000000e+01
1.741250000000000000e+02 5.201953125000000000e+01
1.058281250000000000e+02 5.654296875000000000e+01
1.058281250000000000e+02 6.709765625000000000e+01
1.058281250000000000e+02 7.765234375000000000e+01
1.051015625000000000e+02 8.820703125000000000e+01
9.057031250000000000e+01 9.876171875000000000e+01
9.856250000000000000e+01 1.002695312500000000e+02
1.072812500000000000e+02 1.017773437500000000e+02
1.160000000000000000e+02 9.951562500000000000e+01
1.232656250000000000e+02 9.800781250000000000e+01
5.569531250000000000e+01 6.632812500000000000e+01
6.296093750000000000e+01 6.182031250000000000e+01
7.385937500000000000e+01 6.031250000000000000e+01
8.475781250000000000e+01 6.031250000000000000e+01
7.385937500000000000e+01 6.257421875000000000e+01
6.296093750000000000e+01 6.332812500000000000e+01
1.305312500000000000e+02 5.955859375000000000e+01
1.421562500000000000e+02 5.880468750000000000e+01
1.537812500000000000e+02 6.031250000000000000e+01
1.610468750000000000e+02 6.482031250000000000e+01
1.530546875000000000e+02 6.257421875000000000e+01
1.421562500000000000e+02 6.106640625000000000e+01
8.475781250000000000e+01 1.228867187500000000e+02
9.202343750000000000e+01 1.191171875000000000e+02
1.007421875000000000e+02 1.198554687500000000e+02
1.080078125000000000e+02 1.176093750000000000e+02
1.145468750000000000e+02 1.191015625000000000e+02
1.254453125000000000e+02 1.176093750000000000e+02
1.356171875000000000e+02 1.213789062500000000e+02
1.283515625000000000e+02 1.281640625000000000e+02
1.189062500000000000e+02 1.326875000000000000e+02
1.087343750000000000e+02 1.334414062500000000e+02
9.856250000000000000e+01 1.319335937500000000e+02
9.057031250000000000e+01 1.289179687500000000e+02
8.693750000000000000e+01 1.228867187500000000e+02
9.710937500000000000e+01 1.228867187500000000e+02
1.080078125000000000e+02 1.243945312500000000e+02
1.203593750000000000e+02 1.221328125000000000e+02
1.341640625000000000e+02 1.213789062500000000e+02
1.203593750000000000e+02 1.228867187500000000e+02
1.080078125000000000e+02 1.251484375000000000e+02
9.710937500000000000e+01 1.228867187500000000e+02
