2.886718750000000000e+01 5.246875000000000000e+01
2.886718750000000000e+01 7.331250000000000000e+01
3.095312500000000000e+01 9.200000000000000000e+01
3.512500000000000000e+01 1.121250000000000000e+02
4.277343750000000000e+01 1.308125000000000000e+02
5.598437500000000000e+01 1.451875000000000000e+02
7.197656250000000000e+01 1.559687500000000000e+02
8.935937500000000000e+01 1.631562500000000000e+02
1.081328125000000000e+02 1.660312500000000000e+02
1.282968750000000000e+02 1.645937500000000000e+02
1.477656250000000000e+02 1.566875000000000000e+02
1.651484375000000000e+02 1.466250000000000000e+02
1.790546875000000000e+02 1.322500000000000000e+02
1.880937500000000000e+02 1.135625000000000000e+02
1.915703125000000000e+02 9.200000000000000000e+01
1.943515625000000000e+02 7.043750000000000000e+01
1.950468750000000000e+02 4.959375000000000000e+01
4.485937500000000000e+01 4.743750000000000000e+01
5.389843750000000000e+01 3.953125000000000000e+01
6.641406250000000000e+01 3.809375000000000000e+01
7.823437500000000000e+01 3.953125000000000000e+01
9.005468750000000000e+01 4.312500000000000000e+01
1.178671875000000000e+02 4.312500000000000000e+01
1.310781250000000000e+02 3.953125000000000000e+01
1.449843750000000000e+02 3.737500000000000000e+01
1.581953125000000000e+02 3.809375000000000000e+01
1.693203125000000000e+02 4.528125000000000000e+01
1.032656250000000000e+02 5.175000000000000000e+01
1.032656250000000000e+02 6.181250000000000000e+01
1.025703125000000000e+02 7.187500000000000000e+01
1.025703125000000000e+02 8.265625000000000000e+01
8.866406250000000000e+01 9.200000000000000000e+01
9.561718750000000000e+01 9.343750000000000000e+01
1.039609375000000000e+02 9.559375000000000000e+01
1.123046875000000000e+02 9.343750000000000000e+01
1.199531250000000000e+02 9.200000000000000000e+01
5.528906250000000000e+01 6.121875000000000000e+01
6.154687500000000000e+01 5.678125000000000000e+01
7.197656250000000000e+01 5.534375000000000000e+01
8.310156250000000000e+01 5.606250000000000000e+01
7.197656250000000000e+01 5.750000000000000000e+01
6.224218750000000000e+01 5.821875000000000000e+01
1.262109375000000000e+02 5.462500000000000000e+01
1.380312500000000000e+02 5.462500000000000000e+01
1.491562500000000000e+02 5.534375000000000000e+01
1.568046875000000000e+02 5.978125000000000000e+01
1.491562500000000000e+02 5.678125000000000000e+01
1.373359375000000000e+02 5.606250000000000000e+01
8.518750000000000000e+01 1.164375000000000000e+02
9.144531250000000000e+01 1.114062500000000000e+02
9.909375000000000000e+01 1.122500000000000000e+02
1.053515625000000000e+02 1.106875000000000000e+02
1.116093750000000000e+02 1.122500000000000000e+02
1.206484375000000000e+02 1.106875000000000000e+02
1.296875000000000000e+02 1.150000000000000000e+02
1.234296875000000000e+02 1.207500000000000000e+02
1.150859375000000000e+02 1.236250000000000000e+02
1.053515625000000000e+02 1.257812500000000000e+02
9.770312500000000000e+01 1.243437500000000000e+02
9.075000000000000000e+01 1.214687500000000000e+02
8.657812500000000000e+01 1.157187500000000000e+02
9.631250000000000000e+01 1.150000000000000000e+02
1.053515625000000000e+02 1.157187500000000000e+02
1.164765625000000000e+02 1.142812500000000000e+02
1.282968750000000000e+02 1.150000000000000000e+02
1.164765625000000000e+02 1.142812500000000000e+02
1.053515625000000000e+02 1.157187500000000000e+02
9.631250000000000000e+01 1.150000000000000000e+02
