2.450390625000000000e+01 5.805078125000000000e+01
2.450390625000000000e+01 7.916015625000000000e+01
2.739453125000000000e+01 9.951562500000000000e+01
3.245312500000000000e+01 1.198710937500000000e+02
4.112500000000000000e+01 1.387187500000000000e+02
5.485546875000000000e+01 1.522890625000000000e+02
7.147656250000000000e+01 1.620898437500000000e+02
8.954296875000000000e+01 1.688750000000000000e+02
1.090546875000000000e+02 1.711367187500000000e+02
1.292890625000000000e+02 1.688750000000000000e+02
1.488007812500000000e+02 1.613359375000000000e+02
1.661445312500000000e+02 1.515351562500000000e+02
1.805976562500000000e+02 1.372109375000000000e+02
1.892695312500000000e+02 1.198710937500000000e+02
1.928828125000000000e+02 9.725390625000000000e+01
1.943281250000000000e+02 7.614453125000000000e+01
1.950507812500000000e+02 5.428125000000000000e+01
4.401562500000000000e+01 5.051171875000000000e+01
5.341015625000000000e+01 4.221875000000000000e+01
6.569531250000000000e+01 4.071093750000000000e+01
7.870312500000000000e+01 4.221875000000000000e+01
9.098828125000000000e+01 4.448046875000000000e+01
1.191718750000000000e+02 4.523437500000000000e+01
1.329023437500000000e+02 4.146484375000000000e+01
1.459101562500000000e+02 3.920312500000000000e+01
1.596406250000000000e+02 4.071093750000000000e+01
1.697578125000000000e+02 4.825000000000000000e+01
1.047187500000000000e+02 5.352734375000000000e+01
1.047187500000000000e+02 6.332812500000000000e+01
1.047187500000000000e+02 7.312890625000000000e+01
1.047187500000000000e+02 8.368359375000000000e+01
8.954296875000000000e+01 9.423828125000000000e+01
9.749218750000000000e+01 9.574609375000000000e+01
1.061640625000000000e+02 9.650000000000000000e+01
1.148359375000000000e+02 9.499218750000000000e+01
1.220625000000000000e+02 9.273046875000000000e+01
5.485546875000000000e+01 6.331250000000000000e+01
6.208203125000000000e+01 5.880468750000000000e+01
7.292187500000000000e+01 5.654296875000000000e+01
8.376171875000000000e+01 5.805078125000000000e+01
7.292187500000000000e+01 5.955859375000000000e+01
6.280468750000000000e+01 6.106640625000000000e+01
1.285664062500000000e+02 5.729687500000000000e+01
1.401289062500000000e+02 5.654296875000000000e+01
1.509687500000000000e+02 5.729687500000000000e+01
1.581953125000000000e+02 6.180468750000000000e+01
1.509687500000000000e+02 5.880468750000000000e+01
1.394062500000000000e+02 5.880468750000000000e+01
8.087109375000000000e+01 1.191171875000000000e+02
9.026562500000000000e+01 1.145937500000000000e+02
1.003828125000000000e+02 1.153320312500000000e+02
1.068867187500000000e+02 1.130859375000000000e+02
1.141132812500000000e+02 1.153320312500000000e+02
1.249531250000000000e+02 1.138398437500000000e+02
1.350703125000000000e+02 1.176093750000000000e+02
1.271210937500000000e+02 1.236406250000000000e+02
1.177265625000000000e+02 1.266562500000000000e+02
1.076093750000000000e+02 1.281640625000000000e+02
9.749218750000000000e+01 1.274101562500000000e+02
8.882031250000000000e+01 1.243945312500000000e+02
8.303906250000000000e+01 1.191171875000000000e+02
9.532421875000000000e+01 1.183632812500000000e+02
1.068867187500000000e+02 1.183632812500000000e+02
1.198945312500000000e+02 1.176093750000000000e+02
1.329023437500000000e+02 1.183632812500000000e+02
1.198945312500000000e+02 1.183632812500000000e+02
1.068867187500000000e+02 1.198710937500000000e+02
9.532421875000000000e+01 1.183632812500000000e+02
