2.782812500000000000e+01 5.863281250000000000e+01
2.782812500000000000e+01 7.941406250000000000e+01
2.994921875000000000e+01 1.001953125000000000e+02
3.489843750000000000e+01 1.209765625000000000e+02
4.338281250000000000e+01 1.395312500000000000e+02
5.610937500000000000e+01 1.528906250000000000e+02
7.237109375000000000e+01 1.625390625000000000e+02
9.075390625000000000e+01 1.707031250000000000e+02
1.098437500000000000e+02 1.729296875000000000e+02
1.296406250000000000e+02 1.699609375000000000e+02
1.494375000000000000e+02 1.617968750000000000e+02
1.671132812500000000e+02 1.528906250000000000e+02
1.812539062500000000e+02 1.387890625000000000e+02
1.904453125000000000e+02 1.217187500000000000e+02
1.953945312500000000e+02 9.945312500000000000e+01
1.982226562500000000e+02 7.718750000000000000e+01
1.982226562500000000e+02 5.566406250000000000e+01
4.338281250000000000e+01 5.343750000000000000e+01
5.257421875000000000e+01 4.527343750000000000e+01
6.530078125000000000e+01 4.378906250000000000e+01
7.802734375000000000e+01 4.453125000000000000e+01
9.075390625000000000e+01 4.750000000000000000e+01
1.190351562500000000e+02 4.750000000000000000e+01
1.331757812500000000e+02 4.453125000000000000e+01
1.466093750000000000e+02 4.230468750000000000e+01
1.600429687500000000e+02 4.453125000000000000e+01
1.713554687500000000e+02 5.195312500000000000e+01
1.041875000000000000e+02 5.640625000000000000e+01
1.041875000000000000e+02 6.679687500000000000e+01
1.034804687500000000e+02 7.718750000000000000e+01
1.034804687500000000e+02 8.757812500000000000e+01
8.933984375000000000e+01 9.796875000000000000e+01
9.711718750000000000e+01 9.945312500000000000e+01
1.056015625000000000e+02 1.009375000000000000e+02
1.140859375000000000e+02 9.871093750000000000e+01
1.218632812500000000e+02 9.722656250000000000e+01
5.469531250000000000e+01 6.682812500000000000e+01
6.105859375000000000e+01 6.160156250000000000e+01
7.166406250000000000e+01 6.011718750000000000e+01
8.226953125000000000e+01 6.160156250000000000e+01
7.166406250000000000e+01 6.308593750000000000e+01
6.176562500000000000e+01 6.457031250000000000e+01
1.275195312500000000e+02 6.011718750000000000e+01
1.402460937500000000e+02 5.937500000000000000e+01
1.515585937500000000e+02 6.085937500000000000e+01
1.586289062500000000e+02 6.534375000000000000e+01
1.508515625000000000e+02 6.308593750000000000e+01
1.395390625000000000e+02 6.160156250000000000e+01
8.368359375000000000e+01 1.209765625000000000e+02
9.075390625000000000e+01 1.157812500000000000e+02
9.994531250000000000e+01 1.165546875000000000e+02
1.063085937500000000e+02 1.142968750000000000e+02
1.133789062500000000e+02 1.158125000000000000e+02
1.239843750000000000e+02 1.142968750000000000e+02
1.338828125000000000e+02 1.194921875000000000e+02
1.261054687500000000e+02 1.246875000000000000e+02
1.169140625000000000e+02 1.269140625000000000e+02
1.077226562500000000e+02 1.291406250000000000e+02
9.853125000000000000e+01 1.283984375000000000e+02
9.075390625000000000e+01 1.254296875000000000e+02
8.580468750000000000e+01 1.209765625000000000e+02
9.641015625000000000e+01 1.194921875000000000e+02
1.070156250000000000e+02 1.194921875000000000e+02
1.190351562500000000e+02 1.187500000000000000e+02
1.317617187500000000e+02 1.194921875000000000e+02
1.190351562500000000e+02 1.187500000000000000e+02
1.070156250000000000e+02 1.202343750000000000e+02
9.641015625000000000e+01 1.194921875000000000e+02
