2.924218750000000000e+01 5.739843750000000000e+01
2.924218750000000000e+01 7.846875000000000000e+01
3.207031250000000000e+01 9.808593750000000000e+01
3.772656250000000000e+01 1.191562500000000000e+02
4.621093750000000000e+01 1.365937500000000000e+02
5.893750000000000000e+01 1.503984375000000000e+02
7.449218750000000000e+01 1.612968750000000000e+02
9.216796875000000000e+01 1.700156250000000000e+02
1.119648437500000000e+02 1.707421875000000000e+02
1.310546875000000000e+02 1.678359375000000000e+02
1.508515625000000000e+02 1.591171875000000000e+02
1.685273437500000000e+02 1.496718750000000000e+02
1.819609375000000000e+02 1.351406250000000000e+02
1.904453125000000000e+02 1.177031250000000000e+02
1.946875000000000000e+02 9.590625000000000000e+01
1.975156250000000000e+02 7.410937500000000000e+01
1.982226562500000000e+02 5.303906250000000000e+01
4.479687500000000000e+01 5.231250000000000000e+01
5.398828125000000000e+01 4.359375000000000000e+01
6.671484375000000000e+01 4.214062500000000000e+01
7.944140625000000000e+01 4.286718750000000000e+01
9.146093750000000000e+01 4.577343750000000000e+01
1.197421875000000000e+02 4.577343750000000000e+01
1.331757812500000000e+02 4.286718750000000000e+01
1.473164062500000000e+02 4.068750000000000000e+01
1.600429687500000000e+02 4.214062500000000000e+01
1.713554687500000000e+02 4.940625000000000000e+01
1.048945312500000000e+02 5.521875000000000000e+01
1.048945312500000000e+02 6.611718750000000000e+01
1.056015625000000000e+02 7.628906250000000000e+01
1.048945312500000000e+02 8.646093750000000000e+01
9.146093750000000000e+01 9.735937500000000000e+01
9.853125000000000000e+01 9.881250000000000000e+01
1.070156250000000000e+02 1.002656250000000000e+02
1.155000000000000000e+02 9.735937500000000000e+01
1.232773437500000000e+02 9.590625000000000000e+01
5.610937500000000000e+01 6.548437500000000000e+01
6.247265625000000000e+01 6.030468750000000000e+01
7.307812500000000000e+01 5.885156250000000000e+01
8.368359375000000000e+01 5.957812500000000000e+01
7.307812500000000000e+01 6.248437500000000000e+01
6.317968750000000000e+01 6.321093750000000000e+01
1.282265625000000000e+02 5.812500000000000000e+01
1.402460937500000000e+02 5.739843750000000000e+01
1.515585937500000000e+02 5.812500000000000000e+01
1.593359375000000000e+02 6.330468750000000000e+01
1.515585937500000000e+02 6.030468750000000000e+01
1.402460937500000000e+02 5.957812500000000000e+01
8.863281250000000000e+01 1.213359375000000000e+02
9.358203125000000000e+01 1.155234375000000000e+02
1.013593750000000000e+02 1.156171875000000000e+02
1.084296875000000000e+02 1.140703125000000000e+02
1.140859375000000000e+02 1.156171875000000000e+02
1.239843750000000000e+02 1.147968750000000000e+02
1.324687500000000000e+02 1.191562500000000000e+02
1.268125000000000000e+02 1.264218750000000000e+02
1.190351562500000000e+02 1.315078125000000000e+02
1.098437500000000000e+02 1.336875000000000000e+02
1.006523437500000000e+02 1.322343750000000000e+02
9.287500000000000000e+01 1.278750000000000000e+02
9.004687500000000000e+01 1.213359375000000000e+02
9.923828125000000000e+01 1.198828125000000000e+02
1.084296875000000000e+02 1.206093750000000000e+02
1.197421875000000000e+02 1.191562500000000000e+02
1.303476562500000000e+02 1.191562500000000000e+02
1.197421875000000000e+02 1.198828125000000000e+02
1.091367187500000000e+02 1.213359375000000000e+02
9.923828125000000000e+01 1.206093750000000000e+02
