2.783984375000000000e+01 5.853515625000000000e+01
2.853125000000000000e+01 7.876953125000000000e+01
3.060546875000000000e+01 9.828125000000000000e+01
3.544531250000000000e+01 1.177929687500000000e+02
4.374218750000000000e+01 1.351367187500000000e+02
5.687890625000000000e+01 1.481445312500000000e+02
7.278125000000000000e+01 1.568164062500000000e+02
9.006640625000000000e+01 1.633203125000000000e+02
1.087343750000000000e+02 1.654882812500000000e+02
1.287851562500000000e+02 1.640429687500000000e+02
1.474531250000000000e+02 1.575390625000000000e+02
1.654296875000000000e+02 1.488671875000000000e+02
1.799492187500000000e+02 1.365820312500000000e+02
1.889375000000000000e+02 1.185156250000000000e+02
1.930859375000000000e+02 9.828125000000000000e+01
1.944687500000000000e+02 7.660156250000000000e+01
1.944687500000000000e+02 5.564453125000000000e+01
4.443359375000000000e+01 4.986328125000000000e+01
5.411328125000000000e+01 4.191406250000000000e+01
6.586718750000000000e+01 4.046875000000000000e+01
7.831250000000000000e+01 4.119140625000000000e+01
9.006640625000000000e+01 4.408203125000000000e+01
1.184140625000000000e+02 4.335937500000000000e+01
1.315507812500000000e+02 4.046875000000000000e+01
1.453789062500000000e+02 3.902343750000000000e+01
1.585156250000000000e+02 4.119140625000000000e+01
1.688867187500000000e+02 4.841796875000000000e+01
1.038945312500000000e+02 5.275390625000000000e+01
1.038945312500000000e+02 6.287109375000000000e+01
1.032031250000000000e+02 7.226562500000000000e+01
1.032031250000000000e+02 8.310546875000000000e+01
8.868359375000000000e+01 9.322265625000000000e+01
9.628906250000000000e+01 9.466796875000000000e+01
1.045859375000000000e+02 9.611328125000000000e+01
1.135742187500000000e+02 9.394531250000000000e+01
1.211796875000000000e+02 9.250000000000000000e+01
5.618750000000000000e+01 6.298046875000000000e+01
6.241015625000000000e+01 5.853515625000000000e+01
7.278125000000000000e+01 5.636718750000000000e+01
8.315234375000000000e+01 5.708984375000000000e+01
7.278125000000000000e+01 5.853515625000000000e+01
6.310156250000000000e+01 5.998046875000000000e+01
1.274023437500000000e+02 5.636718750000000000e+01
1.384648437500000000e+02 5.636718750000000000e+01
1.495273437500000000e+02 5.781250000000000000e+01
1.571328125000000000e+02 6.225781250000000000e+01
1.495273437500000000e+02 5.853515625000000000e+01
1.384648437500000000e+02 5.781250000000000000e+01
8.107812500000000000e+01 1.170703125000000000e+02
8.937500000000000000e+01 1.112890625000000000e+02
9.905468750000000000e+01 1.113984375000000000e+02
1.059687500000000000e+02 1.098437500000000000e+02
1.128828125000000000e+02 1.113984375000000000e+02
1.232539062500000000e+02 1.105664062500000000e+02
1.336250000000000000e+02 1.156250000000000000e+02
1.253281250000000000e+02 1.199609375000000000e+02
1.163398437500000000e+02 1.228515625000000000e+02
1.066601562500000000e+02 1.242968750000000000e+02
9.698046875000000000e+01 1.235742187500000000e+02
8.868359375000000000e+01 1.221289062500000000e+02
8.315234375000000000e+01 1.170703125000000000e+02
9.490625000000000000e+01 1.149023437500000000e+02
1.059687500000000000e+02 1.156250000000000000e+02
1.191054687500000000e+02 1.141796875000000000e+02
1.315507812500000000e+02 1.149023437500000000e+02
1.191054687500000000e+02 1.141796875000000000e+02
1.059687500000000000e+02 1.156250000000000000e+02
9.421484375000000000e+01 1.149023437500000000e+02
