5.362500000000000000e+01 5.514843750000000000e+01
5.546484375000000000e+01 7.211718750000000000e+01
5.853125000000000000e+01 8.908593750000000000e+01
6.405078125000000000e+01 1.060546875000000000e+02
7.079687500000000000e+01 1.216093750000000000e+02
7.999609375000000000e+01 1.343359375000000000e+02
9.103515625000000000e+01 1.456484375000000000e+02
1.033007812500000000e+02 1.548398437500000000e+02
1.186328125000000000e+02 1.569609375000000000e+02
1.333515625000000000e+02 1.513046875000000000e+02
1.450039062500000000e+02 1.414062500000000000e+02
1.554296875000000000e+02 1.286796875000000000e+02
1.634023437500000000e+02 1.138320312500000000e+02
1.683085937500000000e+02 9.757031250000000000e+01
1.707617187500000000e+02 7.989453125000000000e+01
1.719882812500000000e+02 6.221875000000000000e+01
1.707617187500000000e+02 4.454296875000000000e+01
5.730468750000000000e+01 4.242187500000000000e+01
6.343750000000000000e+01 3.393750000000000000e+01
7.325000000000000000e+01 3.110937500000000000e+01
8.367578125000000000e+01 3.181640625000000000e+01
9.348828125000000000e+01 3.393750000000000000e+01
1.223125000000000000e+02 2.969531250000000000e+01
1.321250000000000000e+02 2.474609375000000000e+01
1.431640625000000000e+02 2.191796875000000000e+01
1.542031250000000000e+02 2.333203125000000000e+01
1.621757812500000000e+02 3.110937500000000000e+01
1.094335937500000000e+02 4.807812500000000000e+01
1.100468750000000000e+02 5.939062500000000000e+01
1.112734375000000000e+02 6.999609375000000000e+01
1.118867187500000000e+02 8.130859375000000000e+01
1.008476562500000000e+02 9.191406250000000000e+01
1.063671875000000000e+02 9.262109375000000000e+01
1.137265625000000000e+02 9.332812500000000000e+01
1.198593750000000000e+02 9.120703125000000000e+01
1.259921875000000000e+02 8.908593750000000000e+01
6.895703125000000000e+01 5.744140625000000000e+01
7.386328125000000000e+01 4.949218750000000000e+01
8.428906250000000000e+01 4.807812500000000000e+01
9.287500000000000000e+01 5.373437500000000000e+01
8.428906250000000000e+01 5.726953125000000000e+01
7.447656250000000000e+01 5.797656250000000000e+01
1.302851562500000000e+02 4.949218750000000000e+01
1.382578125000000000e+02 4.312890625000000000e+01
1.486835937500000000e+02 4.242187500000000000e+01
1.548164062500000000e+02 4.825000000000000000e+01
1.492968750000000000e+02 4.949218750000000000e+01
1.400976562500000000e+02 5.090625000000000000e+01
9.226171875000000000e+01 1.138320312500000000e+02
9.900781250000000000e+01 1.074687500000000000e+02
1.075937500000000000e+02 1.062265625000000000e+02
1.137265625000000000e+02 1.046406250000000000e+02
1.198593750000000000e+02 1.055195312500000000e+02
1.290585937500000000e+02 1.046406250000000000e+02
1.376445312500000000e+02 1.095898437500000000e+02
1.339648437500000000e+02 1.216093750000000000e+02
1.266054687500000000e+02 1.300937500000000000e+02
1.161796875000000000e+02 1.343359375000000000e+02
1.057539062500000000e+02 1.329218750000000000e+02
9.716796875000000000e+01 1.251445312500000000e+02
9.410156250000000000e+01 1.138320312500000000e+02
1.039140625000000000e+02 1.117109375000000000e+02
1.143398437500000000e+02 1.117109375000000000e+02
1.253789062500000000e+02 1.095898437500000000e+02
1.358046875000000000e+02 1.102968750000000000e+02
1.266054687500000000e+02 1.180742187500000000e+02
1.155664062500000000e+02 1.216093750000000000e+02
1.039140625000000000e+02 1.201953125000000000e+02
