5.696875000000000000e+01 4.033203125000000000e+01
5.522265625000000000e+01 5.742187500000000000e+01
5.522265625000000000e+01 7.519531250000000000e+01
5.755078125000000000e+01 9.228515625000000000e+01
6.162500000000000000e+01 1.086914062500000000e+02
6.977343750000000000e+01 1.237304687500000000e+02
7.908593750000000000e+01 1.367187500000000000e+02
8.956250000000000000e+01 1.483398437500000000e+02
1.035312500000000000e+02 1.538085937500000000e+02
1.186640625000000000e+02 1.517578125000000000e+02
1.332148437500000000e+02 1.435546875000000000e+02
1.466015625000000000e+02 1.339843750000000000e+02
1.582421875000000000e+02 1.216796875000000000e+02
1.663906250000000000e+02 1.066406250000000000e+02
1.710468750000000000e+02 8.955078125000000000e+01
1.745390625000000000e+02 7.177734375000000000e+01
1.774492187500000000e+02 5.332031250000000000e+01
6.046093750000000000e+01 3.554687500000000000e+01
6.802734375000000000e+01 3.007812500000000000e+01
7.675781250000000000e+01 3.076171875000000000e+01
8.607031250000000000e+01 3.417968750000000000e+01
9.480078125000000000e+01 3.828125000000000000e+01
1.233203125000000000e+02 3.896484375000000000e+01
1.343789062500000000e+02 3.623046875000000000e+01
1.454375000000000000e+02 3.486328125000000000e+01
1.553320312500000000e+02 3.828125000000000000e+01
1.634804687500000000e+02 4.648437500000000000e+01
1.081875000000000000e+02 5.332031250000000000e+01
1.070234375000000000e+02 6.562500000000000000e+01
1.064414062500000000e+02 7.861328125000000000e+01
1.052773437500000000e+02 9.091796875000000000e+01
9.305468750000000000e+01 9.570312500000000000e+01
9.829296875000000000e+01 9.912109375000000000e+01
1.052773437500000000e+02 1.011718750000000000e+02
1.128437500000000000e+02 9.980468750000000000e+01
1.192460937500000000e+02 9.843750000000000000e+01
7.035546875000000000e+01 5.358593750000000000e+01
7.617578125000000000e+01 4.785156250000000000e+01
8.490625000000000000e+01 4.921875000000000000e+01
9.247265625000000000e+01 5.400390625000000000e+01
8.374218750000000000e+01 5.400390625000000000e+01
7.559375000000000000e+01 5.332031250000000000e+01
1.285585937500000000e+02 5.742187500000000000e+01
1.372890625000000000e+02 5.332031250000000000e+01
1.466015625000000000e+02 5.468750000000000000e+01
1.518398437500000000e+02 6.247265625000000000e+01
1.460195312500000000e+02 6.083984375000000000e+01
1.372890625000000000e+02 6.015625000000000000e+01
8.490625000000000000e+01 1.100585937500000000e+02
9.189062500000000000e+01 1.086914062500000000e+02
9.887500000000000000e+01 1.116914062500000000e+02
1.046953125000000000e+02 1.114257812500000000e+02
1.105156250000000000e+02 1.130585937500000000e+02
1.192460937500000000e+02 1.127929687500000000e+02
1.285585937500000000e+02 1.155273437500000000e+02
1.221562500000000000e+02 1.244140625000000000e+02
1.134257812500000000e+02 1.298828125000000000e+02
1.035312500000000000e+02 1.312500000000000000e+02
9.480078125000000000e+01 1.271484375000000000e+02
8.839843750000000000e+01 1.196289062500000000e+02
8.665234375000000000e+01 1.107421875000000000e+02
9.538281250000000000e+01 1.141601562500000000e+02
1.041132812500000000e+02 1.168945312500000000e+02
1.157539062500000000e+02 1.168945312500000000e+02
1.268125000000000000e+02 1.155273437500000000e+02
1.157539062500000000e+02 1.182617187500000000e+02
1.041132812500000000e+02 1.189453125000000000e+02
9.480078125000000000e+01 1.155273437500000000e+02
