5.949218750000000000e+01 5.933203125000000000e+01
6.071875000000000000e+01 7.648828125000000000e+01
6.194531250000000000e+01 9.435937500000000000e+01
6.685156250000000000e+01 1.108007812500000000e+02
7.359765625000000000e+01 1.272421875000000000e+02
8.341015625000000000e+01 1.401093750000000000e+02
9.506250000000000000e+01 1.494023437500000000e+02
1.079414062500000000e+02 1.586953125000000000e+02
1.226601562500000000e+02 1.615546875000000000e+02
1.386054687500000000e+02 1.572656250000000000e+02
1.539375000000000000e+02 1.479726562500000000e+02
1.674296875000000000e+02 1.365351562500000000e+02
1.784687500000000000e+02 1.208085937500000000e+02
1.852148437500000000e+02 1.036523437500000000e+02
1.882812500000000000e+02 8.435156250000000000e+01
1.882812500000000000e+02 6.362109375000000000e+01
1.864414062500000000e+02 4.360546875000000000e+01
6.133203125000000000e+01 5.003906250000000000e+01
6.746484375000000000e+01 4.289062500000000000e+01
7.605078125000000000e+01 4.146093750000000000e+01
8.525000000000000000e+01 4.289062500000000000e+01
9.383593750000000000e+01 4.503515625000000000e+01
1.202070312500000000e+02 3.788671875000000000e+01
1.312460937500000000e+02 3.216796875000000000e+01
1.435117187500000000e+02 2.930859375000000000e+01
1.557773437500000000e+02 2.930859375000000000e+01
1.662031250000000000e+02 3.645703125000000000e+01
1.085546875000000000e+02 5.718750000000000000e+01
1.097812500000000000e+02 6.933984375000000000e+01
1.103945312500000000e+02 8.077734375000000000e+01
1.110078125000000000e+02 9.292968750000000000e+01
1.024218750000000000e+02 1.029375000000000000e+02
1.079414062500000000e+02 1.036523437500000000e+02
1.140742187500000000e+02 1.043671875000000000e+02
1.214335937500000000e+02 1.022226562500000000e+02
1.281796875000000000e+02 1.000781250000000000e+02
7.175781250000000000e+01 6.662109375000000000e+01
7.666406250000000000e+01 6.004687500000000000e+01
8.525000000000000000e+01 5.861718750000000000e+01
9.444921875000000000e+01 6.219140625000000000e+01
8.525000000000000000e+01 6.505078125000000000e+01
7.727734375000000000e+01 6.576562500000000000e+01
1.312460937500000000e+02 5.647265625000000000e+01
1.398320312500000000e+02 5.075390625000000000e+01
1.502578125000000000e+02 5.003906250000000000e+01
1.570039062500000000e+02 5.518359375000000000e+01
1.508710937500000000e+02 5.575781250000000000e+01
1.410585937500000000e+02 5.790234375000000000e+01
9.812890625000000000e+01 1.229531250000000000e+02
1.030351562500000000e+02 1.172343750000000000e+02
1.097812500000000000e+02 1.173750000000000000e+02
1.153007812500000000e+02 1.150898437500000000e+02
1.208203125000000000e+02 1.166601562500000000e+02
1.306328125000000000e+02 1.158046875000000000e+02
1.398320312500000000e+02 1.208085937500000000e+02
1.349257812500000000e+02 1.293867187500000000e+02
1.269531250000000000e+02 1.351054687500000000e+02
1.177539062500000000e+02 1.372500000000000000e+02
1.097812500000000000e+02 1.358203125000000000e+02
1.030351562500000000e+02 1.308164062500000000e+02
9.996875000000000000e+01 1.229531250000000000e+02
1.079414062500000000e+02 1.215234375000000000e+02
1.159140625000000000e+02 1.222382812500000000e+02
1.269531250000000000e+02 1.208085937500000000e+02
1.379921875000000000e+02 1.208085937500000000e+02
1.275664062500000000e+02 1.222382812500000000e+02
1.165273437500000000e+02 1.243828125000000000e+02
1.079414062500000000e+02 1.229531250000000000e+02
