6.053906250000000000e+01 6.660937500000000000e+01
6.233203125000000000e+01 8.292187500000000000e+01
6.472265625000000000e+01 9.855468750000000000e+01
6.950390625000000000e+01 1.141875000000000000e+02
7.727343750000000000e+01 1.284609375000000000e+02
8.623828125000000000e+01 1.386562500000000000e+02
9.759375000000000000e+01 1.474921875000000000e+02
1.095468750000000000e+02 1.556484375000000000e+02
1.232929687500000000e+02 1.570078125000000000e+02
1.394296875000000000e+02 1.522500000000000000e+02
1.543710937500000000e+02 1.427343750000000000e+02
1.675195312500000000e+02 1.311796875000000000e+02
1.776796875000000000e+02 1.162265625000000000e+02
1.830585937500000000e+02 9.855468750000000000e+01
1.842539062500000000e+02 7.952343750000000000e+01
1.836562500000000000e+02 5.981250000000000000e+01
1.806679687500000000e+02 4.146093750000000000e+01
6.053906250000000000e+01 5.573437500000000000e+01
6.412500000000000000e+01 4.825781250000000000e+01
7.129687500000000000e+01 4.553906250000000000e+01
7.906640625000000000e+01 4.553906250000000000e+01
8.683593750000000000e+01 4.621875000000000000e+01
1.107421875000000000e+02 3.534375000000000000e+01
1.220976562500000000e+02 2.990625000000000000e+01
1.346484375000000000e+02 2.718750000000000000e+01
1.460039062500000000e+02 2.854687500000000000e+01
1.567617187500000000e+02 3.466406250000000000e+01
1.005820312500000000e+02 5.709375000000000000e+01
1.017773437500000000e+02 6.728906250000000000e+01
1.023750000000000000e+02 7.748437500000000000e+01
1.029726562500000000e+02 8.835937500000000000e+01
9.819140625000000000e+01 9.855468750000000000e+01
1.029726562500000000e+02 9.923437500000000000e+01
1.083515625000000000e+02 9.923437500000000000e+01
1.155234375000000000e+02 9.651562500000000000e+01
1.215000000000000000e+02 9.447656250000000000e+01
7.129687500000000000e+01 6.960937500000000000e+01
7.428515625000000000e+01 6.185156250000000000e+01
8.265234375000000000e+01 5.981250000000000000e+01
9.042187500000000000e+01 6.389062500000000000e+01
8.384765625000000000e+01 6.796875000000000000e+01
7.607812500000000000e+01 6.932812500000000000e+01
1.238906250000000000e+02 5.437500000000000000e+01
1.310625000000000000e+02 4.689843750000000000e+01
1.412226562500000000e+02 4.553906250000000000e+01
1.471992187500000000e+02 5.193750000000000000e+01
1.418203125000000000e+02 5.301562500000000000e+01
1.328554687500000000e+02 5.505468750000000000e+01
9.938671875000000000e+01 1.196250000000000000e+02
1.011796875000000000e+02 1.135078125000000000e+02
1.065585937500000000e+02 1.131093750000000000e+02
1.113398437500000000e+02 1.101093750000000000e+02
1.161210937500000000e+02 1.110703125000000000e+02
1.262812500000000000e+02 1.094296875000000000e+02
1.352460937500000000e+02 1.135078125000000000e+02
1.310625000000000000e+02 1.216640625000000000e+02
1.244882812500000000e+02 1.277812500000000000e+02
1.161210937500000000e+02 1.305000000000000000e+02
1.095468750000000000e+02 1.305000000000000000e+02
1.035703125000000000e+02 1.264218750000000000e+02
1.005820312500000000e+02 1.196250000000000000e+02
1.065585937500000000e+02 1.182656250000000000e+02
1.131328125000000000e+02 1.175859375000000000e+02
1.232929687500000000e+02 1.148671875000000000e+02
1.340507812500000000e+02 1.141875000000000000e+02
1.238906250000000000e+02 1.162265625000000000e+02
1.137304687500000000e+02 1.189453125000000000e+02
1.071562500000000000e+02 1.189453125000000000e+02
