4.625000000000000000e+01 5.275390625000000000e+01
4.625000000000000000e+01 7.082031250000000000e+01
4.687500000000000000e+01 8.888671875000000000e+01
5.000000000000000000e+01 1.062304687500000000e+02
5.500000000000000000e+01 1.235742187500000000e+02
6.375000000000000000e+01 1.380273437500000000e+02
7.562500000000000000e+01 1.495898437500000000e+02
8.875000000000000000e+01 1.589843750000000000e+02
1.043750000000000000e+02 1.625976562500000000e+02
1.200000000000000000e+02 1.604296875000000000e+02
1.337500000000000000e+02 1.532031250000000000e+02
1.468750000000000000e+02 1.438085937500000000e+02
1.568750000000000000e+02 1.300781250000000000e+02
1.637500000000000000e+02 1.141796875000000000e+02
1.687500000000000000e+02 9.683593750000000000e+01
1.718750000000000000e+02 7.876953125000000000e+01
1.731250000000000000e+02 6.070312500000000000e+01
5.687500000000000000e+01 3.902343750000000000e+01
6.437500000000000000e+01 3.107421875000000000e+01
7.500000000000000000e+01 3.035156250000000000e+01
8.500000000000000000e+01 3.251953125000000000e+01
9.500000000000000000e+01 3.613281250000000000e+01
1.243750000000000000e+02 3.613281250000000000e+01
1.350000000000000000e+02 3.251953125000000000e+01
1.462500000000000000e+02 3.179687500000000000e+01
1.575000000000000000e+02 3.541015625000000000e+01
1.643750000000000000e+02 4.480468750000000000e+01
1.087500000000000000e+02 5.275390625000000000e+01
1.081250000000000000e+02 6.431640625000000000e+01
1.075000000000000000e+02 7.515625000000000000e+01
1.068750000000000000e+02 8.599609375000000000e+01
9.375000000000000000e+01 9.539062500000000000e+01
9.937500000000000000e+01 9.683593750000000000e+01
1.068750000000000000e+02 9.900390625000000000e+01
1.137500000000000000e+02 9.755859375000000000e+01
1.200000000000000000e+02 9.683593750000000000e+01
6.687500000000000000e+01 5.792187500000000000e+01
7.250000000000000000e+01 5.203125000000000000e+01
8.125000000000000000e+01 5.203125000000000000e+01
9.000000000000000000e+01 5.636718750000000000e+01
8.125000000000000000e+01 5.853515625000000000e+01
7.187500000000000000e+01 5.781250000000000000e+01
1.287500000000000000e+02 5.781250000000000000e+01
1.375000000000000000e+02 5.419921875000000000e+01
1.475000000000000000e+02 5.564453125000000000e+01
1.531250000000000000e+02 6.153515625000000000e+01
1.468750000000000000e+02 6.070312500000000000e+01
1.381250000000000000e+02 5.998046875000000000e+01
8.250000000000000000e+01 1.163476562500000000e+02
9.000000000000000000e+01 1.105664062500000000e+02
9.937500000000000000e+01 1.113984375000000000e+02
1.056250000000000000e+02 1.098437500000000000e+02
1.118750000000000000e+02 1.121210937500000000e+02
1.212500000000000000e+02 1.127343750000000000e+02
1.293750000000000000e+02 1.185156250000000000e+02
1.231250000000000000e+02 1.264648437500000000e+02
1.137500000000000000e+02 1.322460937500000000e+02
1.043750000000000000e+02 1.336914062500000000e+02
9.500000000000000000e+01 1.315234375000000000e+02
8.750000000000000000e+01 1.250195312500000000e+02
8.437500000000000000e+01 1.163476562500000000e+02
9.500000000000000000e+01 1.156250000000000000e+02
1.050000000000000000e+02 1.170703125000000000e+02
1.162500000000000000e+02 1.170703125000000000e+02
1.275000000000000000e+02 1.185156250000000000e+02
1.162500000000000000e+02 1.185156250000000000e+02
1.050000000000000000e+02 1.192382812500000000e+02
9.437500000000000000e+01 1.170703125000000000e+02
