5.449609375000000000e+01 6.004687500000000000e+01
5.387500000000000000e+01 7.362890625000000000e+01
5.449609375000000000e+01 9.007031250000000000e+01
5.760156250000000000e+01 1.050820312500000000e+02
6.194921875000000000e+01 1.193789062500000000e+02
6.816015625000000000e+01 1.329609375000000000e+02
7.499218750000000000e+01 1.458281250000000000e+02
8.244531250000000000e+01 1.572656250000000000e+02
9.300390625000000000e+01 1.644140625000000000e+02
1.103945312500000000e+02 1.651289062500000000e+02
1.271640625000000000e+02 1.572656250000000000e+02
1.426914062500000000e+02 1.472578125000000000e+02
1.557343750000000000e+02 1.336757812500000000e+02
1.656718750000000000e+02 1.172343750000000000e+02
1.700195312500000000e+02 9.721875000000000000e+01
1.731250000000000000e+02 7.720312500000000000e+01
1.718828125000000000e+02 5.575781250000000000e+01
5.139062500000000000e+01 4.503515625000000000e+01
5.449609375000000000e+01 3.931640625000000000e+01
6.008593750000000000e+01 3.717187500000000000e+01
6.629687500000000000e+01 3.788671875000000000e+01
7.250781250000000000e+01 4.003125000000000000e+01
9.548828125000000000e+01 3.502734375000000000e+01
1.072890625000000000e+02 3.073828125000000000e+01
1.197109375000000000e+02 2.930859375000000000e+01
1.315117187500000000e+02 3.216796875000000000e+01
1.402070312500000000e+02 4.074609375000000000e+01
8.244531250000000000e+01 5.504296875000000000e+01
8.058203125000000000e+01 6.505078125000000000e+01
7.809765625000000000e+01 7.434375000000000000e+01
7.623437500000000000e+01 8.363671875000000000e+01
7.250781250000000000e+01 9.435937500000000000e+01
7.623437500000000000e+01 9.578906250000000000e+01
8.182421875000000000e+01 9.721875000000000000e+01
8.927734375000000000e+01 9.578906250000000000e+01
9.673046875000000000e+01 9.507421875000000000e+01
5.760156250000000000e+01 6.304687500000000000e+01
6.070703125000000000e+01 5.718750000000000000e+01
6.691796875000000000e+01 5.647265625000000000e+01
7.312890625000000000e+01 5.861718750000000000e+01
6.753906250000000000e+01 6.076171875000000000e+01
6.132812500000000000e+01 6.147656250000000000e+01
1.060468750000000000e+02 5.647265625000000000e+01
1.141210937500000000e+02 5.289843750000000000e+01
1.234375000000000000e+02 5.361328125000000000e+01
1.290273437500000000e+02 5.947265625000000000e+01
1.228164062500000000e+02 5.790234375000000000e+01
1.147421875000000000e+02 5.790234375000000000e+01
7.499218750000000000e+01 1.193789062500000000e+02
7.375000000000000000e+01 1.108007812500000000e+02
7.809765625000000000e+01 1.095117187500000000e+02
8.306640625000000000e+01 1.072265625000000000e+02
8.865625000000000000e+01 1.095117187500000000e+02
1.023203125000000000e+02 1.115156250000000000e+02
1.147421875000000000e+02 1.200937500000000000e+02
1.091523437500000000e+02 1.322460937500000000e+02
9.983593750000000000e+01 1.408242187500000000e+02
8.741406250000000000e+01 1.429687500000000000e+02
7.996093750000000000e+01 1.379648437500000000e+02
7.685546875000000000e+01 1.286718750000000000e+02
7.685546875000000000e+01 1.186640625000000000e+02
7.933984375000000000e+01 1.150898437500000000e+02
8.430859375000000000e+01 1.143750000000000000e+02
9.921484375000000000e+01 1.150898437500000000e+02
1.128789062500000000e+02 1.200937500000000000e+02
1.023203125000000000e+02 1.279570312500000000e+02
8.865625000000000000e+01 1.301015625000000000e+02
8.244531250000000000e+01 1.258125000000000000e+02
