5.983593750000000000e+01 6.363281250000000000e+01
6.164062500000000000e+01 8.060156250000000000e+01
6.404687500000000000e+01 9.757031250000000000e+01
6.885937500000000000e+01 1.138320312500000000e+02
7.547656250000000000e+01 1.293867187500000000e+02
8.450000000000000000e+01 1.421132812500000000e+02
9.532812500000000000e+01 1.520117187500000000e+02
1.073593750000000000e+02 1.612031250000000000e+02
1.211953125000000000e+02 1.647382812500000000e+02
1.374375000000000000e+02 1.612031250000000000e+02
1.524765625000000000e+02 1.505976562500000000e+02
1.657109375000000000e+02 1.385781250000000000e+02
1.771406250000000000e+02 1.230234375000000000e+02
1.831562500000000000e+02 1.053476562500000000e+02
1.861640625000000000e+02 8.555078125000000000e+01
1.855625000000000000e+02 6.433984375000000000e+01
1.837578125000000000e+02 4.525000000000000000e+01
6.043750000000000000e+01 5.232031250000000000e+01
6.404687500000000000e+01 4.525000000000000000e+01
7.126562500000000000e+01 4.312890625000000000e+01
7.908593750000000000e+01 4.312890625000000000e+01
8.690625000000000000e+01 4.525000000000000000e+01
1.121718750000000000e+02 3.605859375000000000e+01
1.236015625000000000e+02 3.110937500000000000e+01
1.362343750000000000e+02 2.898828125000000000e+01
1.476640625000000000e+02 3.110937500000000000e+01
1.584921875000000000e+02 3.817968750000000000e+01
1.007421875000000000e+02 5.726953125000000000e+01
1.007421875000000000e+02 6.858203125000000000e+01
1.007421875000000000e+02 7.989453125000000000e+01
1.019453125000000000e+02 9.120703125000000000e+01
9.592968750000000000e+01 1.003984375000000000e+02
1.007421875000000000e+02 1.018125000000000000e+02
1.067578125000000000e+02 1.018125000000000000e+02
1.139765625000000000e+02 9.969140625000000000e+01
1.199921875000000000e+02 9.686328125000000000e+01
6.946093750000000000e+01 6.733984375000000000e+01
7.367187500000000000e+01 5.939062500000000000e+01
8.209375000000000000e+01 5.797656250000000000e+01
8.991406250000000000e+01 6.292578125000000000e+01
8.269531250000000000e+01 6.646093750000000000e+01
7.427343750000000000e+01 6.716796875000000000e+01
1.236015625000000000e+02 5.656250000000000000e+01
1.314218750000000000e+02 4.878515625000000000e+01
1.416484375000000000e+02 4.807812500000000000e+01
1.476640625000000000e+02 5.532031250000000000e+01
1.422500000000000000e+02 5.585546875000000000e+01
1.332265625000000000e+02 5.726953125000000000e+01
9.713281250000000000e+01 1.216093750000000000e+02
9.833593750000000000e+01 1.145390625000000000e+02
1.037500000000000000e+02 1.140039062500000000e+02
1.097656250000000000e+02 1.117109375000000000e+02
1.145781250000000000e+02 1.125898437500000000e+02
1.260078125000000000e+02 1.117109375000000000e+02
1.362343750000000000e+02 1.173671875000000000e+02
1.320234375000000000e+02 1.279726562500000000e+02
1.248046875000000000e+02 1.357500000000000000e+02
1.145781250000000000e+02 1.385781250000000000e+02
1.067578125000000000e+02 1.371640625000000000e+02
1.007421875000000000e+02 1.308007812500000000e+02
9.893750000000000000e+01 1.216093750000000000e+02
1.043515625000000000e+02 1.194882812500000000e+02
1.109687500000000000e+02 1.187812500000000000e+02
1.230000000000000000e+02 1.173671875000000000e+02
1.344296875000000000e+02 1.173671875000000000e+02
1.242031250000000000e+02 1.230234375000000000e+02
1.133750000000000000e+02 1.258515625000000000e+02
1.061562500000000000e+02 1.244375000000000000e+02
