5.953906250000000000e+01 6.499218750000000000e+01
6.073437500000000000e+01 8.227734375000000000e+01
6.312500000000000000e+01 9.887109375000000000e+01
6.790625000000000000e+01 1.147734375000000000e+02
7.507812500000000000e+01 1.292929687500000000e+02
8.464062500000000000e+01 1.410468750000000000e+02
9.539843750000000000e+01 1.507265625000000000e+02
1.073515625000000000e+02 1.583320312500000000e+02
1.210976562500000000e+02 1.617890625000000000e+02
1.378320312500000000e+02 1.583320312500000000e+02
1.527734375000000000e+02 1.479609375000000000e+02
1.653242187500000000e+02 1.362070312500000000e+02
1.766796875000000000e+02 1.203046875000000000e+02
1.820585937500000000e+02 1.030195312500000000e+02
1.838515625000000000e+02 8.366015625000000000e+01
1.832539062500000000e+02 6.291796875000000000e+01
1.802656250000000000e+02 4.425000000000000000e+01
5.894140625000000000e+01 5.462109375000000000e+01
6.312500000000000000e+01 4.770703125000000000e+01
7.029687500000000000e+01 4.494140625000000000e+01
7.806640625000000000e+01 4.494140625000000000e+01
8.583593750000000000e+01 4.632421875000000000e+01
1.109375000000000000e+02 3.733593750000000000e+01
1.222929687500000000e+02 3.249609375000000000e+01
1.348437500000000000e+02 2.973046875000000000e+01
1.467968750000000000e+02 3.111328125000000000e+01
1.563593750000000000e+02 3.871875000000000000e+01
9.958203125000000000e+01 5.876953125000000000e+01
1.001796875000000000e+02 6.983203125000000000e+01
1.007773437500000000e+02 8.020312500000000000e+01
1.013750000000000000e+02 9.126562500000000000e+01
9.599609375000000000e+01 1.009453125000000000e+02
1.007773437500000000e+02 1.016367187500000000e+02
1.067539062500000000e+02 1.023281250000000000e+02
1.133281250000000000e+02 9.956250000000000000e+01
1.199023437500000000e+02 9.748828125000000000e+01
6.910156250000000000e+01 6.937500000000000000e+01
7.268750000000000000e+01 6.153515625000000000e+01
8.105468750000000000e+01 6.015234375000000000e+01
8.882421875000000000e+01 6.430078125000000000e+01
8.165234375000000000e+01 6.775781250000000000e+01
7.388281250000000000e+01 6.914062500000000000e+01
1.228906250000000000e+02 5.738671875000000000e+01
1.300625000000000000e+02 4.978125000000000000e+01
1.402226562500000000e+02 4.839843750000000000e+01
1.467968750000000000e+02 5.554687500000000000e+01
1.408203125000000000e+02 5.600390625000000000e+01
1.318554687500000000e+02 5.807812500000000000e+01
9.599609375000000000e+01 1.216875000000000000e+02
9.838671875000000000e+01 1.154648437500000000e+02
1.037656250000000000e+02 1.150078125000000000e+02
1.091445312500000000e+02 1.120078125000000000e+02
1.139257812500000000e+02 1.129335937500000000e+02
1.252812500000000000e+02 1.120078125000000000e+02
1.354414062500000000e+02 1.168476562500000000e+02
1.312578125000000000e+02 1.258359375000000000e+02
1.234882812500000000e+02 1.327500000000000000e+02
1.139257812500000000e+02 1.355156250000000000e+02
1.067539062500000000e+02 1.341328125000000000e+02
1.001796875000000000e+02 1.292929687500000000e+02
9.778906250000000000e+01 1.216875000000000000e+02
1.043632812500000000e+02 1.203046875000000000e+02
1.109375000000000000e+02 1.203046875000000000e+02
1.222929687500000000e+02 1.182304687500000000e+02
1.336484375000000000e+02 1.168476562500000000e+02
1.228906250000000000e+02 1.196132812500000000e+02
1.121328125000000000e+02 1.223789062500000000e+02
1.049609375000000000e+02 1.216875000000000000e+02
