5.262500000000000000e+01 5.484375000000000000e+01
5.084375000000000000e+01 7.101562500000000000e+01
5.084375000000000000e+01 8.718750000000000000e+01
5.203125000000000000e+01 1.033593750000000000e+02
5.500000000000000000e+01 1.188281250000000000e+02
6.093750000000000000e+01 1.328906250000000000e+02
6.925000000000000000e+01 1.448437500000000000e+02
7.934375000000000000e+01 1.546875000000000000e+02
9.181250000000000000e+01 1.596093750000000000e+02
1.078437500000000000e+02 1.596093750000000000e+02
1.226875000000000000e+02 1.546875000000000000e+02
1.375312500000000000e+02 1.483593750000000000e+02
1.505937500000000000e+02 1.385156250000000000e+02
1.595000000000000000e+02 1.237500000000000000e+02
1.654375000000000000e+02 1.068750000000000000e+02
1.690000000000000000e+02 8.859375000000000000e+01
1.725625000000000000e+02 7.031250000000000000e+01
5.678125000000000000e+01 4.007812500000000000e+01
6.212500000000000000e+01 3.304687500000000000e+01
7.043750000000000000e+01 3.023437500000000000e+01
7.934375000000000000e+01 3.234375000000000000e+01
8.765625000000000000e+01 3.585937500000000000e+01
1.161562500000000000e+02 3.656250000000000000e+01
1.274375000000000000e+02 3.445312500000000000e+01
1.387187500000000000e+02 3.515625000000000000e+01
1.488125000000000000e+02 4.078125000000000000e+01
1.559375000000000000e+02 5.062500000000000000e+01
9.953125000000000000e+01 5.554687500000000000e+01
9.834375000000000000e+01 6.468750000000000000e+01
9.656250000000000000e+01 7.382812500000000000e+01
9.478125000000000000e+01 8.367187500000000000e+01
8.409375000000000000e+01 9.351562500000000000e+01
8.884375000000000000e+01 9.492187500000000000e+01
9.537500000000000000e+01 9.703125000000000000e+01
1.030937500000000000e+02 9.632812500000000000e+01
1.102187500000000000e+02 9.562500000000000000e+01
6.390625000000000000e+01 6.276562500000000000e+01
6.865625000000000000e+01 5.976562500000000000e+01
7.696875000000000000e+01 5.976562500000000000e+01
8.468750000000000000e+01 5.835937500000000000e+01
7.696875000000000000e+01 5.976562500000000000e+01
6.865625000000000000e+01 6.046875000000000000e+01
1.209062500000000000e+02 6.117187500000000000e+01
1.304062500000000000e+02 6.328125000000000000e+01
1.393125000000000000e+02 6.468750000000000000e+01
1.452500000000000000e+02 6.909375000000000000e+01
1.393125000000000000e+02 6.539062500000000000e+01
1.304062500000000000e+02 6.398437500000000000e+01
7.518750000000000000e+01 1.125000000000000000e+02
8.053125000000000000e+01 1.068750000000000000e+02
8.825000000000000000e+01 1.077656250000000000e+02
9.418750000000000000e+01 1.068750000000000000e+02
1.001250000000000000e+02 1.091718750000000000e+02
1.096250000000000000e+02 1.103906250000000000e+02
1.185312500000000000e+02 1.167187500000000000e+02
1.114062500000000000e+02 1.237500000000000000e+02
1.025000000000000000e+02 1.286718750000000000e+02
9.240625000000000000e+01 1.293750000000000000e+02
8.468750000000000000e+01 1.265625000000000000e+02
7.875000000000000000e+01 1.209375000000000000e+02
7.696875000000000000e+01 1.125000000000000000e+02
8.528125000000000000e+01 1.117968750000000000e+02
9.359375000000000000e+01 1.132031250000000000e+02
1.054687500000000000e+02 1.139062500000000000e+02
1.173437500000000000e+02 1.167187500000000000e+02
1.054687500000000000e+02 1.174218750000000000e+02
9.359375000000000000e+01 1.167187500000000000e+02
8.528125000000000000e+01 1.146093750000000000e+02
