5.439843750000000000e+01 5.403125000000000000e+01
5.562500000000000000e+01 7.180468750000000000e+01
5.869140625000000000e+01 8.815625000000000000e+01
6.421093750000000000e+01 1.052187500000000000e+02
7.095703125000000000e+01 1.208593750000000000e+02
8.076953125000000000e+01 1.336562500000000000e+02
9.119531250000000000e+01 1.450312500000000000e+02
1.040742187500000000e+02 1.542734375000000000e+02
1.194062500000000000e+02 1.571171875000000000e+02
1.341250000000000000e+02 1.521406250000000000e+02
1.463906250000000000e+02 1.421875000000000000e+02
1.568164062500000000e+02 1.293906250000000000e+02
1.654023437500000000e+02 1.151718750000000000e+02
1.703085937500000000e+02 9.810937500000000000e+01
1.733750000000000000e+02 8.033593750000000000e+01
1.739882812500000000e+02 6.256250000000000000e+01
1.739882812500000000e+02 4.407812500000000000e+01
5.807812500000000000e+01 4.194531250000000000e+01
6.482421875000000000e+01 3.412500000000000000e+01
7.463671875000000000e+01 3.199218750000000000e+01
8.444921875000000000e+01 3.270312500000000000e+01
9.487500000000000000e+01 3.483593750000000000e+01
1.236992187500000000e+02 3.057031250000000000e+01
1.341250000000000000e+02 2.630468750000000000e+01
1.451640625000000000e+02 2.346093750000000000e+01
1.568164062500000000e+02 2.488281250000000000e+01
1.647890625000000000e+02 3.199218750000000000e+01
1.108203125000000000e+02 4.976562500000000000e+01
1.114335937500000000e+02 6.114062500000000000e+01
1.120468750000000000e+02 7.251562500000000000e+01
1.126601562500000000e+02 8.389062500000000000e+01
1.016210937500000000e+02 9.384375000000000000e+01
1.077539062500000000e+02 9.526562500000000000e+01
1.145000000000000000e+02 9.597656250000000000e+01
1.212460937500000000e+02 9.384375000000000000e+01
1.273789062500000000e+02 9.171093750000000000e+01
6.973046875000000000e+01 5.845312500000000000e+01
7.525000000000000000e+01 5.047656250000000000e+01
8.506250000000000000e+01 4.905468750000000000e+01
9.364843750000000000e+01 5.474218750000000000e+01
8.506250000000000000e+01 5.829687500000000000e+01
7.586328125000000000e+01 5.829687500000000000e+01
1.322851562500000000e+02 5.047656250000000000e+01
1.402578125000000000e+02 4.407812500000000000e+01
1.506835937500000000e+02 4.336718750000000000e+01
1.568164062500000000e+02 4.992187500000000000e+01
1.512968750000000000e+02 5.047656250000000000e+01
1.414843750000000000e+02 5.189843750000000000e+01
9.364843750000000000e+01 1.151718750000000000e+02
1.003945312500000000e+02 1.087734375000000000e+02
1.089804687500000000e+02 1.089296875000000000e+02
1.151132812500000000e+02 1.066406250000000000e+02
1.212460937500000000e+02 1.075078125000000000e+02
1.304453125000000000e+02 1.066406250000000000e+02
1.390312500000000000e+02 1.123281250000000000e+02
1.347382812500000000e+02 1.229921875000000000e+02
1.273789062500000000e+02 1.315234375000000000e+02
1.169531250000000000e+02 1.343671875000000000e+02
1.071406250000000000e+02 1.329453125000000000e+02
9.855468750000000000e+01 1.258359375000000000e+02
9.548828125000000000e+01 1.151718750000000000e+02
1.053007812500000000e+02 1.130390625000000000e+02
1.157265625000000000e+02 1.130390625000000000e+02
1.261523437500000000e+02 1.116171875000000000e+02
1.371914062500000000e+02 1.123281250000000000e+02
1.273789062500000000e+02 1.187265625000000000e+02
1.163398437500000000e+02 1.215703125000000000e+02
1.053007812500000000e+02 1.201484375000000000e+02
