7.000000000000000000e+01 7.200000000000000000e+01
7.500000000000000000e+01 8.800000000000000000e+01
7.900000000000000000e+01 1.040000000000000000e+02
8.400000000000000000e+01 1.170000000000000000e+02
8.600000000000000000e+01 1.300000000000000000e+02
9.300000000000000000e+01 1.390000000000000000e+02
9.700000000000000000e+01 1.460000000000000000e+02
1.060000000000000000e+02 1.510000000000000000e+02
1.240000000000000000e+02 1.530000000000000000e+02
1.420000000000000000e+02 1.440000000000000000e+02
1.580000000000000000e+02 1.330000000000000000e+02
1.690000000000000000e+02 1.240000000000000000e+02
1.800000000000000000e+02 1.100000000000000000e+02
1.850000000000000000e+02 9.500000000000000000e+01
1.870000000000000000e+02 8.100000000000000000e+01
1.870000000000000000e+02 6.500000000000000000e+01
1.890000000000000000e+02 4.800000000000000000e+01
6.400000000000000000e+01 5.400000000000000000e+01
6.400000000000000000e+01 4.800000000000000000e+01
7.000000000000000000e+01 4.500000000000000000e+01
7.500000000000000000e+01 4.300000000000000000e+01
8.200000000000000000e+01 4.500000000000000000e+01
1.130000000000000000e+02 3.400000000000000000e+01
1.200000000000000000e+02 3.000000000000000000e+01
1.310000000000000000e+02 2.700000000000000000e+01
1.420000000000000000e+02 2.700000000000000000e+01
1.530000000000000000e+02 3.200000000000000000e+01
1.020000000000000000e+02 6.100000000000000000e+01
1.020000000000000000e+02 7.000000000000000000e+01
1.000000000000000000e+02 8.100000000000000000e+01
1.020000000000000000e+02 9.000000000000000000e+01
1.000000000000000000e+02 9.900000000000000000e+01
1.040000000000000000e+02 9.900000000000000000e+01
1.090000000000000000e+02 9.900000000000000000e+01
1.150000000000000000e+02 9.700000000000000000e+01
1.200000000000000000e+02 9.500000000000000000e+01
7.300000000000000000e+01 6.500000000000000000e+01
7.500000000000000000e+01 6.100000000000000000e+01
8.200000000000000000e+01 6.100000000000000000e+01
9.100000000000000000e+01 6.300000000000000000e+01
8.400000000000000000e+01 6.500000000000000000e+01
7.700000000000000000e+01 6.800000000000000000e+01
1.220000000000000000e+02 5.400000000000000000e+01
1.290000000000000000e+02 4.800000000000000000e+01
1.350000000000000000e+02 4.800000000000000000e+01
1.440000000000000000e+02 5.000000000000000000e+01
1.380000000000000000e+02 5.400000000000000000e+01
1.290000000000000000e+02 5.400000000000000000e+01
9.500000000000000000e+01 1.190000000000000000e+02
1.000000000000000000e+02 1.150000000000000000e+02
1.060000000000000000e+02 1.100000000000000000e+02
1.110000000000000000e+02 1.100000000000000000e+02
1.130000000000000000e+02 1.080000000000000000e+02
1.240000000000000000e+02 1.100000000000000000e+02
1.350000000000000000e+02 1.120000000000000000e+02
1.290000000000000000e+02 1.210000000000000000e+02
1.220000000000000000e+02 1.260000000000000000e+02
1.150000000000000000e+02 1.280000000000000000e+02
1.060000000000000000e+02 1.280000000000000000e+02
1.020000000000000000e+02 1.260000000000000000e+02
9.700000000000000000e+01 1.190000000000000000e+02
1.060000000000000000e+02 1.170000000000000000e+02
1.130000000000000000e+02 1.150000000000000000e+02
1.170000000000000000e+02 1.150000000000000000e+02
1.330000000000000000e+02 1.120000000000000000e+02
1.200000000000000000e+02 1.170000000000000000e+02
1.130000000000000000e+02 1.190000000000000000e+02
1.060000000000000000e+02 1.190000000000000000e+02
