6.900000000000000000e+01 6.200000000000000000e+01
7.200000000000000000e+01 7.800000000000000000e+01
7.400000000000000000e+01 9.400000000000000000e+01
7.400000000000000000e+01 1.070000000000000000e+02
7.600000000000000000e+01 1.230000000000000000e+02
7.600000000000000000e+01 1.370000000000000000e+02
7.600000000000000000e+01 1.460000000000000000e+02
8.100000000000000000e+01 1.570000000000000000e+02
9.400000000000000000e+01 1.640000000000000000e+02
1.140000000000000000e+02 1.570000000000000000e+02
1.320000000000000000e+02 1.480000000000000000e+02
1.480000000000000000e+02 1.370000000000000000e+02
1.590000000000000000e+02 1.230000000000000000e+02
1.680000000000000000e+02 1.100000000000000000e+02
1.730000000000000000e+02 9.400000000000000000e+01
1.750000000000000000e+02 7.800000000000000000e+01
1.800000000000000000e+02 6.200000000000000000e+01
5.100000000000000000e+01 4.400000000000000000e+01
5.100000000000000000e+01 3.800000000000000000e+01
5.600000000000000000e+01 3.500000000000000000e+01
6.000000000000000000e+01 3.500000000000000000e+01
6.700000000000000000e+01 3.800000000000000000e+01
9.600000000000000000e+01 3.500000000000000000e+01
1.050000000000000000e+02 3.100000000000000000e+01
1.140000000000000000e+02 3.100000000000000000e+01
1.260000000000000000e+02 3.300000000000000000e+01
1.390000000000000000e+02 4.000000000000000000e+01
8.100000000000000000e+01 5.800000000000000000e+01
7.800000000000000000e+01 6.900000000000000000e+01
7.400000000000000000e+01 7.800000000000000000e+01
7.200000000000000000e+01 8.700000000000000000e+01
7.400000000000000000e+01 9.400000000000000000e+01
7.600000000000000000e+01 9.600000000000000000e+01
8.100000000000000000e+01 9.800000000000000000e+01
8.700000000000000000e+01 9.600000000000000000e+01
9.400000000000000000e+01 9.600000000000000000e+01
5.800000000000000000e+01 5.800000000000000000e+01
6.000000000000000000e+01 5.600000000000000000e+01
6.500000000000000000e+01 5.600000000000000000e+01
7.400000000000000000e+01 6.000000000000000000e+01
6.700000000000000000e+01 6.000000000000000000e+01
6.000000000000000000e+01 6.200000000000000000e+01
1.030000000000000000e+02 5.600000000000000000e+01
1.100000000000000000e+02 5.300000000000000000e+01
1.170000000000000000e+02 5.300000000000000000e+01
1.260000000000000000e+02 5.600000000000000000e+01
1.170000000000000000e+02 5.800000000000000000e+01
1.100000000000000000e+02 5.800000000000000000e+01
7.400000000000000000e+01 1.190000000000000000e+02
7.200000000000000000e+01 1.120000000000000000e+02
7.600000000000000000e+01 1.070000000000000000e+02
8.100000000000000000e+01 1.070000000000000000e+02
8.500000000000000000e+01 1.070000000000000000e+02
9.900000000000000000e+01 1.120000000000000000e+02
1.140000000000000000e+02 1.210000000000000000e+02
1.030000000000000000e+02 1.320000000000000000e+02
9.400000000000000000e+01 1.370000000000000000e+02
8.700000000000000000e+01 1.390000000000000000e+02
8.100000000000000000e+01 1.370000000000000000e+02
7.600000000000000000e+01 1.300000000000000000e+02
7.400000000000000000e+01 1.190000000000000000e+02
7.800000000000000000e+01 1.140000000000000000e+02
8.300000000000000000e+01 1.120000000000000000e+02
9.000000000000000000e+01 1.140000000000000000e+02
1.120000000000000000e+02 1.210000000000000000e+02
9.400000000000000000e+01 1.300000000000000000e+02
8.700000000000000000e+01 1.300000000000000000e+02
8.100000000000000000e+01 1.280000000000000000e+02
