7.200000000000000000e+01 6.500000000000000000e+01
7.400000000000000000e+01 8.300000000000000000e+01
7.900000000000000000e+01 9.900000000000000000e+01
8.100000000000000000e+01 1.120000000000000000e+02
8.500000000000000000e+01 1.280000000000000000e+02
9.000000000000000000e+01 1.390000000000000000e+02
9.400000000000000000e+01 1.480000000000000000e+02
1.030000000000000000e+02 1.550000000000000000e+02
1.190000000000000000e+02 1.600000000000000000e+02
1.390000000000000000e+02 1.530000000000000000e+02
1.550000000000000000e+02 1.390000000000000000e+02
1.690000000000000000e+02 1.280000000000000000e+02
1.800000000000000000e+02 1.140000000000000000e+02
1.840000000000000000e+02 9.900000000000000000e+01
1.870000000000000000e+02 8.500000000000000000e+01
1.890000000000000000e+02 6.700000000000000000e+01
1.890000000000000000e+02 4.900000000000000000e+01
6.100000000000000000e+01 5.100000000000000000e+01
6.300000000000000000e+01 4.500000000000000000e+01
6.700000000000000000e+01 4.200000000000000000e+01
7.400000000000000000e+01 4.200000000000000000e+01
8.100000000000000000e+01 4.200000000000000000e+01
1.120000000000000000e+02 3.600000000000000000e+01
1.190000000000000000e+02 3.100000000000000000e+01
1.280000000000000000e+02 2.900000000000000000e+01
1.420000000000000000e+02 2.900000000000000000e+01
1.530000000000000000e+02 3.300000000000000000e+01
9.900000000000000000e+01 6.000000000000000000e+01
9.900000000000000000e+01 7.400000000000000000e+01
9.700000000000000000e+01 8.500000000000000000e+01
9.700000000000000000e+01 9.400000000000000000e+01
9.700000000000000000e+01 1.010000000000000000e+02
9.900000000000000000e+01 1.010000000000000000e+02
1.060000000000000000e+02 1.010000000000000000e+02
1.100000000000000000e+02 9.900000000000000000e+01
1.170000000000000000e+02 9.600000000000000000e+01
7.200000000000000000e+01 6.300000000000000000e+01
7.400000000000000000e+01 6.000000000000000000e+01
8.100000000000000000e+01 5.800000000000000000e+01
8.800000000000000000e+01 6.300000000000000000e+01
8.300000000000000000e+01 6.500000000000000000e+01
7.600000000000000000e+01 6.700000000000000000e+01
1.210000000000000000e+02 5.600000000000000000e+01
1.260000000000000000e+02 4.900000000000000000e+01
1.330000000000000000e+02 4.900000000000000000e+01
1.420000000000000000e+02 5.100000000000000000e+01
1.350000000000000000e+02 5.600000000000000000e+01
1.260000000000000000e+02 5.600000000000000000e+01
9.400000000000000000e+01 1.210000000000000000e+02
9.400000000000000000e+01 1.140000000000000000e+02
1.010000000000000000e+02 1.100000000000000000e+02
1.060000000000000000e+02 1.100000000000000000e+02
1.100000000000000000e+02 1.100000000000000000e+02
1.240000000000000000e+02 1.120000000000000000e+02
1.350000000000000000e+02 1.170000000000000000e+02
1.260000000000000000e+02 1.280000000000000000e+02
1.190000000000000000e+02 1.330000000000000000e+02
1.120000000000000000e+02 1.350000000000000000e+02
1.030000000000000000e+02 1.350000000000000000e+02
9.900000000000000000e+01 1.300000000000000000e+02
9.400000000000000000e+01 1.210000000000000000e+02
1.030000000000000000e+02 1.170000000000000000e+02
1.080000000000000000e+02 1.140000000000000000e+02
1.150000000000000000e+02 1.140000000000000000e+02
1.330000000000000000e+02 1.170000000000000000e+02
1.170000000000000000e+02 1.240000000000000000e+02
1.100000000000000000e+02 1.260000000000000000e+02
1.030000000000000000e+02 1.260000000000000000e+02
