6.700000000000000000e+01 6.800000000000000000e+01
7.100000000000000000e+01 8.600000000000000000e+01
7.600000000000000000e+01 9.900000000000000000e+01
7.800000000000000000e+01 1.130000000000000000e+02
8.300000000000000000e+01 1.280000000000000000e+02
8.700000000000000000e+01 1.400000000000000000e+02
9.400000000000000000e+01 1.490000000000000000e+02
1.030000000000000000e+02 1.560000000000000000e+02
1.210000000000000000e+02 1.580000000000000000e+02
1.390000000000000000e+02 1.510000000000000000e+02
1.550000000000000000e+02 1.400000000000000000e+02
1.680000000000000000e+02 1.280000000000000000e+02
1.770000000000000000e+02 1.150000000000000000e+02
1.820000000000000000e+02 9.900000000000000000e+01
1.840000000000000000e+02 8.300000000000000000e+01
1.860000000000000000e+02 6.800000000000000000e+01
1.860000000000000000e+02 5.200000000000000000e+01
6.000000000000000000e+01 5.200000000000000000e+01
6.200000000000000000e+01 4.700000000000000000e+01
6.700000000000000000e+01 4.300000000000000000e+01
7.400000000000000000e+01 4.300000000000000000e+01
8.000000000000000000e+01 4.500000000000000000e+01
1.120000000000000000e+02 3.600000000000000000e+01
1.190000000000000000e+02 3.400000000000000000e+01
1.280000000000000000e+02 2.900000000000000000e+01
1.410000000000000000e+02 2.900000000000000000e+01
1.520000000000000000e+02 3.600000000000000000e+01
9.800000000000000000e+01 6.100000000000000000e+01
9.800000000000000000e+01 7.400000000000000000e+01
9.800000000000000000e+01 8.300000000000000000e+01
9.800000000000000000e+01 9.200000000000000000e+01
9.600000000000000000e+01 9.900000000000000000e+01
1.010000000000000000e+02 1.010000000000000000e+02
1.050000000000000000e+02 1.010000000000000000e+02
1.120000000000000000e+02 9.900000000000000000e+01
1.160000000000000000e+02 9.700000000000000000e+01
6.900000000000000000e+01 6.500000000000000000e+01
7.400000000000000000e+01 6.100000000000000000e+01
8.000000000000000000e+01 6.100000000000000000e+01
8.900000000000000000e+01 6.300000000000000000e+01
8.300000000000000000e+01 6.800000000000000000e+01
7.600000000000000000e+01 6.800000000000000000e+01
1.210000000000000000e+02 5.600000000000000000e+01
1.250000000000000000e+02 5.200000000000000000e+01
1.320000000000000000e+02 5.000000000000000000e+01
1.410000000000000000e+02 5.200000000000000000e+01
1.340000000000000000e+02 5.600000000000000000e+01
1.250000000000000000e+02 5.900000000000000000e+01
9.400000000000000000e+01 1.220000000000000000e+02
9.600000000000000000e+01 1.170000000000000000e+02
1.030000000000000000e+02 1.130000000000000000e+02
1.070000000000000000e+02 1.130000000000000000e+02
1.120000000000000000e+02 1.100000000000000000e+02
1.230000000000000000e+02 1.130000000000000000e+02
1.340000000000000000e+02 1.170000000000000000e+02
1.250000000000000000e+02 1.260000000000000000e+02
1.210000000000000000e+02 1.310000000000000000e+02
1.120000000000000000e+02 1.330000000000000000e+02
1.050000000000000000e+02 1.310000000000000000e+02
9.800000000000000000e+01 1.280000000000000000e+02
9.400000000000000000e+01 1.220000000000000000e+02
1.030000000000000000e+02 1.170000000000000000e+02
1.100000000000000000e+02 1.170000000000000000e+02
1.160000000000000000e+02 1.150000000000000000e+02
1.320000000000000000e+02 1.170000000000000000e+02
1.190000000000000000e+02 1.220000000000000000e+02
1.120000000000000000e+02 1.240000000000000000e+02
1.050000000000000000e+02 1.240000000000000000e+02
