5.900000000000000000e+01 5.000000000000000000e+01
5.900000000000000000e+01 6.700000000000000000e+01
5.900000000000000000e+01 8.500000000000000000e+01
6.100000000000000000e+01 9.800000000000000000e+01
6.100000000000000000e+01 1.140000000000000000e+02
6.300000000000000000e+01 1.270000000000000000e+02
6.800000000000000000e+01 1.380000000000000000e+02
7.400000000000000000e+01 1.490000000000000000e+02
9.200000000000000000e+01 1.560000000000000000e+02
1.120000000000000000e+02 1.540000000000000000e+02
1.300000000000000000e+02 1.450000000000000000e+02
1.470000000000000000e+02 1.380000000000000000e+02
1.610000000000000000e+02 1.250000000000000000e+02
1.700000000000000000e+02 1.100000000000000000e+02
1.760000000000000000e+02 9.600000000000000000e+01
1.810000000000000000e+02 8.100000000000000000e+01
1.850000000000000000e+02 6.300000000000000000e+01
5.700000000000000000e+01 3.400000000000000000e+01
6.100000000000000000e+01 3.000000000000000000e+01
7.000000000000000000e+01 2.800000000000000000e+01
7.700000000000000000e+01 3.000000000000000000e+01
8.300000000000000000e+01 3.400000000000000000e+01
1.190000000000000000e+02 3.600000000000000000e+01
1.250000000000000000e+02 3.400000000000000000e+01
1.360000000000000000e+02 3.400000000000000000e+01
1.470000000000000000e+02 3.900000000000000000e+01
1.560000000000000000e+02 4.800000000000000000e+01
9.900000000000000000e+01 5.600000000000000000e+01
9.400000000000000000e+01 6.700000000000000000e+01
9.200000000000000000e+01 7.900000000000000000e+01
9.000000000000000000e+01 8.700000000000000000e+01
8.300000000000000000e+01 9.200000000000000000e+01
8.800000000000000000e+01 9.400000000000000000e+01
9.200000000000000000e+01 9.600000000000000000e+01
9.900000000000000000e+01 9.600000000000000000e+01
1.050000000000000000e+02 9.600000000000000000e+01
6.500000000000000000e+01 5.200000000000000000e+01
7.000000000000000000e+01 5.000000000000000000e+01
7.700000000000000000e+01 5.200000000000000000e+01
8.300000000000000000e+01 5.600000000000000000e+01
7.700000000000000000e+01 5.600000000000000000e+01
7.000000000000000000e+01 5.600000000000000000e+01
1.210000000000000000e+02 6.100000000000000000e+01
1.270000000000000000e+02 5.900000000000000000e+01
1.340000000000000000e+02 6.100000000000000000e+01
1.430000000000000000e+02 6.300000000000000000e+01
1.340000000000000000e+02 6.500000000000000000e+01
1.250000000000000000e+02 6.300000000000000000e+01
7.200000000000000000e+01 1.120000000000000000e+02
7.700000000000000000e+01 1.070000000000000000e+02
8.500000000000000000e+01 1.050000000000000000e+02
9.200000000000000000e+01 1.050000000000000000e+02
9.600000000000000000e+01 1.050000000000000000e+02
1.080000000000000000e+02 1.120000000000000000e+02
1.190000000000000000e+02 1.160000000000000000e+02
1.080000000000000000e+02 1.230000000000000000e+02
9.900000000000000000e+01 1.270000000000000000e+02
9.000000000000000000e+01 1.250000000000000000e+02
8.300000000000000000e+01 1.230000000000000000e+02
7.700000000000000000e+01 1.180000000000000000e+02
7.400000000000000000e+01 1.120000000000000000e+02
8.500000000000000000e+01 1.100000000000000000e+02
9.200000000000000000e+01 1.120000000000000000e+02
9.900000000000000000e+01 1.120000000000000000e+02
1.160000000000000000e+02 1.160000000000000000e+02
9.900000000000000000e+01 1.180000000000000000e+02
9.200000000000000000e+01 1.180000000000000000e+02
8.500000000000000000e+01 1.160000000000000000e+02
