4.800000000000000000e+01 5.400000000000000000e+01
5.000000000000000000e+01 7.100000000000000000e+01
5.400000000000000000e+01 8.600000000000000000e+01
5.900000000000000000e+01 1.010000000000000000e+02
6.500000000000000000e+01 1.170000000000000000e+02
7.400000000000000000e+01 1.300000000000000000e+02
8.500000000000000000e+01 1.380000000000000000e+02
9.800000000000000000e+01 1.490000000000000000e+02
1.170000000000000000e+02 1.530000000000000000e+02
1.350000000000000000e+02 1.450000000000000000e+02
1.480000000000000000e+02 1.340000000000000000e+02
1.570000000000000000e+02 1.230000000000000000e+02
1.650000000000000000e+02 1.100000000000000000e+02
1.700000000000000000e+02 9.300000000000000000e+01
1.740000000000000000e+02 8.000000000000000000e+01
1.760000000000000000e+02 6.200000000000000000e+01
1.760000000000000000e+02 4.500000000000000000e+01
5.900000000000000000e+01 3.800000000000000000e+01
6.500000000000000000e+01 3.400000000000000000e+01
7.400000000000000000e+01 3.200000000000000000e+01
8.300000000000000000e+01 3.200000000000000000e+01
9.100000000000000000e+01 3.400000000000000000e+01
1.260000000000000000e+02 3.000000000000000000e+01
1.350000000000000000e+02 2.700000000000000000e+01
1.430000000000000000e+02 2.300000000000000000e+01
1.540000000000000000e+02 2.500000000000000000e+01
1.630000000000000000e+02 3.000000000000000000e+01
1.110000000000000000e+02 5.100000000000000000e+01
1.110000000000000000e+02 6.400000000000000000e+01
1.110000000000000000e+02 7.700000000000000000e+01
1.110000000000000000e+02 8.600000000000000000e+01
1.020000000000000000e+02 9.300000000000000000e+01
1.070000000000000000e+02 9.500000000000000000e+01
1.130000000000000000e+02 9.500000000000000000e+01
1.200000000000000000e+02 9.300000000000000000e+01
1.240000000000000000e+02 9.000000000000000000e+01
7.200000000000000000e+01 5.400000000000000000e+01
7.600000000000000000e+01 4.900000000000000000e+01
8.500000000000000000e+01 4.900000000000000000e+01
9.400000000000000000e+01 5.400000000000000000e+01
8.500000000000000000e+01 5.600000000000000000e+01
7.800000000000000000e+01 5.800000000000000000e+01
1.300000000000000000e+02 4.900000000000000000e+01
1.370000000000000000e+02 4.500000000000000000e+01
1.460000000000000000e+02 4.300000000000000000e+01
1.520000000000000000e+02 4.700000000000000000e+01
1.460000000000000000e+02 5.100000000000000000e+01
1.370000000000000000e+02 5.100000000000000000e+01
9.400000000000000000e+01 1.140000000000000000e+02
9.800000000000000000e+01 1.100000000000000000e+02
1.090000000000000000e+02 1.060000000000000000e+02
1.130000000000000000e+02 1.060000000000000000e+02
1.200000000000000000e+02 1.060000000000000000e+02
1.300000000000000000e+02 1.080000000000000000e+02
1.390000000000000000e+02 1.120000000000000000e+02
1.300000000000000000e+02 1.230000000000000000e+02
1.240000000000000000e+02 1.300000000000000000e+02
1.150000000000000000e+02 1.300000000000000000e+02
1.070000000000000000e+02 1.300000000000000000e+02
1.000000000000000000e+02 1.250000000000000000e+02
9.400000000000000000e+01 1.140000000000000000e+02
1.070000000000000000e+02 1.120000000000000000e+02
1.150000000000000000e+02 1.100000000000000000e+02
1.220000000000000000e+02 1.100000000000000000e+02
1.370000000000000000e+02 1.120000000000000000e+02
1.220000000000000000e+02 1.210000000000000000e+02
1.150000000000000000e+02 1.210000000000000000e+02
1.070000000000000000e+02 1.210000000000000000e+02
