5.400000000000000000e+01 3.600000000000000000e+01
5.400000000000000000e+01 5.300000000000000000e+01
5.600000000000000000e+01 6.800000000000000000e+01
5.800000000000000000e+01 8.300000000000000000e+01
6.200000000000000000e+01 1.000000000000000000e+02
6.700000000000000000e+01 1.140000000000000000e+02
7.500000000000000000e+01 1.270000000000000000e+02
8.600000000000000000e+01 1.400000000000000000e+02
1.030000000000000000e+02 1.510000000000000000e+02
1.220000000000000000e+02 1.440000000000000000e+02
1.390000000000000000e+02 1.340000000000000000e+02
1.540000000000000000e+02 1.230000000000000000e+02
1.640000000000000000e+02 1.080000000000000000e+02
1.730000000000000000e+02 9.300000000000000000e+01
1.790000000000000000e+02 7.800000000000000000e+01
1.830000000000000000e+02 6.400000000000000000e+01
1.880000000000000000e+02 4.400000000000000000e+01
6.000000000000000000e+01 3.200000000000000000e+01
6.700000000000000000e+01 3.000000000000000000e+01
7.500000000000000000e+01 3.000000000000000000e+01
8.400000000000000000e+01 3.200000000000000000e+01
9.200000000000000000e+01 3.600000000000000000e+01
1.260000000000000000e+02 3.800000000000000000e+01
1.350000000000000000e+02 3.600000000000000000e+01
1.450000000000000000e+02 3.400000000000000000e+01
1.580000000000000000e+02 3.600000000000000000e+01
1.660000000000000000e+02 4.200000000000000000e+01
1.070000000000000000e+02 5.700000000000000000e+01
1.050000000000000000e+02 7.200000000000000000e+01
1.030000000000000000e+02 8.500000000000000000e+01
1.030000000000000000e+02 9.300000000000000000e+01
9.400000000000000000e+01 9.500000000000000000e+01
9.800000000000000000e+01 9.700000000000000000e+01
1.050000000000000000e+02 1.000000000000000000e+02
1.110000000000000000e+02 1.000000000000000000e+02
1.150000000000000000e+02 9.700000000000000000e+01
7.100000000000000000e+01 4.900000000000000000e+01
7.500000000000000000e+01 4.700000000000000000e+01
8.400000000000000000e+01 4.900000000000000000e+01
9.200000000000000000e+01 5.300000000000000000e+01
8.400000000000000000e+01 5.500000000000000000e+01
7.700000000000000000e+01 5.300000000000000000e+01
1.280000000000000000e+02 5.700000000000000000e+01
1.370000000000000000e+02 5.300000000000000000e+01
1.450000000000000000e+02 5.300000000000000000e+01
1.520000000000000000e+02 5.700000000000000000e+01
1.450000000000000000e+02 6.100000000000000000e+01
1.350000000000000000e+02 5.900000000000000000e+01
8.100000000000000000e+01 1.080000000000000000e+02
8.800000000000000000e+01 1.080000000000000000e+02
9.800000000000000000e+01 1.080000000000000000e+02
1.030000000000000000e+02 1.100000000000000000e+02
1.090000000000000000e+02 1.100000000000000000e+02
1.200000000000000000e+02 1.140000000000000000e+02
1.280000000000000000e+02 1.140000000000000000e+02
1.200000000000000000e+02 1.230000000000000000e+02
1.110000000000000000e+02 1.270000000000000000e+02
1.030000000000000000e+02 1.270000000000000000e+02
9.400000000000000000e+01 1.250000000000000000e+02
8.800000000000000000e+01 1.190000000000000000e+02
8.400000000000000000e+01 1.080000000000000000e+02
9.600000000000000000e+01 1.140000000000000000e+02
1.030000000000000000e+02 1.140000000000000000e+02
1.110000000000000000e+02 1.140000000000000000e+02
1.280000000000000000e+02 1.140000000000000000e+02
1.090000000000000000e+02 1.190000000000000000e+02
1.030000000000000000e+02 1.190000000000000000e+02
9.600000000000000000e+01 1.170000000000000000e+02
