2.400000000000000000e+01 6.000000000000000000e+01
2.400000000000000000e+01 8.200000000000000000e+01
2.700000000000000000e+01 1.020000000000000000e+02
3.200000000000000000e+01 1.170000000000000000e+02
3.600000000000000000e+01 1.320000000000000000e+02
4.600000000000000000e+01 1.410000000000000000e+02
5.600000000000000000e+01 1.460000000000000000e+02
7.100000000000000000e+01 1.510000000000000000e+02
9.300000000000000000e+01 1.560000000000000000e+02
1.180000000000000000e+02 1.540000000000000000e+02
1.380000000000000000e+02 1.510000000000000000e+02
1.520000000000000000e+02 1.490000000000000000e+02
1.670000000000000000e+02 1.410000000000000000e+02
1.770000000000000000e+02 1.290000000000000000e+02
1.820000000000000000e+02 1.140000000000000000e+02
1.890000000000000000e+02 9.700000000000000000e+01
1.940000000000000000e+02 7.700000000000000000e+01
3.900000000000000000e+01 3.800000000000000000e+01
4.900000000000000000e+01 3.300000000000000000e+01
6.100000000000000000e+01 3.000000000000000000e+01
7.100000000000000000e+01 3.000000000000000000e+01
8.100000000000000000e+01 3.300000000000000000e+01
1.200000000000000000e+02 3.800000000000000000e+01
1.330000000000000000e+02 3.500000000000000000e+01
1.450000000000000000e+02 3.500000000000000000e+01
1.600000000000000000e+02 4.000000000000000000e+01
1.720000000000000000e+02 4.800000000000000000e+01
1.010000000000000000e+02 5.000000000000000000e+01
9.800000000000000000e+01 5.800000000000000000e+01
9.300000000000000000e+01 7.000000000000000000e+01
9.300000000000000000e+01 7.700000000000000000e+01
8.300000000000000000e+01 8.500000000000000000e+01
8.800000000000000000e+01 8.700000000000000000e+01
9.600000000000000000e+01 9.000000000000000000e+01
1.030000000000000000e+02 8.700000000000000000e+01
1.100000000000000000e+02 8.700000000000000000e+01
5.400000000000000000e+01 5.300000000000000000e+01
6.100000000000000000e+01 5.000000000000000000e+01
7.100000000000000000e+01 5.000000000000000000e+01
7.800000000000000000e+01 5.300000000000000000e+01
7.100000000000000000e+01 5.300000000000000000e+01
6.100000000000000000e+01 5.500000000000000000e+01
1.250000000000000000e+02 5.500000000000000000e+01
1.330000000000000000e+02 5.300000000000000000e+01
1.430000000000000000e+02 5.500000000000000000e+01
1.520000000000000000e+02 5.800000000000000000e+01
1.430000000000000000e+02 6.000000000000000000e+01
1.330000000000000000e+02 5.800000000000000000e+01
6.900000000000000000e+01 1.090000000000000000e+02
7.600000000000000000e+01 1.040000000000000000e+02
8.800000000000000000e+01 9.900000000000000000e+01
9.600000000000000000e+01 1.020000000000000000e+02
1.030000000000000000e+02 9.900000000000000000e+01
1.150000000000000000e+02 1.040000000000000000e+02
1.250000000000000000e+02 1.120000000000000000e+02
1.130000000000000000e+02 1.220000000000000000e+02
1.060000000000000000e+02 1.240000000000000000e+02
9.300000000000000000e+01 1.270000000000000000e+02
8.300000000000000000e+01 1.240000000000000000e+02
7.600000000000000000e+01 1.190000000000000000e+02
7.100000000000000000e+01 1.090000000000000000e+02
8.600000000000000000e+01 1.070000000000000000e+02
9.600000000000000000e+01 1.070000000000000000e+02
1.030000000000000000e+02 1.070000000000000000e+02
1.230000000000000000e+02 1.120000000000000000e+02
1.030000000000000000e+02 1.140000000000000000e+02
9.600000000000000000e+01 1.140000000000000000e+02
8.600000000000000000e+01 1.140000000000000000e+02
