2.200000000000000000e+01 5.000000000000000000e+01
2.500000000000000000e+01 7.300000000000000000e+01
3.000000000000000000e+01 9.300000000000000000e+01
3.500000000000000000e+01 1.110000000000000000e+02
4.300000000000000000e+01 1.290000000000000000e+02
5.500000000000000000e+01 1.410000000000000000e+02
6.800000000000000000e+01 1.490000000000000000e+02
8.600000000000000000e+01 1.570000000000000000e+02
1.110000000000000000e+02 1.620000000000000000e+02
1.370000000000000000e+02 1.540000000000000000e+02
1.600000000000000000e+02 1.460000000000000000e+02
1.770000000000000000e+02 1.360000000000000000e+02
1.900000000000000000e+02 1.230000000000000000e+02
1.980000000000000000e+02 1.030000000000000000e+02
2.030000000000000000e+02 8.800000000000000000e+01
2.050000000000000000e+02 6.800000000000000000e+01
2.080000000000000000e+02 4.500000000000000000e+01
3.800000000000000000e+01 4.200000000000000000e+01
4.800000000000000000e+01 4.200000000000000000e+01
6.000000000000000000e+01 4.000000000000000000e+01
7.300000000000000000e+01 4.000000000000000000e+01
8.300000000000000000e+01 4.200000000000000000e+01
1.240000000000000000e+02 4.200000000000000000e+01
1.340000000000000000e+02 4.200000000000000000e+01
1.470000000000000000e+02 4.000000000000000000e+01
1.620000000000000000e+02 4.200000000000000000e+01
1.770000000000000000e+02 4.200000000000000000e+01
1.040000000000000000e+02 5.500000000000000000e+01
1.040000000000000000e+02 6.800000000000000000e+01
1.010000000000000000e+02 8.000000000000000000e+01
1.010000000000000000e+02 8.800000000000000000e+01
9.100000000000000000e+01 9.300000000000000000e+01
9.600000000000000000e+01 9.500000000000000000e+01
1.060000000000000000e+02 9.500000000000000000e+01
1.140000000000000000e+02 9.300000000000000000e+01
1.220000000000000000e+02 9.000000000000000000e+01
5.500000000000000000e+01 5.500000000000000000e+01
6.300000000000000000e+01 5.500000000000000000e+01
7.300000000000000000e+01 5.200000000000000000e+01
8.100000000000000000e+01 5.500000000000000000e+01
7.300000000000000000e+01 5.700000000000000000e+01
6.300000000000000000e+01 5.700000000000000000e+01
1.290000000000000000e+02 5.500000000000000000e+01
1.390000000000000000e+02 5.200000000000000000e+01
1.490000000000000000e+02 5.200000000000000000e+01
1.570000000000000000e+02 5.500000000000000000e+01
1.490000000000000000e+02 5.700000000000000000e+01
1.370000000000000000e+02 5.700000000000000000e+01
7.800000000000000000e+01 1.160000000000000000e+02
8.600000000000000000e+01 1.110000000000000000e+02
9.900000000000000000e+01 1.080000000000000000e+02
1.060000000000000000e+02 1.110000000000000000e+02
1.140000000000000000e+02 1.080000000000000000e+02
1.270000000000000000e+02 1.110000000000000000e+02
1.390000000000000000e+02 1.130000000000000000e+02
1.270000000000000000e+02 1.210000000000000000e+02
1.160000000000000000e+02 1.260000000000000000e+02
1.060000000000000000e+02 1.290000000000000000e+02
9.600000000000000000e+01 1.290000000000000000e+02
8.800000000000000000e+01 1.230000000000000000e+02
8.100000000000000000e+01 1.160000000000000000e+02
9.600000000000000000e+01 1.130000000000000000e+02
1.060000000000000000e+02 1.160000000000000000e+02
1.160000000000000000e+02 1.130000000000000000e+02
1.370000000000000000e+02 1.130000000000000000e+02
1.160000000000000000e+02 1.160000000000000000e+02
1.060000000000000000e+02 1.160000000000000000e+02
9.900000000000000000e+01 1.160000000000000000e+02
