1.900000000000000000e+01 5.100000000000000000e+01
2.200000000000000000e+01 7.300000000000000000e+01
2.700000000000000000e+01 9.300000000000000000e+01
3.200000000000000000e+01 1.110000000000000000e+02
3.900000000000000000e+01 1.290000000000000000e+02
5.200000000000000000e+01 1.440000000000000000e+02
6.500000000000000000e+01 1.510000000000000000e+02
8.200000000000000000e+01 1.560000000000000000e+02
1.100000000000000000e+02 1.610000000000000000e+02
1.350000000000000000e+02 1.560000000000000000e+02
1.550000000000000000e+02 1.490000000000000000e+02
1.730000000000000000e+02 1.410000000000000000e+02
1.830000000000000000e+02 1.260000000000000000e+02
1.930000000000000000e+02 1.110000000000000000e+02
1.980000000000000000e+02 9.300000000000000000e+01
2.030000000000000000e+02 7.600000000000000000e+01
2.050000000000000000e+02 5.300000000000000000e+01
3.700000000000000000e+01 4.300000000000000000e+01
4.900000000000000000e+01 4.100000000000000000e+01
6.200000000000000000e+01 4.100000000000000000e+01
7.500000000000000000e+01 4.100000000000000000e+01
8.500000000000000000e+01 4.100000000000000000e+01
1.250000000000000000e+02 4.300000000000000000e+01
1.350000000000000000e+02 4.100000000000000000e+01
1.470000000000000000e+02 4.100000000000000000e+01
1.620000000000000000e+02 4.300000000000000000e+01
1.750000000000000000e+02 4.600000000000000000e+01
1.050000000000000000e+02 5.600000000000000000e+01
1.050000000000000000e+02 6.800000000000000000e+01
1.020000000000000000e+02 8.100000000000000000e+01
1.020000000000000000e+02 8.800000000000000000e+01
9.000000000000000000e+01 9.300000000000000000e+01
9.700000000000000000e+01 9.600000000000000000e+01
1.050000000000000000e+02 9.900000000000000000e+01
1.120000000000000000e+02 9.600000000000000000e+01
1.200000000000000000e+02 9.300000000000000000e+01
5.400000000000000000e+01 5.600000000000000000e+01
6.500000000000000000e+01 5.600000000000000000e+01
7.200000000000000000e+01 5.300000000000000000e+01
8.200000000000000000e+01 5.600000000000000000e+01
7.500000000000000000e+01 5.800000000000000000e+01
6.500000000000000000e+01 5.800000000000000000e+01
1.300000000000000000e+02 5.600000000000000000e+01
1.370000000000000000e+02 5.600000000000000000e+01
1.470000000000000000e+02 5.600000000000000000e+01
1.570000000000000000e+02 5.800000000000000000e+01
1.470000000000000000e+02 6.100000000000000000e+01
1.370000000000000000e+02 5.800000000000000000e+01
7.700000000000000000e+01 1.160000000000000000e+02
8.500000000000000000e+01 1.140000000000000000e+02
9.700000000000000000e+01 1.110000000000000000e+02
1.050000000000000000e+02 1.110000000000000000e+02
1.120000000000000000e+02 1.110000000000000000e+02
1.250000000000000000e+02 1.140000000000000000e+02
1.350000000000000000e+02 1.190000000000000000e+02
1.250000000000000000e+02 1.240000000000000000e+02
1.150000000000000000e+02 1.260000000000000000e+02
1.050000000000000000e+02 1.260000000000000000e+02
9.700000000000000000e+01 1.260000000000000000e+02
8.700000000000000000e+01 1.240000000000000000e+02
8.000000000000000000e+01 1.160000000000000000e+02
9.700000000000000000e+01 1.160000000000000000e+02
1.050000000000000000e+02 1.160000000000000000e+02
1.150000000000000000e+02 1.160000000000000000e+02
1.320000000000000000e+02 1.160000000000000000e+02
1.150000000000000000e+02 1.160000000000000000e+02
1.050000000000000000e+02 1.160000000000000000e+02
9.700000000000000000e+01 1.160000000000000000e+02
