1.200000000000000000e+01 4.700000000000000000e+01
1.500000000000000000e+01 6.900000000000000000e+01
2.000000000000000000e+01 9.200000000000000000e+01
2.200000000000000000e+01 1.070000000000000000e+02
3.200000000000000000e+01 1.270000000000000000e+02
4.500000000000000000e+01 1.420000000000000000e+02
6.200000000000000000e+01 1.520000000000000000e+02
8.200000000000000000e+01 1.570000000000000000e+02
1.100000000000000000e+02 1.620000000000000000e+02
1.350000000000000000e+02 1.570000000000000000e+02
1.550000000000000000e+02 1.490000000000000000e+02
1.720000000000000000e+02 1.390000000000000000e+02
1.820000000000000000e+02 1.270000000000000000e+02
1.920000000000000000e+02 1.090000000000000000e+02
1.970000000000000000e+02 9.400000000000000000e+01
2.000000000000000000e+02 7.400000000000000000e+01
2.020000000000000000e+02 5.200000000000000000e+01
3.700000000000000000e+01 4.400000000000000000e+01
5.000000000000000000e+01 4.400000000000000000e+01
6.500000000000000000e+01 4.400000000000000000e+01
7.700000000000000000e+01 4.200000000000000000e+01
8.700000000000000000e+01 4.400000000000000000e+01
1.270000000000000000e+02 4.400000000000000000e+01
1.400000000000000000e+02 4.200000000000000000e+01
1.520000000000000000e+02 4.200000000000000000e+01
1.670000000000000000e+02 4.400000000000000000e+01
1.800000000000000000e+02 4.400000000000000000e+01
1.070000000000000000e+02 5.700000000000000000e+01
1.070000000000000000e+02 6.900000000000000000e+01
1.070000000000000000e+02 8.200000000000000000e+01
1.070000000000000000e+02 9.200000000000000000e+01
9.200000000000000000e+01 9.700000000000000000e+01
1.000000000000000000e+02 9.700000000000000000e+01
1.070000000000000000e+02 9.900000000000000000e+01
1.150000000000000000e+02 9.700000000000000000e+01
1.220000000000000000e+02 9.400000000000000000e+01
5.500000000000000000e+01 5.700000000000000000e+01
6.500000000000000000e+01 5.700000000000000000e+01
7.500000000000000000e+01 5.400000000000000000e+01
8.200000000000000000e+01 5.700000000000000000e+01
7.500000000000000000e+01 5.900000000000000000e+01
6.500000000000000000e+01 5.900000000000000000e+01
1.320000000000000000e+02 5.700000000000000000e+01
1.420000000000000000e+02 5.400000000000000000e+01
1.520000000000000000e+02 5.700000000000000000e+01
1.600000000000000000e+02 5.700000000000000000e+01
1.520000000000000000e+02 5.900000000000000000e+01
1.400000000000000000e+02 5.900000000000000000e+01
8.200000000000000000e+01 1.220000000000000000e+02
9.000000000000000000e+01 1.170000000000000000e+02
1.020000000000000000e+02 1.140000000000000000e+02
1.070000000000000000e+02 1.140000000000000000e+02
1.150000000000000000e+02 1.120000000000000000e+02
1.270000000000000000e+02 1.170000000000000000e+02
1.370000000000000000e+02 1.190000000000000000e+02
1.270000000000000000e+02 1.270000000000000000e+02
1.170000000000000000e+02 1.320000000000000000e+02
1.100000000000000000e+02 1.320000000000000000e+02
1.000000000000000000e+02 1.320000000000000000e+02
9.000000000000000000e+01 1.270000000000000000e+02
8.200000000000000000e+01 1.220000000000000000e+02
1.000000000000000000e+02 1.220000000000000000e+02
1.100000000000000000e+02 1.190000000000000000e+02
1.170000000000000000e+02 1.190000000000000000e+02
1.350000000000000000e+02 1.190000000000000000e+02
1.170000000000000000e+02 1.190000000000000000e+02
1.100000000000000000e+02 1.220000000000000000e+02
1.000000000000000000e+02 1.220000000000000000e+02
