2.600000000000000000e+01 6.500000000000000000e+01
2.800000000000000000e+01 8.800000000000000000e+01
3.300000000000000000e+01 1.080000000000000000e+02
3.800000000000000000e+01 1.230000000000000000e+02
4.600000000000000000e+01 1.400000000000000000e+02
5.800000000000000000e+01 1.500000000000000000e+02
7.100000000000000000e+01 1.530000000000000000e+02
8.800000000000000000e+01 1.580000000000000000e+02
1.110000000000000000e+02 1.600000000000000000e+02
1.360000000000000000e+02 1.530000000000000000e+02
1.560000000000000000e+02 1.500000000000000000e+02
1.710000000000000000e+02 1.450000000000000000e+02
1.830000000000000000e+02 1.350000000000000000e+02
1.910000000000000000e+02 1.200000000000000000e+02
1.930000000000000000e+02 1.080000000000000000e+02
1.980000000000000000e+02 9.000000000000000000e+01
2.010000000000000000e+02 6.800000000000000000e+01
3.800000000000000000e+01 4.800000000000000000e+01
5.100000000000000000e+01 4.300000000000000000e+01
6.100000000000000000e+01 4.000000000000000000e+01
7.300000000000000000e+01 4.000000000000000000e+01
8.300000000000000000e+01 4.000000000000000000e+01
1.230000000000000000e+02 4.000000000000000000e+01
1.330000000000000000e+02 4.000000000000000000e+01
1.460000000000000000e+02 4.000000000000000000e+01
1.610000000000000000e+02 4.300000000000000000e+01
1.760000000000000000e+02 4.500000000000000000e+01
1.030000000000000000e+02 5.300000000000000000e+01
1.030000000000000000e+02 6.300000000000000000e+01
1.010000000000000000e+02 7.500000000000000000e+01
1.030000000000000000e+02 8.500000000000000000e+01
9.100000000000000000e+01 9.300000000000000000e+01
9.600000000000000000e+01 9.500000000000000000e+01
1.060000000000000000e+02 9.500000000000000000e+01
1.130000000000000000e+02 9.300000000000000000e+01
1.210000000000000000e+02 9.000000000000000000e+01
5.600000000000000000e+01 5.800000000000000000e+01
6.300000000000000000e+01 5.500000000000000000e+01
7.300000000000000000e+01 5.300000000000000000e+01
8.100000000000000000e+01 5.500000000000000000e+01
7.300000000000000000e+01 5.800000000000000000e+01
6.300000000000000000e+01 6.000000000000000000e+01
1.280000000000000000e+02 5.500000000000000000e+01
1.380000000000000000e+02 5.300000000000000000e+01
1.480000000000000000e+02 5.500000000000000000e+01
1.560000000000000000e+02 5.500000000000000000e+01
1.480000000000000000e+02 5.800000000000000000e+01
1.380000000000000000e+02 5.800000000000000000e+01
7.800000000000000000e+01 1.180000000000000000e+02
8.800000000000000000e+01 1.130000000000000000e+02
1.010000000000000000e+02 1.100000000000000000e+02
1.060000000000000000e+02 1.100000000000000000e+02
1.130000000000000000e+02 1.080000000000000000e+02
1.280000000000000000e+02 1.130000000000000000e+02
1.410000000000000000e+02 1.150000000000000000e+02
1.280000000000000000e+02 1.200000000000000000e+02
1.180000000000000000e+02 1.230000000000000000e+02
1.080000000000000000e+02 1.230000000000000000e+02
9.800000000000000000e+01 1.230000000000000000e+02
9.100000000000000000e+01 1.200000000000000000e+02
8.100000000000000000e+01 1.180000000000000000e+02
9.800000000000000000e+01 1.150000000000000000e+02
1.080000000000000000e+02 1.150000000000000000e+02
1.160000000000000000e+02 1.150000000000000000e+02
1.380000000000000000e+02 1.150000000000000000e+02
1.160000000000000000e+02 1.130000000000000000e+02
1.080000000000000000e+02 1.130000000000000000e+02
9.800000000000000000e+01 1.130000000000000000e+02
