2.000000000000000000e+01 5.100000000000000000e+01
2.300000000000000000e+01 7.300000000000000000e+01
2.800000000000000000e+01 9.300000000000000000e+01
3.300000000000000000e+01 1.110000000000000000e+02
4.000000000000000000e+01 1.280000000000000000e+02
5.300000000000000000e+01 1.430000000000000000e+02
6.800000000000000000e+01 1.510000000000000000e+02
8.500000000000000000e+01 1.560000000000000000e+02
1.130000000000000000e+02 1.630000000000000000e+02
1.360000000000000000e+02 1.580000000000000000e+02
1.560000000000000000e+02 1.510000000000000000e+02
1.680000000000000000e+02 1.410000000000000000e+02
1.810000000000000000e+02 1.280000000000000000e+02
1.880000000000000000e+02 1.110000000000000000e+02
1.930000000000000000e+02 9.600000000000000000e+01
1.980000000000000000e+02 7.800000000000000000e+01
2.030000000000000000e+02 5.600000000000000000e+01
4.300000000000000000e+01 4.100000000000000000e+01
5.300000000000000000e+01 4.100000000000000000e+01
6.800000000000000000e+01 3.800000000000000000e+01
8.000000000000000000e+01 4.100000000000000000e+01
9.000000000000000000e+01 4.100000000000000000e+01
1.310000000000000000e+02 4.300000000000000000e+01
1.430000000000000000e+02 4.100000000000000000e+01
1.560000000000000000e+02 4.100000000000000000e+01
1.710000000000000000e+02 4.300000000000000000e+01
1.830000000000000000e+02 4.600000000000000000e+01
1.110000000000000000e+02 5.600000000000000000e+01
1.110000000000000000e+02 6.800000000000000000e+01
1.110000000000000000e+02 8.100000000000000000e+01
1.110000000000000000e+02 8.800000000000000000e+01
9.500000000000000000e+01 9.300000000000000000e+01
1.030000000000000000e+02 9.600000000000000000e+01
1.110000000000000000e+02 9.800000000000000000e+01
1.210000000000000000e+02 9.600000000000000000e+01
1.260000000000000000e+02 9.300000000000000000e+01
5.800000000000000000e+01 5.600000000000000000e+01
6.800000000000000000e+01 5.300000000000000000e+01
7.800000000000000000e+01 5.300000000000000000e+01
8.500000000000000000e+01 5.600000000000000000e+01
7.800000000000000000e+01 5.800000000000000000e+01
6.800000000000000000e+01 5.800000000000000000e+01
1.360000000000000000e+02 5.600000000000000000e+01
1.430000000000000000e+02 5.300000000000000000e+01
1.530000000000000000e+02 5.600000000000000000e+01
1.630000000000000000e+02 5.800000000000000000e+01
1.530000000000000000e+02 6.100000000000000000e+01
1.430000000000000000e+02 5.800000000000000000e+01
8.000000000000000000e+01 1.160000000000000000e+02
9.000000000000000000e+01 1.130000000000000000e+02
1.030000000000000000e+02 1.110000000000000000e+02
1.110000000000000000e+02 1.110000000000000000e+02
1.180000000000000000e+02 1.110000000000000000e+02
1.330000000000000000e+02 1.130000000000000000e+02
1.430000000000000000e+02 1.160000000000000000e+02
1.310000000000000000e+02 1.230000000000000000e+02
1.210000000000000000e+02 1.260000000000000000e+02
1.130000000000000000e+02 1.260000000000000000e+02
1.030000000000000000e+02 1.260000000000000000e+02
9.300000000000000000e+01 1.230000000000000000e+02
8.300000000000000000e+01 1.160000000000000000e+02
1.030000000000000000e+02 1.160000000000000000e+02
1.110000000000000000e+02 1.180000000000000000e+02
1.210000000000000000e+02 1.180000000000000000e+02
1.410000000000000000e+02 1.160000000000000000e+02
1.210000000000000000e+02 1.160000000000000000e+02
1.110000000000000000e+02 1.160000000000000000e+02
1.030000000000000000e+02 1.160000000000000000e+02
