2.000000000000000000e+01 6.400000000000000000e+01
2.200000000000000000e+01 8.700000000000000000e+01
3.000000000000000000e+01 1.070000000000000000e+02
3.500000000000000000e+01 1.230000000000000000e+02
4.300000000000000000e+01 1.380000000000000000e+02
5.600000000000000000e+01 1.510000000000000000e+02
6.800000000000000000e+01 1.560000000000000000e+02
8.600000000000000000e+01 1.590000000000000000e+02
1.120000000000000000e+02 1.610000000000000000e+02
1.350000000000000000e+02 1.560000000000000000e+02
1.530000000000000000e+02 1.480000000000000000e+02
1.680000000000000000e+02 1.410000000000000000e+02
1.790000000000000000e+02 1.300000000000000000e+02
1.840000000000000000e+02 1.120000000000000000e+02
1.860000000000000000e+02 9.700000000000000000e+01
1.910000000000000000e+02 7.900000000000000000e+01
1.940000000000000000e+02 5.600000000000000000e+01
3.500000000000000000e+01 5.100000000000000000e+01
4.500000000000000000e+01 4.600000000000000000e+01
5.600000000000000000e+01 4.300000000000000000e+01
6.800000000000000000e+01 4.300000000000000000e+01
7.900000000000000000e+01 4.300000000000000000e+01
1.170000000000000000e+02 4.300000000000000000e+01
1.300000000000000000e+02 4.100000000000000000e+01
1.400000000000000000e+02 4.100000000000000000e+01
1.560000000000000000e+02 4.100000000000000000e+01
1.680000000000000000e+02 4.300000000000000000e+01
9.900000000000000000e+01 5.600000000000000000e+01
9.900000000000000000e+01 6.600000000000000000e+01
9.900000000000000000e+01 7.900000000000000000e+01
9.900000000000000000e+01 8.900000000000000000e+01
8.900000000000000000e+01 9.500000000000000000e+01
9.400000000000000000e+01 9.700000000000000000e+01
1.020000000000000000e+02 9.700000000000000000e+01
1.120000000000000000e+02 9.500000000000000000e+01
1.170000000000000000e+02 9.200000000000000000e+01
5.000000000000000000e+01 6.100000000000000000e+01
5.800000000000000000e+01 5.900000000000000000e+01
6.800000000000000000e+01 5.600000000000000000e+01
7.600000000000000000e+01 5.900000000000000000e+01
6.800000000000000000e+01 6.100000000000000000e+01
6.100000000000000000e+01 6.100000000000000000e+01
1.250000000000000000e+02 5.600000000000000000e+01
1.320000000000000000e+02 5.400000000000000000e+01
1.430000000000000000e+02 5.400000000000000000e+01
1.500000000000000000e+02 5.600000000000000000e+01
1.430000000000000000e+02 5.900000000000000000e+01
1.320000000000000000e+02 5.900000000000000000e+01
7.600000000000000000e+01 1.200000000000000000e+02
8.400000000000000000e+01 1.150000000000000000e+02
9.700000000000000000e+01 1.100000000000000000e+02
1.040000000000000000e+02 1.120000000000000000e+02
1.120000000000000000e+02 1.100000000000000000e+02
1.250000000000000000e+02 1.120000000000000000e+02
1.380000000000000000e+02 1.180000000000000000e+02
1.250000000000000000e+02 1.230000000000000000e+02
1.170000000000000000e+02 1.250000000000000000e+02
1.070000000000000000e+02 1.250000000000000000e+02
9.700000000000000000e+01 1.280000000000000000e+02
8.900000000000000000e+01 1.250000000000000000e+02
7.900000000000000000e+01 1.180000000000000000e+02
9.700000000000000000e+01 1.180000000000000000e+02
1.040000000000000000e+02 1.180000000000000000e+02
1.150000000000000000e+02 1.150000000000000000e+02
1.350000000000000000e+02 1.180000000000000000e+02
1.150000000000000000e+02 1.180000000000000000e+02
1.070000000000000000e+02 1.180000000000000000e+02
9.700000000000000000e+01 1.180000000000000000e+02
