2.400000000000000000e+01 6.400000000000000000e+01
3.200000000000000000e+01 8.500000000000000000e+01
4.200000000000000000e+01 1.010000000000000000e+02
4.700000000000000000e+01 1.160000000000000000e+02
5.800000000000000000e+01 1.320000000000000000e+02
7.100000000000000000e+01 1.450000000000000000e+02
8.600000000000000000e+01 1.530000000000000000e+02
1.070000000000000000e+02 1.630000000000000000e+02
1.330000000000000000e+02 1.660000000000000000e+02
1.560000000000000000e+02 1.550000000000000000e+02
1.720000000000000000e+02 1.420000000000000000e+02
1.850000000000000000e+02 1.290000000000000000e+02
1.930000000000000000e+02 1.140000000000000000e+02
1.980000000000000000e+02 9.300000000000000000e+01
2.010000000000000000e+02 7.500000000000000000e+01
2.010000000000000000e+02 5.400000000000000000e+01
2.010000000000000000e+02 3.300000000000000000e+01
4.000000000000000000e+01 5.700000000000000000e+01
4.700000000000000000e+01 5.100000000000000000e+01
6.000000000000000000e+01 4.900000000000000000e+01
7.300000000000000000e+01 4.900000000000000000e+01
8.600000000000000000e+01 4.900000000000000000e+01
1.280000000000000000e+02 4.400000000000000000e+01
1.360000000000000000e+02 3.800000000000000000e+01
1.490000000000000000e+02 3.600000000000000000e+01
1.640000000000000000e+02 3.600000000000000000e+01
1.770000000000000000e+02 3.600000000000000000e+01
1.100000000000000000e+02 6.200000000000000000e+01
1.120000000000000000e+02 7.700000000000000000e+01
1.150000000000000000e+02 9.000000000000000000e+01
1.150000000000000000e+02 9.800000000000000000e+01
1.020000000000000000e+02 1.010000000000000000e+02
1.070000000000000000e+02 1.030000000000000000e+02
1.180000000000000000e+02 1.030000000000000000e+02
1.250000000000000000e+02 1.010000000000000000e+02
1.330000000000000000e+02 9.500000000000000000e+01
5.800000000000000000e+01 7.000000000000000000e+01
6.600000000000000000e+01 6.700000000000000000e+01
7.600000000000000000e+01 6.400000000000000000e+01
8.600000000000000000e+01 6.400000000000000000e+01
7.900000000000000000e+01 7.000000000000000000e+01
6.800000000000000000e+01 7.000000000000000000e+01
1.330000000000000000e+02 5.900000000000000000e+01
1.410000000000000000e+02 5.400000000000000000e+01
1.510000000000000000e+02 5.400000000000000000e+01
1.620000000000000000e+02 5.400000000000000000e+01
1.540000000000000000e+02 5.700000000000000000e+01
1.410000000000000000e+02 5.900000000000000000e+01
8.900000000000000000e+01 1.210000000000000000e+02
9.700000000000000000e+01 1.190000000000000000e+02
1.120000000000000000e+02 1.140000000000000000e+02
1.200000000000000000e+02 1.160000000000000000e+02
1.280000000000000000e+02 1.110000000000000000e+02
1.410000000000000000e+02 1.110000000000000000e+02
1.510000000000000000e+02 1.140000000000000000e+02
1.430000000000000000e+02 1.270000000000000000e+02
1.360000000000000000e+02 1.320000000000000000e+02
1.230000000000000000e+02 1.340000000000000000e+02
1.120000000000000000e+02 1.340000000000000000e+02
1.020000000000000000e+02 1.320000000000000000e+02
9.200000000000000000e+01 1.210000000000000000e+02
1.100000000000000000e+02 1.210000000000000000e+02
1.200000000000000000e+02 1.190000000000000000e+02
1.300000000000000000e+02 1.190000000000000000e+02
1.510000000000000000e+02 1.140000000000000000e+02
1.300000000000000000e+02 1.210000000000000000e+02
1.230000000000000000e+02 1.240000000000000000e+02
1.120000000000000000e+02 1.270000000000000000e+02
