1.100000000000000000e+01 4.700000000000000000e+01
1.600000000000000000e+01 7.000000000000000000e+01
2.100000000000000000e+01 9.000000000000000000e+01
2.600000000000000000e+01 1.080000000000000000e+02
3.300000000000000000e+01 1.260000000000000000e+02
4.900000000000000000e+01 1.430000000000000000e+02
6.400000000000000000e+01 1.530000000000000000e+02
8.400000000000000000e+01 1.580000000000000000e+02
1.120000000000000000e+02 1.630000000000000000e+02
1.370000000000000000e+02 1.580000000000000000e+02
1.570000000000000000e+02 1.510000000000000000e+02
1.720000000000000000e+02 1.410000000000000000e+02
1.850000000000000000e+02 1.260000000000000000e+02
1.920000000000000000e+02 1.080000000000000000e+02
1.970000000000000000e+02 9.300000000000000000e+01
2.020000000000000000e+02 7.300000000000000000e+01
2.050000000000000000e+02 5.000000000000000000e+01
3.800000000000000000e+01 4.500000000000000000e+01
5.100000000000000000e+01 4.500000000000000000e+01
6.400000000000000000e+01 4.500000000000000000e+01
7.600000000000000000e+01 4.500000000000000000e+01
8.900000000000000000e+01 4.500000000000000000e+01
1.290000000000000000e+02 4.500000000000000000e+01
1.390000000000000000e+02 4.500000000000000000e+01
1.520000000000000000e+02 4.200000000000000000e+01
1.700000000000000000e+02 4.500000000000000000e+01
1.820000000000000000e+02 4.500000000000000000e+01
1.090000000000000000e+02 6.000000000000000000e+01
1.090000000000000000e+02 7.000000000000000000e+01
1.070000000000000000e+02 8.300000000000000000e+01
1.070000000000000000e+02 9.300000000000000000e+01
9.400000000000000000e+01 9.800000000000000000e+01
1.020000000000000000e+02 1.000000000000000000e+02
1.090000000000000000e+02 1.000000000000000000e+02
1.170000000000000000e+02 9.800000000000000000e+01
1.240000000000000000e+02 9.500000000000000000e+01
5.600000000000000000e+01 5.800000000000000000e+01
6.600000000000000000e+01 5.800000000000000000e+01
7.600000000000000000e+01 5.500000000000000000e+01
8.400000000000000000e+01 5.800000000000000000e+01
7.600000000000000000e+01 6.000000000000000000e+01
6.600000000000000000e+01 6.000000000000000000e+01
1.340000000000000000e+02 5.800000000000000000e+01
1.420000000000000000e+02 5.500000000000000000e+01
1.520000000000000000e+02 5.800000000000000000e+01
1.620000000000000000e+02 5.800000000000000000e+01
1.550000000000000000e+02 6.300000000000000000e+01
1.420000000000000000e+02 6.000000000000000000e+01
8.100000000000000000e+01 1.260000000000000000e+02
9.100000000000000000e+01 1.180000000000000000e+02
1.040000000000000000e+02 1.160000000000000000e+02
1.090000000000000000e+02 1.160000000000000000e+02
1.170000000000000000e+02 1.130000000000000000e+02
1.290000000000000000e+02 1.180000000000000000e+02
1.390000000000000000e+02 1.210000000000000000e+02
1.290000000000000000e+02 1.280000000000000000e+02
1.190000000000000000e+02 1.330000000000000000e+02
1.120000000000000000e+02 1.360000000000000000e+02
1.020000000000000000e+02 1.360000000000000000e+02
9.100000000000000000e+01 1.310000000000000000e+02
8.400000000000000000e+01 1.230000000000000000e+02
1.020000000000000000e+02 1.230000000000000000e+02
1.120000000000000000e+02 1.230000000000000000e+02
1.190000000000000000e+02 1.230000000000000000e+02
1.370000000000000000e+02 1.210000000000000000e+02
1.190000000000000000e+02 1.230000000000000000e+02
1.120000000000000000e+02 1.230000000000000000e+02
1.020000000000000000e+02 1.230000000000000000e+02
