4.516015625000000000e+01 6.004687500000000000e+01
4.635546875000000000e+01 7.934765625000000000e+01
4.934375000000000000e+01 9.864843750000000000e+01
5.352734375000000000e+01 1.172343750000000000e+02
6.069921875000000000e+01 1.343906250000000000e+02
7.085937500000000000e+01 1.486875000000000000e+02
8.400781250000000000e+01 1.594101562500000000e+02
9.894921875000000000e+01 1.672734375000000000e+02
1.144882812500000000e+02 1.694179687500000000e+02
1.318203125000000000e+02 1.665585937500000000e+02
1.473593750000000000e+02 1.572656250000000000e+02
1.611054687500000000e+02 1.458281250000000000e+02
1.724609375000000000e+02 1.301015625000000000e+02
1.778398437500000000e+02 1.115156250000000000e+02
1.802304687500000000e+02 9.078515625000000000e+01
1.814257812500000000e+02 7.005468750000000000e+01
1.808281250000000000e+02 4.932421875000000000e+01
5.472265625000000000e+01 4.717968750000000000e+01
6.189453125000000000e+01 3.931640625000000000e+01
7.265234375000000000e+01 3.788671875000000000e+01
8.281250000000000000e+01 4.003125000000000000e+01
9.297265625000000000e+01 4.289062500000000000e+01
1.192695312500000000e+02 4.074609375000000000e+01
1.306250000000000000e+02 3.717187500000000000e+01
1.419804687500000000e+02 3.574218750000000000e+01
1.527382812500000000e+02 3.717187500000000000e+01
1.611054687500000000e+02 4.575000000000000000e+01
1.061210937500000000e+02 5.504296875000000000e+01
1.061210937500000000e+02 6.576562500000000000e+01
1.061210937500000000e+02 7.648828125000000000e+01
1.067187500000000000e+02 8.792578125000000000e+01
9.536328125000000000e+01 9.864843750000000000e+01
1.013398437500000000e+02 9.936328125000000000e+01
1.085117187500000000e+02 1.007929687500000000e+02
1.156835937500000000e+02 9.793359375000000000e+01
1.222578125000000000e+02 9.650390625000000000e+01
6.488281250000000000e+01 6.590625000000000000e+01
7.085937500000000000e+01 6.219140625000000000e+01
7.982421875000000000e+01 6.004687500000000000e+01
8.878906250000000000e+01 5.933203125000000000e+01
7.982421875000000000e+01 6.147656250000000000e+01
7.085937500000000000e+01 6.290625000000000000e+01
1.264414062500000000e+02 5.718750000000000000e+01
1.360039062500000000e+02 5.575781250000000000e+01
1.455664062500000000e+02 5.575781250000000000e+01
1.515429687500000000e+02 6.018750000000000000e+01
1.455664062500000000e+02 5.790234375000000000e+01
1.360039062500000000e+02 5.790234375000000000e+01
9.177734375000000000e+01 1.215234375000000000e+02
9.775390625000000000e+01 1.165195312500000000e+02
1.049257812500000000e+02 1.159453125000000000e+02
1.109023437500000000e+02 1.143750000000000000e+02
1.162812500000000000e+02 1.159453125000000000e+02
1.252460937500000000e+02 1.143750000000000000e+02
1.342109375000000000e+02 1.186640625000000000e+02
1.282343750000000000e+02 1.250976562500000000e+02
1.210625000000000000e+02 1.293867187500000000e+02
1.120976562500000000e+02 1.315312500000000000e+02
1.043281250000000000e+02 1.308164062500000000e+02
9.715625000000000000e+01 1.272421875000000000e+02
9.357031250000000000e+01 1.215234375000000000e+02
1.025351562500000000e+02 1.193789062500000000e+02
1.115000000000000000e+02 1.193789062500000000e+02
1.216601562500000000e+02 1.179492187500000000e+02
1.324179687500000000e+02 1.186640625000000000e+02
1.216601562500000000e+02 1.179492187500000000e+02
1.115000000000000000e+02 1.193789062500000000e+02
1.025351562500000000e+02 1.193789062500000000e+02
