4.855859375000000000e+01 4.640625000000000000e+01
4.613671875000000000e+01 6.468750000000000000e+01
4.492578125000000000e+01 8.367187500000000000e+01
4.492578125000000000e+01 1.019531250000000000e+02
4.795312500000000000e+01 1.195312500000000000e+02
5.521875000000000000e+01 1.357031250000000000e+02
6.611718750000000000e+01 1.483593750000000000e+02
7.883203125000000000e+01 1.589062500000000000e+02
9.396875000000000000e+01 1.638281250000000000e+02
1.109218750000000000e+02 1.652343750000000000e+02
1.266640625000000000e+02 1.610156250000000000e+02
1.418007812500000000e+02 1.532812500000000000e+02
1.551210937500000000e+02 1.420312500000000000e+02
1.635976562500000000e+02 1.251562500000000000e+02
1.696523437500000000e+02 1.075781250000000000e+02
1.751015625000000000e+02 8.859375000000000000e+01
1.787343750000000000e+02 6.960937500000000000e+01
6.006250000000000000e+01 4.007812500000000000e+01
6.853906250000000000e+01 3.304687500000000000e+01
7.943750000000000000e+01 3.234375000000000000e+01
8.973046875000000000e+01 3.515625000000000000e+01
9.941796875000000000e+01 3.937500000000000000e+01
1.230312500000000000e+02 4.500000000000000000e+01
1.339296875000000000e+02 4.429687500000000000e+01
1.454335937500000000e+02 4.500000000000000000e+01
1.557265625000000000e+02 4.921875000000000000e+01
1.623867187500000000e+02 5.835937500000000000e+01
1.085000000000000000e+02 5.414062500000000000e+01
1.060781250000000000e+02 6.468750000000000000e+01
1.042617187500000000e+02 7.523437500000000000e+01
1.018398437500000000e+02 8.507812500000000000e+01
8.851953125000000000e+01 9.351562500000000000e+01
9.457421875000000000e+01 9.562500000000000000e+01
1.012343750000000000e+02 9.773437500000000000e+01
1.085000000000000000e+02 9.773437500000000000e+01
1.151601562500000000e+02 9.773437500000000000e+01
6.793359375000000000e+01 5.432812500000000000e+01
7.338281250000000000e+01 4.921875000000000000e+01
8.246484375000000000e+01 4.921875000000000000e+01
9.033593750000000000e+01 5.343750000000000000e+01
8.185937500000000000e+01 5.414062500000000000e+01
7.338281250000000000e+01 5.343750000000000000e+01
1.266640625000000000e+02 5.976562500000000000e+01
1.357460937500000000e+02 5.765625000000000000e+01
1.448281250000000000e+02 6.046875000000000000e+01
1.502773437500000000e+02 6.698437500000000000e+01
1.436171875000000000e+02 6.398437500000000000e+01
1.351406250000000000e+02 6.187500000000000000e+01
7.883203125000000000e+01 1.153125000000000000e+02
8.549218750000000000e+01 1.125000000000000000e+02
9.396875000000000000e+01 1.140937500000000000e+02
9.941796875000000000e+01 1.132031250000000000e+02
1.054726562500000000e+02 1.162031250000000000e+02
1.139492187500000000e+02 1.160156250000000000e+02
1.212148437500000000e+02 1.216406250000000000e+02
1.145546875000000000e+02 1.272656250000000000e+02
1.066835937500000000e+02 1.307812500000000000e+02
9.760156250000000000e+01 1.307812500000000000e+02
8.973046875000000000e+01 1.279687500000000000e+02
8.307031250000000000e+01 1.230468750000000000e+02
8.004296875000000000e+01 1.160156250000000000e+02
8.973046875000000000e+01 1.167187500000000000e+02
9.881250000000000000e+01 1.195312500000000000e+02
1.091054687500000000e+02 1.195312500000000000e+02
1.193984375000000000e+02 1.216406250000000000e+02
1.091054687500000000e+02 1.195312500000000000e+02
9.881250000000000000e+01 1.195312500000000000e+02
8.973046875000000000e+01 1.167187500000000000e+02
