4.964843750000000000e+01 6.257812500000000000e+01
4.964843750000000000e+01 8.085937500000000000e+01
5.082031250000000000e+01 9.773437500000000000e+01
5.375000000000000000e+01 1.146093750000000000e+02
5.902343750000000000e+01 1.307812500000000000e+02
6.722656250000000000e+01 1.448437500000000000e+02
7.777343750000000000e+01 1.560937500000000000e+02
9.007812500000000000e+01 1.645312500000000000e+02
1.041406250000000000e+02 1.680468750000000000e+02
1.217187500000000000e+02 1.666406250000000000e+02
1.381250000000000000e+02 1.596093750000000000e+02
1.533593750000000000e+02 1.497656250000000000e+02
1.662500000000000000e+02 1.364062500000000000e+02
1.738671875000000000e+02 1.181250000000000000e+02
1.779687500000000000e+02 9.773437500000000000e+01
1.797265625000000000e+02 7.593750000000000000e+01
1.797265625000000000e+02 5.554687500000000000e+01
5.257812500000000000e+01 5.132812500000000000e+01
5.843750000000000000e+01 4.289062500000000000e+01
6.722656250000000000e+01 4.078125000000000000e+01
7.660156250000000000e+01 4.148437500000000000e+01
8.597656250000000000e+01 4.429687500000000000e+01
1.111718750000000000e+02 4.218750000000000000e+01
1.223046875000000000e+02 3.867187500000000000e+01
1.340234375000000000e+02 3.726562500000000000e+01
1.451562500000000000e+02 3.937500000000000000e+01
1.539453125000000000e+02 4.710937500000000000e+01
9.710937500000000000e+01 5.414062500000000000e+01
9.710937500000000000e+01 6.468750000000000000e+01
9.652343750000000000e+01 7.523437500000000000e+01
9.593750000000000000e+01 8.507812500000000000e+01
8.597656250000000000e+01 9.703125000000000000e+01
9.183593750000000000e+01 9.773437500000000000e+01
9.828125000000000000e+01 9.914062500000000000e+01
1.064843750000000000e+02 9.632812500000000000e+01
1.129296875000000000e+02 9.492187500000000000e+01
6.136718750000000000e+01 6.487500000000000000e+01
6.605468750000000000e+01 5.976562500000000000e+01
7.367187500000000000e+01 5.765625000000000000e+01
8.187500000000000000e+01 5.906250000000000000e+01
7.425781250000000000e+01 6.046875000000000000e+01
6.664062500000000000e+01 6.257812500000000000e+01
1.199609375000000000e+02 5.625000000000000000e+01
1.287500000000000000e+02 5.414062500000000000e+01
1.375390625000000000e+02 5.414062500000000000e+01
1.433984375000000000e+02 5.925000000000000000e+01
1.375390625000000000e+02 5.695312500000000000e+01
1.287500000000000000e+02 5.695312500000000000e+01
8.246093750000000000e+01 1.216406250000000000e+02
8.773437500000000000e+01 1.160156250000000000e+02
9.476562500000000000e+01 1.162031250000000000e+02
1.000390625000000000e+02 1.146093750000000000e+02
1.058984375000000000e+02 1.162031250000000000e+02
1.146875000000000000e+02 1.146093750000000000e+02
1.234765625000000000e+02 1.195312500000000000e+02
1.176171875000000000e+02 1.258593750000000000e+02
1.100000000000000000e+02 1.300781250000000000e+02
1.012109375000000000e+02 1.314843750000000000e+02
9.359375000000000000e+01 1.307812500000000000e+02
8.714843750000000000e+01 1.272656250000000000e+02
8.363281250000000000e+01 1.216406250000000000e+02
9.242187500000000000e+01 1.195312500000000000e+02
1.006250000000000000e+02 1.202343750000000000e+02
1.111718750000000000e+02 1.188281250000000000e+02
1.217187500000000000e+02 1.195312500000000000e+02
1.111718750000000000e+02 1.188281250000000000e+02
1.006250000000000000e+02 1.202343750000000000e+02
9.242187500000000000e+01 1.195312500000000000e+02
