4.774609375000000000e+01 6.187500000000000000e+01
4.774609375000000000e+01 7.945312500000000000e+01
5.010546875000000000e+01 9.703125000000000000e+01
5.364453125000000000e+01 1.146093750000000000e+02
5.954296875000000000e+01 1.307812500000000000e+02
6.839062500000000000e+01 1.448437500000000000e+02
7.959765625000000000e+01 1.560937500000000000e+02
9.198437500000000000e+01 1.645312500000000000e+02
1.067304687500000000e+02 1.673437500000000000e+02
1.238359375000000000e+02 1.652343750000000000e+02
1.397617187500000000e+02 1.575000000000000000e+02
1.539179687500000000e+02 1.469531250000000000e+02
1.663046875000000000e+02 1.328906250000000000e+02
1.727929687500000000e+02 1.139062500000000000e+02
1.763320312500000000e+02 9.351562500000000000e+01
1.781015625000000000e+02 7.242187500000000000e+01
1.781015625000000000e+02 5.203125000000000000e+01
5.187500000000000000e+01 5.062500000000000000e+01
5.836328125000000000e+01 4.289062500000000000e+01
6.780078125000000000e+01 4.148437500000000000e+01
7.723828125000000000e+01 4.218750000000000000e+01
8.726562500000000000e+01 4.500000000000000000e+01
1.126289062500000000e+02 4.218750000000000000e+01
1.238359375000000000e+02 3.867187500000000000e+01
1.356328125000000000e+02 3.726562500000000000e+01
1.468398437500000000e+02 3.937500000000000000e+01
1.556875000000000000e+02 4.710937500000000000e+01
9.906250000000000000e+01 5.554687500000000000e+01
9.847265625000000000e+01 6.609375000000000000e+01
9.847265625000000000e+01 7.664062500000000000e+01
9.847265625000000000e+01 8.718750000000000000e+01
8.785546875000000000e+01 9.843750000000000000e+01
9.375390625000000000e+01 9.984375000000000000e+01
1.002421875000000000e+02 1.005468750000000000e+02
1.079101562500000000e+02 9.843750000000000000e+01
1.149882812500000000e+02 9.632812500000000000e+01
6.131250000000000000e+01 6.557812500000000000e+01
6.603125000000000000e+01 5.976562500000000000e+01
7.428906250000000000e+01 5.835937500000000000e+01
8.195703125000000000e+01 5.976562500000000000e+01
7.428906250000000000e+01 6.187500000000000000e+01
6.662109375000000000e+01 6.328125000000000000e+01
1.208867187500000000e+02 5.625000000000000000e+01
1.297343750000000000e+02 5.484375000000000000e+01
1.391718750000000000e+02 5.554687500000000000e+01
1.450703125000000000e+02 5.995312500000000000e+01
1.391718750000000000e+02 5.695312500000000000e+01
1.303242187500000000e+02 5.695312500000000000e+01
8.372656250000000000e+01 1.230468750000000000e+02
8.962500000000000000e+01 1.181250000000000000e+02
9.670312500000000000e+01 1.183125000000000000e+02
1.020117187500000000e+02 1.160156250000000000e+02
1.079101562500000000e+02 1.176093750000000000e+02
1.167578125000000000e+02 1.160156250000000000e+02
1.256054687500000000e+02 1.195312500000000000e+02
1.197070312500000000e+02 1.251562500000000000e+02
1.126289062500000000e+02 1.300781250000000000e+02
1.037812500000000000e+02 1.314843750000000000e+02
9.611328125000000000e+01 1.314843750000000000e+02
8.903515625000000000e+01 1.286718750000000000e+02
8.490625000000000000e+01 1.230468750000000000e+02
9.375390625000000000e+01 1.216406250000000000e+02
1.026015625000000000e+02 1.216406250000000000e+02
1.132187500000000000e+02 1.195312500000000000e+02
1.244257812500000000e+02 1.195312500000000000e+02
1.132187500000000000e+02 1.195312500000000000e+02
1.026015625000000000e+02 1.216406250000000000e+02
9.375390625000000000e+01 1.216406250000000000e+02
