5.045312500000000000e+01 6.525000000000000000e+01
5.218750000000000000e+01 8.224218750000000000e+01
5.450000000000000000e+01 9.923437500000000000e+01
5.912500000000000000e+01 1.155468750000000000e+02
6.490625000000000000e+01 1.305000000000000000e+02
7.415625000000000000e+01 1.434140625000000000e+02
8.514062500000000000e+01 1.542890625000000000e+02
9.670312500000000000e+01 1.624453125000000000e+02
1.111562500000000000e+02 1.665234375000000000e+02
1.290781250000000000e+02 1.624453125000000000e+02
1.452656250000000000e+02 1.522500000000000000e+02
1.597187500000000000e+02 1.406953125000000000e+02
1.712812500000000000e+02 1.250625000000000000e+02
1.782187500000000000e+02 1.060312500000000000e+02
1.793750000000000000e+02 8.496093750000000000e+01
1.787968750000000000e+02 6.321093750000000000e+01
1.770625000000000000e+02 4.282031250000000000e+01
5.045312500000000000e+01 5.505468750000000000e+01
5.565625000000000000e+01 4.757812500000000000e+01
6.432812500000000000e+01 4.621875000000000000e+01
7.300000000000000000e+01 4.689843750000000000e+01
8.109375000000000000e+01 4.893750000000000000e+01
1.036406250000000000e+02 4.282031250000000000e+01
1.152031250000000000e+02 3.806250000000000000e+01
1.267656250000000000e+02 3.534375000000000000e+01
1.383281250000000000e+02 3.602343750000000000e+01
1.481562500000000000e+02 4.350000000000000000e+01
9.150000000000000000e+01 5.709375000000000000e+01
9.207812500000000000e+01 6.796875000000000000e+01
9.150000000000000000e+01 7.816406250000000000e+01
9.207812500000000000e+01 8.903906250000000000e+01
8.514062500000000000e+01 9.991406250000000000e+01
9.034375000000000000e+01 1.005937500000000000e+02
9.670312500000000000e+01 1.012734375000000000e+02
1.042187500000000000e+02 9.787500000000000000e+01
1.111562500000000000e+02 9.583593750000000000e+01
5.970312500000000000e+01 6.892968750000000000e+01
6.375000000000000000e+01 6.321093750000000000e+01
7.184375000000000000e+01 6.117187500000000000e+01
7.935937500000000000e+01 6.253125000000000000e+01
7.184375000000000000e+01 6.525000000000000000e+01
6.490625000000000000e+01 6.660937500000000000e+01
1.146250000000000000e+02 5.437500000000000000e+01
1.227187500000000000e+02 5.097656250000000000e+01
1.319687500000000000e+02 5.097656250000000000e+01
1.371718750000000000e+02 5.533593750000000000e+01
1.319687500000000000e+02 5.369531250000000000e+01
1.232968750000000000e+02 5.505468750000000000e+01
8.629687500000000000e+01 1.237031250000000000e+02
8.976562500000000000e+01 1.182656250000000000e+02
9.496875000000000000e+01 1.178671875000000000e+02
1.007500000000000000e+02 1.148671875000000000e+02
1.059531250000000000e+02 1.158281250000000000e+02
1.152031250000000000e+02 1.135078125000000000e+02
1.250312500000000000e+02 1.162265625000000000e+02
1.198281250000000000e+02 1.230234375000000000e+02
1.123125000000000000e+02 1.277812500000000000e+02
1.036406250000000000e+02 1.311796875000000000e+02
9.728125000000000000e+01 1.311796875000000000e+02
9.092187500000000000e+01 1.284609375000000000e+02
8.803125000000000000e+01 1.230234375000000000e+02
9.439062500000000000e+01 1.209843750000000000e+02
1.019062500000000000e+02 1.209843750000000000e+02
1.123125000000000000e+02 1.175859375000000000e+02
1.232968750000000000e+02 1.169062500000000000e+02
1.123125000000000000e+02 1.175859375000000000e+02
1.019062500000000000e+02 1.209843750000000000e+02
9.439062500000000000e+01 1.209843750000000000e+02
