5.146093750000000000e+01 6.117187500000000000e+01
5.146093750000000000e+01 7.945312500000000000e+01
5.316015625000000000e+01 9.703125000000000000e+01
5.599218750000000000e+01 1.153125000000000000e+02
6.165625000000000000e+01 1.314843750000000000e+02
7.015234375000000000e+01 1.455468750000000000e+02
8.148046875000000000e+01 1.567968750000000000e+02
9.394140625000000000e+01 1.652343750000000000e+02
1.081015625000000000e+02 1.687500000000000000e+02
1.245273437500000000e+02 1.666406250000000000e+02
1.398203125000000000e+02 1.589062500000000000e+02
1.539804687500000000e+02 1.490625000000000000e+02
1.653085937500000000e+02 1.342968750000000000e+02
1.721054687500000000e+02 1.160156250000000000e+02
1.755039062500000000e+02 9.562500000000000000e+01
1.772031250000000000e+02 7.593750000000000000e+01
1.772031250000000000e+02 5.554687500000000000e+01
5.712500000000000000e+01 5.062500000000000000e+01
6.278906250000000000e+01 4.289062500000000000e+01
7.241796875000000000e+01 3.937500000000000000e+01
8.148046875000000000e+01 3.867187500000000000e+01
9.110937500000000000e+01 4.007812500000000000e+01
1.120664062500000000e+02 4.078125000000000000e+01
1.233945312500000000e+02 3.867187500000000000e+01
1.347226562500000000e+02 3.726562500000000000e+01
1.460507812500000000e+02 3.937500000000000000e+01
1.545468750000000000e+02 4.710937500000000000e+01
1.007382812500000000e+02 5.273437500000000000e+01
1.001718750000000000e+02 6.398437500000000000e+01
9.960546875000000000e+01 7.382812500000000000e+01
9.960546875000000000e+01 8.507812500000000000e+01
8.884375000000000000e+01 9.562500000000000000e+01
9.450781250000000000e+01 9.703125000000000000e+01
1.018710937500000000e+02 9.773437500000000000e+01
1.092343750000000000e+02 9.562500000000000000e+01
1.160312500000000000e+02 9.421875000000000000e+01
6.448828125000000000e+01 6.487500000000000000e+01
7.015234375000000000e+01 6.046875000000000000e+01
7.751562500000000000e+01 5.835937500000000000e+01
8.601171875000000000e+01 5.765625000000000000e+01
7.808203125000000000e+01 5.906250000000000000e+01
7.015234375000000000e+01 6.117187500000000000e+01
1.228281250000000000e+02 5.625000000000000000e+01
1.313242187500000000e+02 5.414062500000000000e+01
1.398203125000000000e+02 5.484375000000000000e+01
1.454843750000000000e+02 5.925000000000000000e+01
1.398203125000000000e+02 5.765625000000000000e+01
1.313242187500000000e+02 5.695312500000000000e+01
8.601171875000000000e+01 1.195312500000000000e+02
9.110937500000000000e+01 1.146093750000000000e+02
9.790625000000000000e+01 1.155000000000000000e+02
1.035703125000000000e+02 1.132031250000000000e+02
1.098007812500000000e+02 1.147968750000000000e+02
1.188632812500000000e+02 1.132031250000000000e+02
1.284921875000000000e+02 1.181250000000000000e+02
1.222617187500000000e+02 1.251562500000000000e+02
1.143320312500000000e+02 1.293750000000000000e+02
1.052695312500000000e+02 1.314843750000000000e+02
9.790625000000000000e+01 1.307812500000000000e+02
9.110937500000000000e+01 1.265625000000000000e+02
8.771093750000000000e+01 1.195312500000000000e+02
9.620703125000000000e+01 1.188281250000000000e+02
1.041367187500000000e+02 1.188281250000000000e+02
1.154648437500000000e+02 1.174218750000000000e+02
1.267929687500000000e+02 1.181250000000000000e+02
1.154648437500000000e+02 1.188281250000000000e+02
1.041367187500000000e+02 1.202343750000000000e+02
9.620703125000000000e+01 1.195312500000000000e+02
