5.405468750000000000e+01 5.323828125000000000e+01
5.405468750000000000e+01 6.914062500000000000e+01
5.461328125000000000e+01 8.504296875000000000e+01
5.740625000000000000e+01 1.009453125000000000e+02
6.131640625000000000e+01 1.161562500000000000e+02
6.857812500000000000e+01 1.299843750000000000e+02
7.528125000000000000e+01 1.438125000000000000e+02
8.310156250000000000e+01 1.562578125000000000e+02
9.483203125000000000e+01 1.638632812500000000e+02
1.132656250000000000e+02 1.645546875000000000e+02
1.300234375000000000e+02 1.569492187500000000e+02
1.456640625000000000e+02 1.472695312500000000e+02
1.607460937500000000e+02 1.348242187500000000e+02
1.702421875000000000e+02 1.161562500000000000e+02
1.752695312500000000e+02 9.403125000000000000e+01
1.797382812500000000e+02 6.914062500000000000e+01
1.775039062500000000e+02 4.701562500000000000e+01
5.237890625000000000e+01 4.770703125000000000e+01
5.628906250000000000e+01 4.286718750000000000e+01
6.299218750000000000e+01 4.355859375000000000e+01
6.969531250000000000e+01 4.563281250000000000e+01
7.695703125000000000e+01 4.839843750000000000e+01
9.483203125000000000e+01 4.839843750000000000e+01
1.060039062500000000e+02 4.563281250000000000e+01
1.171757812500000000e+02 4.425000000000000000e+01
1.283476562500000000e+02 4.632421875000000000e+01
1.378437500000000000e+02 5.323828125000000000e+01
8.421875000000000000e+01 5.738671875000000000e+01
8.310156250000000000e+01 6.844921875000000000e+01
8.030859375000000000e+01 7.951171875000000000e+01
7.919140625000000000e+01 8.988281250000000000e+01
7.528125000000000000e+01 9.887109375000000000e+01
7.919140625000000000e+01 1.009453125000000000e+02
8.421875000000000000e+01 1.016367187500000000e+02
9.092187500000000000e+01 9.956250000000000000e+01
9.818359375000000000e+01 9.817968750000000000e+01
5.964062500000000000e+01 6.107812500000000000e+01
6.355078125000000000e+01 5.669531250000000000e+01
6.969531250000000000e+01 5.600390625000000000e+01
7.528125000000000000e+01 5.738671875000000000e+01
6.969531250000000000e+01 5.807812500000000000e+01
6.355078125000000000e+01 5.876953125000000000e+01
1.060039062500000000e+02 5.946093750000000000e+01
1.143828125000000000e+02 5.876953125000000000e+01
1.222031250000000000e+02 5.946093750000000000e+01
1.277890625000000000e+02 6.315234375000000000e+01
1.222031250000000000e+02 6.084375000000000000e+01
1.138242187500000000e+02 6.015234375000000000e+01
7.751562500000000000e+01 1.182304687500000000e+02
7.975000000000000000e+01 1.161562500000000000e+02
8.254296875000000000e+01 1.184648437500000000e+02
8.701171875000000000e+01 1.168476562500000000e+02
9.148046875000000000e+01 1.184648437500000000e+02
1.020937500000000000e+02 1.175390625000000000e+02
1.127070312500000000e+02 1.196132812500000000e+02
1.054453125000000000e+02 1.244531250000000000e+02
9.706640625000000000e+01 1.272187500000000000e+02
8.868750000000000000e+01 1.279101562500000000e+02
8.421875000000000000e+01 1.265273437500000000e+02
7.975000000000000000e+01 1.230703125000000000e+02
7.863281250000000000e+01 1.189218750000000000e+02
8.366015625000000000e+01 1.203046875000000000e+02
8.812890625000000000e+01 1.216875000000000000e+02
9.930078125000000000e+01 1.203046875000000000e+02
1.110312500000000000e+02 1.196132812500000000e+02
9.930078125000000000e+01 1.203046875000000000e+02
8.812890625000000000e+01 1.216875000000000000e+02
8.310156250000000000e+01 1.203046875000000000e+02
