5.198437500000000000e+01 5.777343750000000000e+01
5.142968750000000000e+01 7.544531250000000000e+01
5.198437500000000000e+01 9.039843750000000000e+01
5.475781250000000000e+01 1.053515625000000000e+02
5.864062500000000000e+01 1.203046875000000000e+02
6.474218750000000000e+01 1.338984375000000000e+02
7.195312500000000000e+01 1.461328125000000000e+02
8.082812500000000000e+01 1.563281250000000000e+02
9.303125000000000000e+01 1.610859375000000000e+02
1.102265625000000000e+02 1.597265625000000000e+02
1.268671875000000000e+02 1.536093750000000000e+02
1.423984375000000000e+02 1.447734375000000000e+02
1.573750000000000000e+02 1.338984375000000000e+02
1.673593750000000000e+02 1.169062500000000000e+02
1.717968750000000000e+02 9.583593750000000000e+01
1.762343750000000000e+02 7.272656250000000000e+01
1.740156250000000000e+02 5.301562500000000000e+01
5.142968750000000000e+01 5.029687500000000000e+01
5.475781250000000000e+01 4.350000000000000000e+01
6.196875000000000000e+01 4.010156250000000000e+01
7.028906250000000000e+01 4.010156250000000000e+01
7.750000000000000000e+01 4.214062500000000000e+01
9.802343750000000000e+01 4.146093750000000000e+01
1.085625000000000000e+02 3.942187500000000000e+01
1.202109375000000000e+02 3.806250000000000000e+01
1.301953125000000000e+02 4.010156250000000000e+01
1.390703125000000000e+02 4.757812500000000000e+01
8.637500000000000000e+01 5.505468750000000000e+01
8.471093750000000000e+01 6.592968750000000000e+01
8.249218750000000000e+01 7.612500000000000000e+01
8.082812500000000000e+01 8.632031250000000000e+01
7.472656250000000000e+01 9.787500000000000000e+01
7.971875000000000000e+01 9.855468750000000000e+01
8.526562500000000000e+01 9.923437500000000000e+01
9.247656250000000000e+01 9.719531250000000000e+01
9.913281250000000000e+01 9.583593750000000000e+01
5.919531250000000000e+01 6.485156250000000000e+01
6.307812500000000000e+01 5.981250000000000000e+01
7.028906250000000000e+01 5.777343750000000000e+01
7.694531250000000000e+01 5.845312500000000000e+01
7.028906250000000000e+01 6.049218750000000000e+01
6.363281250000000000e+01 6.185156250000000000e+01
1.085625000000000000e+02 5.573437500000000000e+01
1.163281250000000000e+02 5.437500000000000000e+01
1.246484375000000000e+02 5.505468750000000000e+01
1.296406250000000000e+02 5.941406250000000000e+01
1.240937500000000000e+02 5.777343750000000000e+01
1.163281250000000000e+02 5.777343750000000000e+01
7.528125000000000000e+01 1.189453125000000000e+02
7.805468750000000000e+01 1.148671875000000000e+02
8.249218750000000000e+01 1.158281250000000000e+02
8.748437500000000000e+01 1.135078125000000000e+02
9.192187500000000000e+01 1.144687500000000000e+02
1.007968750000000000e+02 1.135078125000000000e+02
1.107812500000000000e+02 1.169062500000000000e+02
1.046796875000000000e+02 1.230234375000000000e+02
9.746875000000000000e+01 1.264218750000000000e+02
8.859375000000000000e+01 1.284609375000000000e+02
8.304687500000000000e+01 1.277812500000000000e+02
7.805468750000000000e+01 1.243828125000000000e+02
7.639062500000000000e+01 1.189453125000000000e+02
8.249218750000000000e+01 1.182656250000000000e+02
8.803906250000000000e+01 1.189453125000000000e+02
9.857812500000000000e+01 1.169062500000000000e+02
1.091171875000000000e+02 1.169062500000000000e+02
9.802343750000000000e+01 1.169062500000000000e+02
8.803906250000000000e+01 1.189453125000000000e+02
8.249218750000000000e+01 1.182656250000000000e+02
