5.721875000000000000e+01 5.406250000000000000e+01
5.611718750000000000e+01 7.028125000000000000e+01
5.611718750000000000e+01 8.650000000000000000e+01
5.832031250000000000e+01 1.027187500000000000e+02
6.272656250000000000e+01 1.175859375000000000e+02
6.823437500000000000e+01 1.324531250000000000e+02
7.539453125000000000e+01 1.459687500000000000e+02
8.310546875000000000e+01 1.574570312500000000e+02
9.577343750000000000e+01 1.642148437500000000e+02
1.133984375000000000e+02 1.642148437500000000e+02
1.304726562500000000e+02 1.581328125000000000e+02
1.464453125000000000e+02 1.479960937500000000e+02
1.607656250000000000e+02 1.358320312500000000e+02
1.712304687500000000e+02 1.175859375000000000e+02
1.772890625000000000e+02 9.663671875000000000e+01
1.794921875000000000e+02 7.366015625000000000e+01
1.800429687500000000e+02 5.203515625000000000e+01
5.556640625000000000e+01 4.325000000000000000e+01
5.887109375000000000e+01 3.649218750000000000e+01
6.603125000000000000e+01 3.581640625000000000e+01
7.374218750000000000e+01 3.716796875000000000e+01
8.090234375000000000e+01 3.987109375000000000e+01
1.007304687500000000e+02 3.851953125000000000e+01
1.122968750000000000e+02 3.649218750000000000e+01
1.244140625000000000e+02 3.581640625000000000e+01
1.348789062500000000e+02 3.919531250000000000e+01
1.431406250000000000e+02 4.798046875000000000e+01
8.861328125000000000e+01 5.203515625000000000e+01
8.696093750000000000e+01 6.284765625000000000e+01
8.420703125000000000e+01 7.298437500000000000e+01
8.310546875000000000e+01 8.312109375000000000e+01
7.759765625000000000e+01 9.460937500000000000e+01
8.200390625000000000e+01 9.596093750000000000e+01
8.751171875000000000e+01 9.663671875000000000e+01
9.467187500000000000e+01 9.528515625000000000e+01
1.018320312500000000e+02 9.325781250000000000e+01
6.272656250000000000e+01 5.841406250000000000e+01
6.658203125000000000e+01 5.203515625000000000e+01
7.374218750000000000e+01 5.135937500000000000e+01
8.035156250000000000e+01 5.473828125000000000e+01
7.374218750000000000e+01 5.608984375000000000e+01
6.713281250000000000e+01 5.676562500000000000e+01
1.111953125000000000e+02 5.338671875000000000e+01
1.189062500000000000e+02 5.135937500000000000e+01
1.271679687500000000e+02 5.271093750000000000e+01
1.321250000000000000e+02 5.841406250000000000e+01
1.271679687500000000e+02 5.608984375000000000e+01
1.189062500000000000e+02 5.541406250000000000e+01
7.869921875000000000e+01 1.169101562500000000e+02
8.090234375000000000e+01 1.128554687500000000e+02
8.530859375000000000e+01 1.145039062500000000e+02
8.971484375000000000e+01 1.128554687500000000e+02
9.412109375000000000e+01 1.138281250000000000e+02
1.034843750000000000e+02 1.135312500000000000e+02
1.128476562500000000e+02 1.175859375000000000e+02
1.062382812500000000e+02 1.229921875000000000e+02
9.907812500000000000e+01 1.263710937500000000e+02
9.081640625000000000e+01 1.270468750000000000e+02
8.585937500000000000e+01 1.256953125000000000e+02
8.145312500000000000e+01 1.223164062500000000e+02
8.035156250000000000e+01 1.169101562500000000e+02
8.530859375000000000e+01 1.169101562500000000e+02
9.026562500000000000e+01 1.182617187500000000e+02
1.007304687500000000e+02 1.169101562500000000e+02
1.111953125000000000e+02 1.175859375000000000e+02
1.007304687500000000e+02 1.169101562500000000e+02
9.026562500000000000e+01 1.182617187500000000e+02
8.530859375000000000e+01 1.175859375000000000e+02
