5.098437500000000000e+01 6.457031250000000000e+01
5.098437500000000000e+01 7.952343750000000000e+01
5.153906250000000000e+01 9.583593750000000000e+01
5.486718750000000000e+01 1.101093750000000000e+02
5.930468750000000000e+01 1.250625000000000000e+02
6.596093750000000000e+01 1.386562500000000000e+02
7.372656250000000000e+01 1.502109375000000000e+02
8.260156250000000000e+01 1.604062500000000000e+02
9.480468750000000000e+01 1.651640625000000000e+02
1.120000000000000000e+02 1.631250000000000000e+02
1.286406250000000000e+02 1.556484375000000000e+02
1.436171875000000000e+02 1.461328125000000000e+02
1.574843750000000000e+02 1.338984375000000000e+02
1.674687500000000000e+02 1.169062500000000000e+02
1.707968750000000000e+02 9.583593750000000000e+01
1.730156250000000000e+02 7.340625000000000000e+01
1.730156250000000000e+02 5.233593750000000000e+01
4.987500000000000000e+01 5.233593750000000000e+01
5.320312500000000000e+01 4.485937500000000000e+01
5.985937500000000000e+01 4.146093750000000000e+01
6.762500000000000000e+01 4.078125000000000000e+01
7.483593750000000000e+01 4.214062500000000000e+01
9.480468750000000000e+01 3.942187500000000000e+01
1.058984375000000000e+02 3.738281250000000000e+01
1.175468750000000000e+02 3.602343750000000000e+01
1.280859375000000000e+02 3.806250000000000000e+01
1.369609375000000000e+02 4.553906250000000000e+01
8.371093750000000000e+01 5.437500000000000000e+01
8.260156250000000000e+01 6.457031250000000000e+01
8.093750000000000000e+01 7.408593750000000000e+01
7.927343750000000000e+01 8.360156250000000000e+01
7.428125000000000000e+01 9.651562500000000000e+01
7.871875000000000000e+01 9.719531250000000000e+01
8.426562500000000000e+01 9.719531250000000000e+01
9.147656250000000000e+01 9.447656250000000000e+01
9.813281250000000000e+01 9.311718750000000000e+01
5.764062500000000000e+01 6.689062500000000000e+01
6.096875000000000000e+01 6.117187500000000000e+01
6.762500000000000000e+01 5.845312500000000000e+01
7.483593750000000000e+01 5.981250000000000000e+01
6.817968750000000000e+01 6.185156250000000000e+01
6.152343750000000000e+01 6.389062500000000000e+01
1.058984375000000000e+02 5.505468750000000000e+01
1.142187500000000000e+02 5.233593750000000000e+01
1.225390625000000000e+02 5.301562500000000000e+01
1.280859375000000000e+02 5.737500000000000000e+01
1.219843750000000000e+02 5.573437500000000000e+01
1.142187500000000000e+02 5.573437500000000000e+01
7.594531250000000000e+01 1.189453125000000000e+02
7.760937500000000000e+01 1.141875000000000000e+02
8.204687500000000000e+01 1.144687500000000000e+02
8.703906250000000000e+01 1.121484375000000000e+02
9.147656250000000000e+01 1.131093750000000000e+02
1.009062500000000000e+02 1.121484375000000000e+02
1.103359375000000000e+02 1.162265625000000000e+02
1.047890625000000000e+02 1.230234375000000000e+02
9.757812500000000000e+01 1.277812500000000000e+02
8.870312500000000000e+01 1.298203125000000000e+02
8.315625000000000000e+01 1.291406250000000000e+02
7.871875000000000000e+01 1.243828125000000000e+02
7.705468750000000000e+01 1.189453125000000000e+02
8.260156250000000000e+01 1.175859375000000000e+02
8.759375000000000000e+01 1.182656250000000000e+02
9.813281250000000000e+01 1.162265625000000000e+02
1.086718750000000000e+02 1.162265625000000000e+02
9.813281250000000000e+01 1.162265625000000000e+02
8.814843750000000000e+01 1.182656250000000000e+02
8.260156250000000000e+01 1.182656250000000000e+02
