5.296875000000000000e+01 5.971875000000000000e+01
5.587890625000000000e+01 8.104687500000000000e+01
6.111718750000000000e+01 1.023750000000000000e+02
6.810156250000000000e+01 1.237031250000000000e+02
7.974218750000000000e+01 1.393437500000000000e+02
9.603906250000000000e+01 1.500078125000000000e+02
1.140820312500000000e+02 1.578281250000000000e+02
1.321250000000000000e+02 1.620937500000000000e+02
1.495859375000000000e+02 1.599609375000000000e+02
1.588984375000000000e+02 1.507187500000000000e+02
1.641367187500000000e+02 1.372109375000000000e+02
1.687929687500000000e+02 1.229921875000000000e+02
1.722851562500000000e+02 1.094843750000000000e+02
1.746132812500000000e+02 9.526562500000000000e+01
1.746132812500000000e+02 8.033593750000000000e+01
1.734492187500000000e+02 6.611718750000000000e+01
1.711210937500000000e+02 5.260937500000000000e+01
8.905468750000000000e+01 4.194531250000000000e+01
9.662109375000000000e+01 3.199218750000000000e+01
1.082617187500000000e+02 2.843750000000000000e+01
1.204843750000000000e+02 3.057031250000000000e+01
1.315429687500000000e+02 3.483593750000000000e+01
1.519140625000000000e+02 4.052343750000000000e+01
1.571523437500000000e+02 3.767968750000000000e+01
1.629726562500000000e+02 3.554687500000000000e+01
1.687929687500000000e+02 3.554687500000000000e+01
1.717031250000000000e+02 4.123437500000000000e+01
1.437656250000000000e+02 5.474218750000000000e+01
1.472578125000000000e+02 6.540625000000000000e+01
1.507500000000000000e+02 7.464843750000000000e+01
1.548242187500000000e+02 8.460156250000000000e+01
1.361992187500000000e+02 9.739843750000000000e+01
1.431835937500000000e+02 9.810937500000000000e+01
1.507500000000000000e+02 9.882031250000000000e+01
1.554062500000000000e+02 9.810937500000000000e+01
1.594804687500000000e+02 9.597656250000000000e+01
1.012773437500000000e+02 6.129687500000000000e+01
1.053515625000000000e+02 5.332031250000000000e+01
1.152460937500000000e+02 5.189843750000000000e+01
1.228125000000000000e+02 5.829687500000000000e+01
1.146640625000000000e+02 6.185156250000000000e+01
1.059335937500000000e+02 6.185156250000000000e+01
1.507500000000000000e+02 5.829687500000000000e+01
1.559882812500000000e+02 5.189843750000000000e+01
1.629726562500000000e+02 5.189843750000000000e+01
1.664648437500000000e+02 5.845312500000000000e+01
1.635546875000000000e+02 5.971875000000000000e+01
1.571523437500000000e+02 6.042968750000000000e+01
1.292148437500000000e+02 1.201484375000000000e+02
1.379453125000000000e+02 1.151718750000000000e+02
1.472578125000000000e+02 1.146171875000000000e+02
1.519140625000000000e+02 1.123281250000000000e+02
1.559882812500000000e+02 1.139062500000000000e+02
1.600625000000000000e+02 1.130390625000000000e+02
1.623906250000000000e+02 1.173046875000000000e+02
1.612265625000000000e+02 1.237031250000000000e+02
1.583164062500000000e+02 1.293906250000000000e+02
1.524960937500000000e+02 1.322343750000000000e+02
1.437656250000000000e+02 1.315234375000000000e+02
1.356171875000000000e+02 1.272578125000000000e+02
1.303789062500000000e+02 1.201484375000000000e+02
1.408554687500000000e+02 1.201484375000000000e+02
1.513320312500000000e+02 1.201484375000000000e+02
1.559882812500000000e+02 1.187265625000000000e+02
1.606445312500000000e+02 1.173046875000000000e+02
1.565703125000000000e+02 1.187265625000000000e+02
1.519140625000000000e+02 1.201484375000000000e+02
1.408554687500000000e+02 1.201484375000000000e+02
