5.387500000000000000e+01 5.835937500000000000e+01
5.618750000000000000e+01 8.015625000000000000e+01
6.139062500000000000e+01 1.019531250000000000e+02
6.832812500000000000e+01 1.223437500000000000e+02
7.989062500000000000e+01 1.385156250000000000e+02
9.607812500000000000e+01 1.490625000000000000e+02
1.134218750000000000e+02 1.567968750000000000e+02
1.319218750000000000e+02 1.610156250000000000e+02
1.498437500000000000e+02 1.582031250000000000e+02
1.590937500000000000e+02 1.497656250000000000e+02
1.642968750000000000e+02 1.371093750000000000e+02
1.683437500000000000e+02 1.230468750000000000e+02
1.718125000000000000e+02 1.089843750000000000e+02
1.741250000000000000e+02 9.492187500000000000e+01
1.741250000000000000e+02 8.085937500000000000e+01
1.729687500000000000e+02 6.679687500000000000e+01
1.706562500000000000e+02 5.343750000000000000e+01
9.087500000000000000e+01 4.148437500000000000e+01
9.839062500000000000e+01 3.164062500000000000e+01
1.099531250000000000e+02 2.812500000000000000e+01
1.220937500000000000e+02 2.953125000000000000e+01
1.330781250000000000e+02 3.445312500000000000e+01
1.533125000000000000e+02 4.007812500000000000e+01
1.585156250000000000e+02 3.796875000000000000e+01
1.637187500000000000e+02 3.585937500000000000e+01
1.695000000000000000e+02 3.656250000000000000e+01
1.718125000000000000e+02 4.218750000000000000e+01
1.452187500000000000e+02 5.484375000000000000e+01
1.486875000000000000e+02 6.468750000000000000e+01
1.515781250000000000e+02 7.382812500000000000e+01
1.556250000000000000e+02 8.367187500000000000e+01
1.371250000000000000e+02 9.632812500000000000e+01
1.440625000000000000e+02 9.703125000000000000e+01
1.510000000000000000e+02 9.843750000000000000e+01
1.556250000000000000e+02 9.703125000000000000e+01
1.590937500000000000e+02 9.562500000000000000e+01
1.024375000000000000e+02 6.065625000000000000e+01
1.070625000000000000e+02 5.203125000000000000e+01
1.168906250000000000e+02 5.132812500000000000e+01
1.244062500000000000e+02 5.835937500000000000e+01
1.157343750000000000e+02 6.187500000000000000e+01
1.070625000000000000e+02 6.117187500000000000e+01
1.515781250000000000e+02 5.835937500000000000e+01
1.567812500000000000e+02 5.203125000000000000e+01
1.637187500000000000e+02 5.203125000000000000e+01
1.671875000000000000e+02 5.925000000000000000e+01
1.642968750000000000e+02 5.976562500000000000e+01
1.579375000000000000e+02 6.117187500000000000e+01
1.284531250000000000e+02 1.188281250000000000e+02
1.377031250000000000e+02 1.139062500000000000e+02
1.469531250000000000e+02 1.133906250000000000e+02
1.515781250000000000e+02 1.110937500000000000e+02
1.556250000000000000e+02 1.126875000000000000e+02
1.602500000000000000e+02 1.117968750000000000e+02
1.614062500000000000e+02 1.167187500000000000e+02
1.608281250000000000e+02 1.230468750000000000e+02
1.579375000000000000e+02 1.286718750000000000e+02
1.527343750000000000e+02 1.314843750000000000e+02
1.434843750000000000e+02 1.307812500000000000e+02
1.353906250000000000e+02 1.265625000000000000e+02
1.301875000000000000e+02 1.188281250000000000e+02
1.405937500000000000e+02 1.188281250000000000e+02
1.515781250000000000e+02 1.188281250000000000e+02
1.562031250000000000e+02 1.174218750000000000e+02
1.602500000000000000e+02 1.167187500000000000e+02
1.562031250000000000e+02 1.174218750000000000e+02
1.515781250000000000e+02 1.188281250000000000e+02
1.411718750000000000e+02 1.188281250000000000e+02
