5.392968750000000000e+01 5.906250000000000000e+01
5.622656250000000000e+01 8.015625000000000000e+01
6.082031250000000000e+01 1.026562500000000000e+02
6.771093750000000000e+01 1.223437500000000000e+02
7.862109375000000000e+01 1.385156250000000000e+02
9.469921875000000000e+01 1.490625000000000000e+02
1.119257812500000000e+02 1.567968750000000000e+02
1.297265625000000000e+02 1.617187500000000000e+02
1.475273437500000000e+02 1.603125000000000000e+02
1.567148437500000000e+02 1.511718750000000000e+02
1.613085937500000000e+02 1.378125000000000000e+02
1.653281250000000000e+02 1.244531250000000000e+02
1.699218750000000000e+02 1.110937500000000000e+02
1.716445312500000000e+02 9.632812500000000000e+01
1.722187500000000000e+02 8.085937500000000000e+01
1.710703125000000000e+02 6.750000000000000000e+01
1.687734375000000000e+02 5.414062500000000000e+01
9.067968750000000000e+01 4.289062500000000000e+01
9.757031250000000000e+01 3.304687500000000000e+01
1.090546875000000000e+02 2.882812500000000000e+01
1.205390625000000000e+02 3.023437500000000000e+01
1.314492187500000000e+02 3.445312500000000000e+01
1.515468750000000000e+02 4.007812500000000000e+01
1.567148437500000000e+02 3.796875000000000000e+01
1.618828125000000000e+02 3.585937500000000000e+01
1.670507812500000000e+02 3.656250000000000000e+01
1.693476562500000000e+02 4.148437500000000000e+01
1.435078125000000000e+02 5.484375000000000000e+01
1.469531250000000000e+02 6.398437500000000000e+01
1.503984375000000000e+02 7.382812500000000000e+01
1.544179687500000000e+02 8.367187500000000000e+01
1.354687500000000000e+02 9.632812500000000000e+01
1.423593750000000000e+02 9.703125000000000000e+01
1.492500000000000000e+02 9.773437500000000000e+01
1.544179687500000000e+02 9.703125000000000000e+01
1.578632812500000000e+02 9.492187500000000000e+01
1.015898437500000000e+02 6.135937500000000000e+01
1.061835937500000000e+02 5.343750000000000000e+01
1.159453125000000000e+02 5.203125000000000000e+01
1.228359375000000000e+02 5.906250000000000000e+01
1.147968750000000000e+02 6.187500000000000000e+01
1.061835937500000000e+02 6.187500000000000000e+01
1.498242187500000000e+02 5.835937500000000000e+01
1.549921875000000000e+02 5.273437500000000000e+01
1.618828125000000000e+02 5.273437500000000000e+01
1.647539062500000000e+02 5.995312500000000000e+01
1.624570312500000000e+02 5.976562500000000000e+01
1.555664062500000000e+02 6.117187500000000000e+01
1.239843750000000000e+02 1.181250000000000000e+02
1.343203125000000000e+02 1.132031250000000000e+02
1.446562500000000000e+02 1.119843750000000000e+02
1.498242187500000000e+02 1.103906250000000000e+02
1.538437500000000000e+02 1.119843750000000000e+02
1.584375000000000000e+02 1.110937500000000000e+02
1.595859375000000000e+02 1.160156250000000000e+02
1.590117187500000000e+02 1.237500000000000000e+02
1.555664062500000000e+02 1.300781250000000000e+02
1.503984375000000000e+02 1.335937500000000000e+02
1.400625000000000000e+02 1.328906250000000000e+02
1.308750000000000000e+02 1.272656250000000000e+02
1.257070312500000000e+02 1.181250000000000000e+02
1.377656250000000000e+02 1.181250000000000000e+02
1.492500000000000000e+02 1.181250000000000000e+02
1.538437500000000000e+02 1.167187500000000000e+02
1.578632812500000000e+02 1.160156250000000000e+02
1.538437500000000000e+02 1.174218750000000000e+02
1.492500000000000000e+02 1.195312500000000000e+02
1.377656250000000000e+02 1.188281250000000000e+02
