5.445312500000000000e+01 5.726953125000000000e+01
5.676562500000000000e+01 7.848046875000000000e+01
6.081250000000000000e+01 1.011054687500000000e+02
6.717187500000000000e+01 1.216093750000000000e+02
7.815625000000000000e+01 1.378710937500000000e+02
9.376562500000000000e+01 1.491835937500000000e+02
1.111093750000000000e+02 1.576679687500000000e+02
1.290312500000000000e+02 1.633242187500000000e+02
1.469531250000000000e+02 1.619101562500000000e+02
1.567812500000000000e+02 1.534257812500000000e+02
1.619843750000000000e+02 1.392851562500000000e+02
1.666093750000000000e+02 1.258515625000000000e+02
1.706562500000000000e+02 1.117109375000000000e+02
1.735468750000000000e+02 9.686328125000000000e+01
1.735468750000000000e+02 8.130859375000000000e+01
1.723906250000000000e+02 6.787500000000000000e+01
1.700781250000000000e+02 5.444140625000000000e+01
9.203125000000000000e+01 4.100781250000000000e+01
9.896875000000000000e+01 3.110937500000000000e+01
1.099531250000000000e+02 2.757421875000000000e+01
1.220937500000000000e+02 2.898828125000000000e+01
1.325000000000000000e+02 3.323046875000000000e+01
1.533125000000000000e+02 3.959375000000000000e+01
1.585156250000000000e+02 3.747265625000000000e+01
1.637187500000000000e+02 3.535156250000000000e+01
1.689218750000000000e+02 3.535156250000000000e+01
1.712343750000000000e+02 4.030078125000000000e+01
1.452187500000000000e+02 5.373437500000000000e+01
1.486875000000000000e+02 6.363281250000000000e+01
1.521562500000000000e+02 7.282421875000000000e+01
1.562031250000000000e+02 8.272265625000000000e+01
1.371250000000000000e+02 9.544921875000000000e+01
1.440625000000000000e+02 9.615625000000000000e+01
1.510000000000000000e+02 9.757031250000000000e+01
1.556250000000000000e+02 9.615625000000000000e+01
1.596718750000000000e+02 9.474218750000000000e+01
1.030156250000000000e+02 6.026953125000000000e+01
1.076406250000000000e+02 5.232031250000000000e+01
1.168906250000000000e+02 5.090625000000000000e+01
1.244062500000000000e+02 5.797656250000000000e+01
1.163125000000000000e+02 6.151171875000000000e+01
1.076406250000000000e+02 6.080468750000000000e+01
1.510000000000000000e+02 5.797656250000000000e+01
1.562031250000000000e+02 5.232031250000000000e+01
1.637187500000000000e+02 5.161328125000000000e+01
1.666093750000000000e+02 5.885546875000000000e+01
1.637187500000000000e+02 5.939062500000000000e+01
1.573593750000000000e+02 6.009765625000000000e+01
1.255625000000000000e+02 1.180742187500000000e+02
1.353906250000000000e+02 1.131250000000000000e+02
1.463750000000000000e+02 1.118828125000000000e+02
1.510000000000000000e+02 1.102968750000000000e+02
1.550468750000000000e+02 1.118828125000000000e+02
1.590937500000000000e+02 1.117109375000000000e+02
1.596718750000000000e+02 1.173671875000000000e+02
1.590937500000000000e+02 1.244375000000000000e+02
1.562031250000000000e+02 1.308007812500000000e+02
1.504218750000000000e+02 1.343359375000000000e+02
1.405937500000000000e+02 1.336289062500000000e+02
1.319218750000000000e+02 1.272656250000000000e+02
1.272968750000000000e+02 1.187812500000000000e+02
1.388593750000000000e+02 1.180742187500000000e+02
1.504218750000000000e+02 1.180742187500000000e+02
1.544687500000000000e+02 1.173671875000000000e+02
1.585156250000000000e+02 1.173671875000000000e+02
1.544687500000000000e+02 1.180742187500000000e+02
1.498437500000000000e+02 1.194882812500000000e+02
1.388593750000000000e+02 1.187812500000000000e+02
