5.220703125000000000e+01 6.042968750000000000e+01
5.450390625000000000e+01 8.246875000000000000e+01
5.909765625000000000e+01 1.045078125000000000e+02
6.771093750000000000e+01 1.258359375000000000e+02
7.919531250000000000e+01 1.407656250000000000e+02
9.527343750000000000e+01 1.514296875000000000e+02
1.130742187500000000e+02 1.585390625000000000e+02
1.314492187500000000e+02 1.628046875000000000e+02
1.492500000000000000e+02 1.599609375000000000e+02
1.584375000000000000e+02 1.507187500000000000e+02
1.636054687500000000e+02 1.372109375000000000e+02
1.681992187500000000e+02 1.237031250000000000e+02
1.716445312500000000e+02 1.094843750000000000e+02
1.733671875000000000e+02 9.526562500000000000e+01
1.733671875000000000e+02 8.033593750000000000e+01
1.716445312500000000e+02 6.611718750000000000e+01
1.693476562500000000e+02 5.260937500000000000e+01
8.838281250000000000e+01 4.265625000000000000e+01
9.584765625000000000e+01 3.270312500000000000e+01
1.073320312500000000e+02 2.914843750000000000e+01
1.193906250000000000e+02 3.128125000000000000e+01
1.303007812500000000e+02 3.483593750000000000e+01
1.509726562500000000e+02 4.052343750000000000e+01
1.561406250000000000e+02 3.767968750000000000e+01
1.613085937500000000e+02 3.483593750000000000e+01
1.670507812500000000e+02 3.554687500000000000e+01
1.699218750000000000e+02 4.052343750000000000e+01
1.429335937500000000e+02 5.545312500000000000e+01
1.463789062500000000e+02 6.540625000000000000e+01
1.498242187500000000e+02 7.535937500000000000e+01
1.538437500000000000e+02 8.460156250000000000e+01
1.354687500000000000e+02 9.739843750000000000e+01
1.423593750000000000e+02 9.810937500000000000e+01
1.492500000000000000e+02 9.953125000000000000e+01
1.544179687500000000e+02 9.810937500000000000e+01
1.578632812500000000e+02 9.597656250000000000e+01
1.004414062500000000e+02 6.200781250000000000e+01
1.050351562500000000e+02 5.332031250000000000e+01
1.147968750000000000e+02 5.260937500000000000e+01
1.222617187500000000e+02 5.900781250000000000e+01
1.142226562500000000e+02 6.256250000000000000e+01
1.056093750000000000e+02 6.256250000000000000e+01
1.492500000000000000e+02 5.900781250000000000e+01
1.544179687500000000e+02 5.260937500000000000e+01
1.618828125000000000e+02 5.118750000000000000e+01
1.653281250000000000e+02 5.845312500000000000e+01
1.624570312500000000e+02 5.971875000000000000e+01
1.555664062500000000e+02 6.114062500000000000e+01
1.274296875000000000e+02 1.215703125000000000e+02
1.366171875000000000e+02 1.158828125000000000e+02
1.463789062500000000e+02 1.146171875000000000e+02
1.509726562500000000e+02 1.123281250000000000e+02
1.549921875000000000e+02 1.139062500000000000e+02
1.595859375000000000e+02 1.123281250000000000e+02
1.613085937500000000e+02 1.165937500000000000e+02
1.607343750000000000e+02 1.229921875000000000e+02
1.572890625000000000e+02 1.286796875000000000e+02
1.521210937500000000e+02 1.322343750000000000e+02
1.429335937500000000e+02 1.322343750000000000e+02
1.343203125000000000e+02 1.279687500000000000e+02
1.291523437500000000e+02 1.208593750000000000e+02
1.400625000000000000e+02 1.201484375000000000e+02
1.509726562500000000e+02 1.194375000000000000e+02
1.555664062500000000e+02 1.173046875000000000e+02
1.601601562500000000e+02 1.165937500000000000e+02
1.555664062500000000e+02 1.180156250000000000e+02
1.509726562500000000e+02 1.201484375000000000e+02
1.400625000000000000e+02 1.201484375000000000e+02
