5.129687500000000000e+01 5.797656250000000000e+01
5.360937500000000000e+01 7.989453125000000000e+01
5.823437500000000000e+01 1.011054687500000000e+02
6.575000000000000000e+01 1.216093750000000000e+02
7.731250000000000000e+01 1.378710937500000000e+02
9.292187500000000000e+01 1.491835937500000000e+02
1.102656250000000000e+02 1.576679687500000000e+02
1.287656250000000000e+02 1.633242187500000000e+02
1.466875000000000000e+02 1.619101562500000000e+02
1.565156250000000000e+02 1.527187500000000000e+02
1.622968750000000000e+02 1.392851562500000000e+02
1.675000000000000000e+02 1.251445312500000000e+02
1.715468750000000000e+02 1.110039062500000000e+02
1.744375000000000000e+02 9.544921875000000000e+01
1.738593750000000000e+02 7.918750000000000000e+01
1.721250000000000000e+02 6.504687500000000000e+01
1.686562500000000000e+02 5.161328125000000000e+01
8.829687500000000000e+01 4.242187500000000000e+01
9.581250000000000000e+01 3.252343750000000000e+01
1.073750000000000000e+02 2.898828125000000000e+01
1.189375000000000000e+02 3.110937500000000000e+01
1.305000000000000000e+02 3.535156250000000000e+01
1.507343750000000000e+02 4.030078125000000000e+01
1.559375000000000000e+02 3.747265625000000000e+01
1.611406250000000000e+02 3.464453125000000000e+01
1.663437500000000000e+02 3.464453125000000000e+01
1.698125000000000000e+02 3.959375000000000000e+01
1.426406250000000000e+02 5.444140625000000000e+01
1.466875000000000000e+02 6.504687500000000000e+01
1.501562500000000000e+02 7.494531250000000000e+01
1.536250000000000000e+02 8.484375000000000000e+01
1.351250000000000000e+02 9.686328125000000000e+01
1.420625000000000000e+02 9.757031250000000000e+01
1.490000000000000000e+02 9.898437500000000000e+01
1.542031250000000000e+02 9.757031250000000000e+01
1.576718750000000000e+02 9.544921875000000000e+01
1.004375000000000000e+02 6.097656250000000000e+01
1.050625000000000000e+02 5.302734375000000000e+01
1.148906250000000000e+02 5.232031250000000000e+01
1.218281250000000000e+02 5.939062500000000000e+01
1.137343750000000000e+02 6.292578125000000000e+01
1.050625000000000000e+02 6.221875000000000000e+01
1.490000000000000000e+02 5.797656250000000000e+01
1.542031250000000000e+02 5.161328125000000000e+01
1.611406250000000000e+02 5.019921875000000000e+01
1.651875000000000000e+02 5.744140625000000000e+01
1.622968750000000000e+02 5.797656250000000000e+01
1.553593750000000000e+02 5.939062500000000000e+01
1.229843750000000000e+02 1.194882812500000000e+02
1.328125000000000000e+02 1.138320312500000000e+02
1.443750000000000000e+02 1.132968750000000000e+02
1.490000000000000000e+02 1.110039062500000000e+02
1.536250000000000000e+02 1.125898437500000000e+02
1.582500000000000000e+02 1.117109375000000000e+02
1.594062500000000000e+02 1.173671875000000000e+02
1.588281250000000000e+02 1.251445312500000000e+02
1.553593750000000000e+02 1.322148437500000000e+02
1.490000000000000000e+02 1.364570312500000000e+02
1.385937500000000000e+02 1.357500000000000000e+02
1.293437500000000000e+02 1.300937500000000000e+02
1.247187500000000000e+02 1.194882812500000000e+02
1.368593750000000000e+02 1.187812500000000000e+02
1.484218750000000000e+02 1.180742187500000000e+02
1.536250000000000000e+02 1.173671875000000000e+02
1.582500000000000000e+02 1.173671875000000000e+02
1.536250000000000000e+02 1.201953125000000000e+02
1.484218750000000000e+02 1.223164062500000000e+02
1.362812500000000000e+02 1.209023437500000000e+02
