4.997656250000000000e+01 5.933203125000000000e+01
5.292578125000000000e+01 8.149218750000000000e+01
5.764453125000000000e+01 1.029375000000000000e+02
6.590234375000000000e+01 1.236679687500000000e+02
7.710937500000000000e+01 1.401093750000000000e+02
9.421484375000000000e+01 1.508320312500000000e+02
1.119101562500000000e+02 1.586953125000000000e+02
1.307851562500000000e+02 1.636992187500000000e+02
1.484804687500000000e+02 1.615546875000000000e+02
1.585078125000000000e+02 1.515468750000000000e+02
1.638164062500000000e+02 1.379648437500000000e+02
1.685351562500000000e+02 1.236679687500000000e+02
1.720742187500000000e+02 1.093710937500000000e+02
1.738437500000000000e+02 9.507421875000000000e+01
1.738437500000000000e+02 7.934765625000000000e+01
1.720742187500000000e+02 6.505078125000000000e+01
1.685351562500000000e+02 5.075390625000000000e+01
8.654687500000000000e+01 4.289062500000000000e+01
9.421484375000000000e+01 3.288281250000000000e+01
1.060117187500000000e+02 3.002343750000000000e+01
1.183984375000000000e+02 3.145312500000000000e+01
1.296054687500000000e+02 3.574218750000000000e+01
1.496601562500000000e+02 4.003125000000000000e+01
1.549687500000000000e+02 3.788671875000000000e+01
1.602773437500000000e+02 3.502734375000000000e+01
1.655859375000000000e+02 3.431250000000000000e+01
1.685351562500000000e+02 3.931640625000000000e+01
1.425820312500000000e+02 5.504296875000000000e+01
1.461210937500000000e+02 6.505078125000000000e+01
1.496601562500000000e+02 7.505859375000000000e+01
1.537890625000000000e+02 8.506640625000000000e+01
1.349140625000000000e+02 9.793359375000000000e+01
1.419921875000000000e+02 9.864843750000000000e+01
1.496601562500000000e+02 9.936328125000000000e+01
1.543789062500000000e+02 9.793359375000000000e+01
1.585078125000000000e+02 9.578906250000000000e+01
9.893359375000000000e+01 6.161718750000000000e+01
1.036523437500000000e+02 5.361328125000000000e+01
1.136796875000000000e+02 5.289843750000000000e+01
1.213476562500000000e+02 5.933203125000000000e+01
1.130898437500000000e+02 6.290625000000000000e+01
1.042421875000000000e+02 6.290625000000000000e+01
1.490703125000000000e+02 5.861718750000000000e+01
1.537890625000000000e+02 5.218359375000000000e+01
1.608671875000000000e+02 5.075390625000000000e+01
1.644062500000000000e+02 5.804296875000000000e+01
1.620468750000000000e+02 5.861718750000000000e+01
1.549687500000000000e+02 6.004687500000000000e+01
1.248867187500000000e+02 1.186640625000000000e+02
1.349140625000000000e+02 1.143750000000000000e+02
1.455312500000000000e+02 1.138007812500000000e+02
1.502500000000000000e+02 1.115156250000000000e+02
1.543789062500000000e+02 1.130859375000000000e+02
1.585078125000000000e+02 1.122304687500000000e+02
1.608671875000000000e+02 1.165195312500000000e+02
1.602773437500000000e+02 1.236679687500000000e+02
1.567382812500000000e+02 1.301015625000000000e+02
1.508398437500000000e+02 1.329609375000000000e+02
1.414023437500000000e+02 1.329609375000000000e+02
1.319648437500000000e+02 1.272421875000000000e+02
1.266562500000000000e+02 1.186640625000000000e+02
1.384531250000000000e+02 1.186640625000000000e+02
1.496601562500000000e+02 1.186640625000000000e+02
1.549687500000000000e+02 1.172343750000000000e+02
1.590976562500000000e+02 1.165195312500000000e+02
1.549687500000000000e+02 1.179492187500000000e+02
1.496601562500000000e+02 1.200937500000000000e+02
1.384531250000000000e+02 1.193789062500000000e+02
