5.602734375000000000e+01 6.083203125000000000e+01
5.829296875000000000e+01 8.250781250000000000e+01
6.339062500000000000e+01 1.048828125000000000e+02
7.132031250000000000e+01 1.244609375000000000e+02
8.208203125000000000e+01 1.398437500000000000e+02
9.850781250000000000e+01 1.496328125000000000e+02
1.166328125000000000e+02 1.573242187500000000e+02
1.341914062500000000e+02 1.615195312500000000e+02
1.517500000000000000e+02 1.580234375000000000e+02
1.608125000000000000e+02 1.489335937500000000e+02
1.653437500000000000e+02 1.349492187500000000e+02
1.698750000000000000e+02 1.209648437500000000e+02
1.732734375000000000e+02 1.076796875000000000e+02
1.755390625000000000e+02 9.299609375000000000e+01
1.749726562500000000e+02 7.761328125000000000e+01
1.727070312500000000e+02 6.432812500000000000e+01
1.698750000000000000e+02 5.104296875000000000e+01
8.887890625000000000e+01 4.335156250000000000e+01
9.680859375000000000e+01 3.426171875000000000e+01
1.081367187500000000e+02 3.076562500000000000e+01
1.194648437500000000e+02 3.216406250000000000e+01
1.307929687500000000e+02 3.635937500000000000e+01
1.511835937500000000e+02 4.055468750000000000e+01
1.557148437500000000e+02 3.775781250000000000e+01
1.613789062500000000e+02 3.566015625000000000e+01
1.670429687500000000e+02 3.496093750000000000e+01
1.698750000000000000e+02 3.915625000000000000e+01
1.432539062500000000e+02 5.523828125000000000e+01
1.472187500000000000e+02 6.502734375000000000e+01
1.506171875000000000e+02 7.481640625000000000e+01
1.545820312500000000e+02 8.530468750000000000e+01
1.364570312500000000e+02 9.719140625000000000e+01
1.438203125000000000e+02 9.789062500000000000e+01
1.511835937500000000e+02 9.858984375000000000e+01
1.557148437500000000e+02 9.719140625000000000e+01
1.596796875000000000e+02 9.439453125000000000e+01
1.013398437500000000e+02 6.243359375000000000e+01
1.064375000000000000e+02 5.453906250000000000e+01
1.155000000000000000e+02 5.314062500000000000e+01
1.234296875000000000e+02 5.873437500000000000e+01
1.155000000000000000e+02 6.292968750000000000e+01
1.064375000000000000e+02 6.292968750000000000e+01
1.500507812500000000e+02 5.873437500000000000e+01
1.545820312500000000e+02 5.174218750000000000e+01
1.619453125000000000e+02 5.034375000000000000e+01
1.653437500000000000e+02 5.753906250000000000e+01
1.625117187500000000e+02 5.803515625000000000e+01
1.562812500000000000e+02 6.013281250000000000e+01
1.302265625000000000e+02 1.188671875000000000e+02
1.381562500000000000e+02 1.132734375000000000e+02
1.472187500000000000e+02 1.120781250000000000e+02
1.517500000000000000e+02 1.104765625000000000e+02
1.562812500000000000e+02 1.113789062500000000e+02
1.602460937500000000e+02 1.097773437500000000e+02
1.625117187500000000e+02 1.139726562500000000e+02
1.613789062500000000e+02 1.216640625000000000e+02
1.585468750000000000e+02 1.272578125000000000e+02
1.534492187500000000e+02 1.307539062500000000e+02
1.443867187500000000e+02 1.307539062500000000e+02
1.364570312500000000e+02 1.265585937500000000e+02
1.313593750000000000e+02 1.188671875000000000e+02
1.415546875000000000e+02 1.167695312500000000e+02
1.517500000000000000e+02 1.160703125000000000e+02
1.562812500000000000e+02 1.146718750000000000e+02
1.608125000000000000e+02 1.146718750000000000e+02
1.568476562500000000e+02 1.167695312500000000e+02
1.523164062500000000e+02 1.188671875000000000e+02
1.415546875000000000e+02 1.181679687500000000e+02
