5.329687500000000000e+01 6.009765625000000000e+01
5.560937500000000000e+01 8.201562500000000000e+01
6.081250000000000000e+01 1.039335937500000000e+02
6.832812500000000000e+01 1.244375000000000000e+02
7.989062500000000000e+01 1.399921875000000000e+02
9.607812500000000000e+01 1.505976562500000000e+02
1.140000000000000000e+02 1.576679687500000000e+02
1.319218750000000000e+02 1.619101562500000000e+02
1.492656250000000000e+02 1.590820312500000000e+02
1.590937500000000000e+02 1.505976562500000000e+02
1.642968750000000000e+02 1.371640625000000000e+02
1.683437500000000000e+02 1.230234375000000000e+02
1.718125000000000000e+02 1.095898437500000000e+02
1.741250000000000000e+02 9.474218750000000000e+01
1.741250000000000000e+02 7.989453125000000000e+01
1.723906250000000000e+02 6.575390625000000000e+01
1.700781250000000000e+02 5.302734375000000000e+01
8.856250000000000000e+01 4.171484375000000000e+01
9.607812500000000000e+01 3.181640625000000000e+01
1.076406250000000000e+02 2.898828125000000000e+01
1.197812500000000000e+02 3.040234375000000000e+01
1.307656250000000000e+02 3.535156250000000000e+01
1.510000000000000000e+02 4.030078125000000000e+01
1.562031250000000000e+02 3.747265625000000000e+01
1.614062500000000000e+02 3.535156250000000000e+01
1.671875000000000000e+02 3.605859375000000000e+01
1.706562500000000000e+02 4.100781250000000000e+01
1.429062500000000000e+02 5.444140625000000000e+01
1.463750000000000000e+02 6.504687500000000000e+01
1.498437500000000000e+02 7.494531250000000000e+01
1.538906250000000000e+02 8.413671875000000000e+01
1.359687500000000000e+02 9.686328125000000000e+01
1.429062500000000000e+02 9.757031250000000000e+01
1.498437500000000000e+02 9.898437500000000000e+01
1.544687500000000000e+02 9.757031250000000000e+01
1.585156250000000000e+02 9.544921875000000000e+01
1.007031250000000000e+02 6.097656250000000000e+01
1.053281250000000000e+02 5.302734375000000000e+01
1.145781250000000000e+02 5.232031250000000000e+01
1.220937500000000000e+02 5.868359375000000000e+01
1.140000000000000000e+02 6.221875000000000000e+01
1.053281250000000000e+02 6.221875000000000000e+01
1.498437500000000000e+02 5.868359375000000000e+01
1.550468750000000000e+02 5.232031250000000000e+01
1.625625000000000000e+02 5.161328125000000000e+01
1.654531250000000000e+02 5.885546875000000000e+01
1.625625000000000000e+02 5.939062500000000000e+01
1.562031250000000000e+02 6.009765625000000000e+01
1.290312500000000000e+02 1.194882812500000000e+02
1.377031250000000000e+02 1.145390625000000000e+02
1.463750000000000000e+02 1.132968750000000000e+02
1.510000000000000000e+02 1.117109375000000000e+02
1.550468750000000000e+02 1.132968750000000000e+02
1.596718750000000000e+02 1.124179687500000000e+02
1.619843750000000000e+02 1.173671875000000000e+02
1.608281250000000000e+02 1.237304687500000000e+02
1.573593750000000000e+02 1.293867187500000000e+02
1.521562500000000000e+02 1.315078125000000000e+02
1.434843750000000000e+02 1.308007812500000000e+02
1.353906250000000000e+02 1.265585937500000000e+02
1.301875000000000000e+02 1.194882812500000000e+02
1.405937500000000000e+02 1.194882812500000000e+02
1.510000000000000000e+02 1.194882812500000000e+02
1.556250000000000000e+02 1.180742187500000000e+02
1.602500000000000000e+02 1.173671875000000000e+02
1.562031250000000000e+02 1.180742187500000000e+02
1.510000000000000000e+02 1.194882812500000000e+02
1.405937500000000000e+02 1.194882812500000000e+02
