5.180468750000000000e+01 5.868359375000000000e+01
5.413281250000000000e+01 8.130859375000000000e+01
5.878906250000000000e+01 1.032265625000000000e+02
6.693750000000000000e+01 1.230234375000000000e+02
7.799609375000000000e+01 1.399921875000000000e+02
9.429296875000000000e+01 1.498906250000000000e+02
1.129179687500000000e+02 1.576679687500000000e+02
1.315429687500000000e+02 1.626171875000000000e+02
1.495859375000000000e+02 1.590820312500000000e+02
1.594804687500000000e+02 1.505976562500000000e+02
1.647187500000000000e+02 1.364570312500000000e+02
1.693750000000000000e+02 1.223164062500000000e+02
1.734492187500000000e+02 1.081757812500000000e+02
1.751953125000000000e+02 9.403515625000000000e+01
1.746132812500000000e+02 7.777343750000000000e+01
1.722851562500000000e+02 6.363281250000000000e+01
1.693750000000000000e+02 5.019921875000000000e+01
8.672656250000000000e+01 4.242187500000000000e+01
9.429296875000000000e+01 3.252343750000000000e+01
1.059335937500000000e+02 2.898828125000000000e+01
1.181562500000000000e+02 3.110937500000000000e+01
1.292148437500000000e+02 3.535156250000000000e+01
1.501679687500000000e+02 4.030078125000000000e+01
1.554062500000000000e+02 3.676562500000000000e+01
1.612265625000000000e+02 3.464453125000000000e+01
1.670468750000000000e+02 3.393750000000000000e+01
1.705390625000000000e+02 3.888671875000000000e+01
1.426015625000000000e+02 5.444140625000000000e+01
1.460937500000000000e+02 6.433984375000000000e+01
1.495859375000000000e+02 7.423828125000000000e+01
1.530781250000000000e+02 8.413671875000000000e+01
1.350351562500000000e+02 9.686328125000000000e+01
1.420195312500000000e+02 9.757031250000000000e+01
1.495859375000000000e+02 9.827734375000000000e+01
1.542421875000000000e+02 9.686328125000000000e+01
1.583164062500000000e+02 9.474218750000000000e+01
9.953125000000000000e+01 6.168359375000000000e+01
1.041875000000000000e+02 5.302734375000000000e+01
1.140820312500000000e+02 5.232031250000000000e+01
1.216484375000000000e+02 5.797656250000000000e+01
1.135000000000000000e+02 6.221875000000000000e+01
1.041875000000000000e+02 6.151171875000000000e+01
1.490039062500000000e+02 5.797656250000000000e+01
1.542421875000000000e+02 5.161328125000000000e+01
1.612265625000000000e+02 5.019921875000000000e+01
1.647187500000000000e+02 5.744140625000000000e+01
1.623906250000000000e+02 5.797656250000000000e+01
1.554062500000000000e+02 5.939062500000000000e+01
1.257226562500000000e+02 1.187812500000000000e+02
1.350351562500000000e+02 1.131250000000000000e+02
1.449296875000000000e+02 1.125898437500000000e+02
1.501679687500000000e+02 1.102968750000000000e+02
1.542421875000000000e+02 1.111757812500000000e+02
1.588984375000000000e+02 1.102968750000000000e+02
1.612265625000000000e+02 1.138320312500000000e+02
1.600625000000000000e+02 1.216093750000000000e+02
1.565703125000000000e+02 1.286796875000000000e+02
1.507500000000000000e+02 1.315078125000000000e+02
1.414375000000000000e+02 1.315078125000000000e+02
1.327070312500000000e+02 1.272656250000000000e+02
1.274687500000000000e+02 1.187812500000000000e+02
1.385273437500000000e+02 1.166601562500000000e+02
1.495859375000000000e+02 1.159531250000000000e+02
1.548242187500000000e+02 1.145390625000000000e+02
1.600625000000000000e+02 1.138320312500000000e+02
1.548242187500000000e+02 1.166601562500000000e+02
1.495859375000000000e+02 1.187812500000000000e+02
1.385273437500000000e+02 1.187812500000000000e+02
