6.400000000000000000e+01 5.600000000000000000e+01
6.600000000000000000e+01 7.600000000000000000e+01
7.000000000000000000e+01 9.100000000000000000e+01
7.200000000000000000e+01 1.070000000000000000e+02
7.700000000000000000e+01 1.220000000000000000e+02
7.900000000000000000e+01 1.350000000000000000e+02
8.300000000000000000e+01 1.460000000000000000e+02
9.000000000000000000e+01 1.550000000000000000e+02
1.050000000000000000e+02 1.610000000000000000e+02
1.250000000000000000e+02 1.530000000000000000e+02
1.420000000000000000e+02 1.440000000000000000e+02
1.580000000000000000e+02 1.310000000000000000e+02
1.690000000000000000e+02 1.180000000000000000e+02
1.750000000000000000e+02 1.000000000000000000e+02
1.770000000000000000e+02 8.500000000000000000e+01
1.800000000000000000e+02 7.000000000000000000e+01
1.820000000000000000e+02 5.200000000000000000e+01
4.800000000000000000e+01 4.600000000000000000e+01
4.800000000000000000e+01 4.100000000000000000e+01
5.500000000000000000e+01 3.900000000000000000e+01
6.200000000000000000e+01 4.100000000000000000e+01
6.800000000000000000e+01 4.300000000000000000e+01
9.900000000000000000e+01 3.900000000000000000e+01
1.070000000000000000e+02 3.700000000000000000e+01
1.180000000000000000e+02 3.500000000000000000e+01
1.290000000000000000e+02 3.500000000000000000e+01
1.420000000000000000e+02 3.900000000000000000e+01
8.600000000000000000e+01 6.100000000000000000e+01
8.300000000000000000e+01 7.200000000000000000e+01
8.100000000000000000e+01 8.300000000000000000e+01
8.100000000000000000e+01 9.100000000000000000e+01
8.100000000000000000e+01 9.800000000000000000e+01
8.300000000000000000e+01 9.800000000000000000e+01
8.800000000000000000e+01 1.000000000000000000e+02
9.400000000000000000e+01 9.800000000000000000e+01
1.010000000000000000e+02 9.600000000000000000e+01
5.700000000000000000e+01 6.100000000000000000e+01
5.900000000000000000e+01 5.900000000000000000e+01
6.600000000000000000e+01 5.900000000000000000e+01
7.500000000000000000e+01 6.100000000000000000e+01
6.800000000000000000e+01 6.300000000000000000e+01
6.200000000000000000e+01 6.300000000000000000e+01
1.070000000000000000e+02 5.900000000000000000e+01
1.140000000000000000e+02 5.400000000000000000e+01
1.210000000000000000e+02 5.400000000000000000e+01
1.290000000000000000e+02 5.600000000000000000e+01
1.230000000000000000e+02 5.900000000000000000e+01
1.140000000000000000e+02 5.900000000000000000e+01
7.900000000000000000e+01 1.200000000000000000e+02
7.700000000000000000e+01 1.110000000000000000e+02
8.300000000000000000e+01 1.070000000000000000e+02
9.000000000000000000e+01 1.090000000000000000e+02
9.400000000000000000e+01 1.070000000000000000e+02
1.070000000000000000e+02 1.110000000000000000e+02
1.210000000000000000e+02 1.160000000000000000e+02
1.120000000000000000e+02 1.290000000000000000e+02
1.030000000000000000e+02 1.350000000000000000e+02
9.700000000000000000e+01 1.370000000000000000e+02
8.800000000000000000e+01 1.350000000000000000e+02
8.300000000000000000e+01 1.310000000000000000e+02
7.900000000000000000e+01 1.200000000000000000e+02
8.600000000000000000e+01 1.130000000000000000e+02
9.000000000000000000e+01 1.130000000000000000e+02
9.900000000000000000e+01 1.130000000000000000e+02
1.210000000000000000e+02 1.160000000000000000e+02
1.030000000000000000e+02 1.260000000000000000e+02
9.400000000000000000e+01 1.290000000000000000e+02
8.800000000000000000e+01 1.260000000000000000e+02
