5.800000000000000000e+01 4.100000000000000000e+01
5.800000000000000000e+01 5.900000000000000000e+01
6.000000000000000000e+01 7.400000000000000000e+01
6.300000000000000000e+01 8.900000000000000000e+01
6.500000000000000000e+01 1.060000000000000000e+02
6.900000000000000000e+01 1.220000000000000000e+02
7.300000000000000000e+01 1.350000000000000000e+02
8.200000000000000000e+01 1.480000000000000000e+02
9.700000000000000000e+01 1.560000000000000000e+02
1.170000000000000000e+02 1.520000000000000000e+02
1.340000000000000000e+02 1.450000000000000000e+02
1.490000000000000000e+02 1.350000000000000000e+02
1.620000000000000000e+02 1.220000000000000000e+02
1.710000000000000000e+02 1.040000000000000000e+02
1.750000000000000000e+02 9.100000000000000000e+01
1.820000000000000000e+02 7.600000000000000000e+01
1.840000000000000000e+02 5.900000000000000000e+01
5.600000000000000000e+01 3.500000000000000000e+01
6.000000000000000000e+01 3.300000000000000000e+01
6.900000000000000000e+01 3.300000000000000000e+01
7.800000000000000000e+01 3.700000000000000000e+01
8.400000000000000000e+01 3.900000000000000000e+01
1.190000000000000000e+02 4.300000000000000000e+01
1.280000000000000000e+02 4.100000000000000000e+01
1.380000000000000000e+02 4.100000000000000000e+01
1.490000000000000000e+02 4.100000000000000000e+01
1.600000000000000000e+02 4.800000000000000000e+01
9.900000000000000000e+01 6.300000000000000000e+01
9.700000000000000000e+01 7.600000000000000000e+01
9.500000000000000000e+01 8.700000000000000000e+01
9.500000000000000000e+01 9.500000000000000000e+01
8.900000000000000000e+01 9.800000000000000000e+01
9.100000000000000000e+01 1.000000000000000000e+02
9.700000000000000000e+01 1.020000000000000000e+02
1.040000000000000000e+02 1.000000000000000000e+02
1.080000000000000000e+02 1.000000000000000000e+02
6.500000000000000000e+01 5.200000000000000000e+01
6.900000000000000000e+01 5.200000000000000000e+01
7.800000000000000000e+01 5.400000000000000000e+01
8.600000000000000000e+01 5.900000000000000000e+01
7.800000000000000000e+01 5.900000000000000000e+01
7.100000000000000000e+01 5.900000000000000000e+01
1.210000000000000000e+02 6.300000000000000000e+01
1.280000000000000000e+02 6.100000000000000000e+01
1.360000000000000000e+02 6.100000000000000000e+01
1.450000000000000000e+02 6.300000000000000000e+01
1.360000000000000000e+02 6.700000000000000000e+01
1.280000000000000000e+02 6.500000000000000000e+01
7.800000000000000000e+01 1.170000000000000000e+02
8.200000000000000000e+01 1.130000000000000000e+02
9.100000000000000000e+01 1.110000000000000000e+02
9.500000000000000000e+01 1.110000000000000000e+02
1.020000000000000000e+02 1.110000000000000000e+02
1.100000000000000000e+02 1.150000000000000000e+02
1.190000000000000000e+02 1.220000000000000000e+02
1.100000000000000000e+02 1.280000000000000000e+02
1.040000000000000000e+02 1.320000000000000000e+02
9.500000000000000000e+01 1.320000000000000000e+02
8.900000000000000000e+01 1.300000000000000000e+02
8.200000000000000000e+01 1.260000000000000000e+02
8.000000000000000000e+01 1.150000000000000000e+02
9.100000000000000000e+01 1.150000000000000000e+02
9.500000000000000000e+01 1.170000000000000000e+02
1.040000000000000000e+02 1.170000000000000000e+02
1.190000000000000000e+02 1.220000000000000000e+02
1.020000000000000000e+02 1.240000000000000000e+02
9.500000000000000000e+01 1.240000000000000000e+02
8.900000000000000000e+01 1.220000000000000000e+02
