5.400000000000000000e+01 4.800000000000000000e+01
5.600000000000000000e+01 6.700000000000000000e+01
5.800000000000000000e+01 8.200000000000000000e+01
6.000000000000000000e+01 9.700000000000000000e+01
6.200000000000000000e+01 1.140000000000000000e+02
6.600000000000000000e+01 1.270000000000000000e+02
7.300000000000000000e+01 1.380000000000000000e+02
8.100000000000000000e+01 1.480000000000000000e+02
9.900000000000000000e+01 1.570000000000000000e+02
1.180000000000000000e+02 1.520000000000000000e+02
1.350000000000000000e+02 1.440000000000000000e+02
1.500000000000000000e+02 1.350000000000000000e+02
1.600000000000000000e+02 1.230000000000000000e+02
1.690000000000000000e+02 1.080000000000000000e+02
1.730000000000000000e+02 9.300000000000000000e+01
1.770000000000000000e+02 7.800000000000000000e+01
1.820000000000000000e+02 5.900000000000000000e+01
5.400000000000000000e+01 3.900000000000000000e+01
6.000000000000000000e+01 3.500000000000000000e+01
6.900000000000000000e+01 3.500000000000000000e+01
7.500000000000000000e+01 3.700000000000000000e+01
8.400000000000000000e+01 3.900000000000000000e+01
1.180000000000000000e+02 4.100000000000000000e+01
1.260000000000000000e+02 3.900000000000000000e+01
1.370000000000000000e+02 3.700000000000000000e+01
1.480000000000000000e+02 3.900000000000000000e+01
1.580000000000000000e+02 4.600000000000000000e+01
1.010000000000000000e+02 6.100000000000000000e+01
9.900000000000000000e+01 7.400000000000000000e+01
9.600000000000000000e+01 8.400000000000000000e+01
9.600000000000000000e+01 9.300000000000000000e+01
8.800000000000000000e+01 9.700000000000000000e+01
9.200000000000000000e+01 9.900000000000000000e+01
9.900000000000000000e+01 9.900000000000000000e+01
1.050000000000000000e+02 9.900000000000000000e+01
1.090000000000000000e+02 9.700000000000000000e+01
6.400000000000000000e+01 5.400000000000000000e+01
6.900000000000000000e+01 5.400000000000000000e+01
7.700000000000000000e+01 5.400000000000000000e+01
8.400000000000000000e+01 5.900000000000000000e+01
7.700000000000000000e+01 6.100000000000000000e+01
6.900000000000000000e+01 5.900000000000000000e+01
1.200000000000000000e+02 6.100000000000000000e+01
1.280000000000000000e+02 5.900000000000000000e+01
1.370000000000000000e+02 5.900000000000000000e+01
1.430000000000000000e+02 6.100000000000000000e+01
1.370000000000000000e+02 6.500000000000000000e+01
1.260000000000000000e+02 6.300000000000000000e+01
7.700000000000000000e+01 1.140000000000000000e+02
8.100000000000000000e+01 1.100000000000000000e+02
9.200000000000000000e+01 1.080000000000000000e+02
9.600000000000000000e+01 1.100000000000000000e+02
1.030000000000000000e+02 1.100000000000000000e+02
1.160000000000000000e+02 1.140000000000000000e+02
1.240000000000000000e+02 1.180000000000000000e+02
1.130000000000000000e+02 1.270000000000000000e+02
1.050000000000000000e+02 1.310000000000000000e+02
9.600000000000000000e+01 1.310000000000000000e+02
8.800000000000000000e+01 1.290000000000000000e+02
8.400000000000000000e+01 1.250000000000000000e+02
7.900000000000000000e+01 1.140000000000000000e+02
9.000000000000000000e+01 1.140000000000000000e+02
9.600000000000000000e+01 1.140000000000000000e+02
1.050000000000000000e+02 1.160000000000000000e+02
1.220000000000000000e+02 1.180000000000000000e+02
1.050000000000000000e+02 1.200000000000000000e+02
9.600000000000000000e+01 1.230000000000000000e+02
9.000000000000000000e+01 1.200000000000000000e+02
