6.100000000000000000e+01 4.200000000000000000e+01
6.100000000000000000e+01 6.100000000000000000e+01
6.300000000000000000e+01 7.600000000000000000e+01
6.500000000000000000e+01 9.100000000000000000e+01
6.700000000000000000e+01 1.070000000000000000e+02
7.200000000000000000e+01 1.240000000000000000e+02
7.600000000000000000e+01 1.370000000000000000e+02
8.500000000000000000e+01 1.500000000000000000e+02
1.000000000000000000e+02 1.590000000000000000e+02
1.190000000000000000e+02 1.540000000000000000e+02
1.370000000000000000e+02 1.430000000000000000e+02
1.500000000000000000e+02 1.350000000000000000e+02
1.630000000000000000e+02 1.200000000000000000e+02
1.710000000000000000e+02 1.040000000000000000e+02
1.760000000000000000e+02 8.900000000000000000e+01
1.800000000000000000e+02 7.400000000000000000e+01
1.820000000000000000e+02 5.700000000000000000e+01
5.600000000000000000e+01 3.500000000000000000e+01
5.900000000000000000e+01 3.100000000000000000e+01
6.500000000000000000e+01 3.100000000000000000e+01
7.400000000000000000e+01 3.500000000000000000e+01
8.000000000000000000e+01 3.700000000000000000e+01
1.150000000000000000e+02 4.200000000000000000e+01
1.240000000000000000e+02 3.900000000000000000e+01
1.350000000000000000e+02 3.700000000000000000e+01
1.450000000000000000e+02 3.900000000000000000e+01
1.560000000000000000e+02 4.600000000000000000e+01
9.800000000000000000e+01 6.100000000000000000e+01
9.300000000000000000e+01 7.400000000000000000e+01
9.100000000000000000e+01 8.300000000000000000e+01
9.100000000000000000e+01 9.100000000000000000e+01
8.500000000000000000e+01 9.600000000000000000e+01
8.900000000000000000e+01 9.800000000000000000e+01
9.300000000000000000e+01 1.000000000000000000e+02
1.000000000000000000e+02 9.800000000000000000e+01
1.060000000000000000e+02 9.800000000000000000e+01
6.300000000000000000e+01 5.200000000000000000e+01
6.700000000000000000e+01 5.200000000000000000e+01
7.600000000000000000e+01 5.500000000000000000e+01
8.200000000000000000e+01 5.700000000000000000e+01
7.600000000000000000e+01 5.900000000000000000e+01
6.700000000000000000e+01 5.900000000000000000e+01
1.190000000000000000e+02 6.100000000000000000e+01
1.260000000000000000e+02 6.100000000000000000e+01
1.320000000000000000e+02 6.100000000000000000e+01
1.410000000000000000e+02 6.100000000000000000e+01
1.320000000000000000e+02 6.500000000000000000e+01
1.240000000000000000e+02 6.500000000000000000e+01
7.800000000000000000e+01 1.150000000000000000e+02
8.000000000000000000e+01 1.110000000000000000e+02
8.900000000000000000e+01 1.070000000000000000e+02
9.300000000000000000e+01 1.090000000000000000e+02
9.800000000000000000e+01 1.090000000000000000e+02
1.080000000000000000e+02 1.130000000000000000e+02
1.190000000000000000e+02 1.200000000000000000e+02
1.110000000000000000e+02 1.280000000000000000e+02
1.020000000000000000e+02 1.330000000000000000e+02
9.300000000000000000e+01 1.330000000000000000e+02
8.700000000000000000e+01 1.300000000000000000e+02
8.200000000000000000e+01 1.260000000000000000e+02
7.800000000000000000e+01 1.150000000000000000e+02
8.900000000000000000e+01 1.130000000000000000e+02
9.300000000000000000e+01 1.130000000000000000e+02
1.020000000000000000e+02 1.150000000000000000e+02
1.170000000000000000e+02 1.200000000000000000e+02
1.020000000000000000e+02 1.240000000000000000e+02
9.300000000000000000e+01 1.240000000000000000e+02
8.900000000000000000e+01 1.220000000000000000e+02
