5.500000000000000000e+01 3.800000000000000000e+01
5.800000000000000000e+01 5.600000000000000000e+01
6.000000000000000000e+01 7.100000000000000000e+01
6.200000000000000000e+01 8.700000000000000000e+01
6.400000000000000000e+01 1.020000000000000000e+02
6.600000000000000000e+01 1.200000000000000000e+02
7.100000000000000000e+01 1.330000000000000000e+02
8.000000000000000000e+01 1.460000000000000000e+02
9.500000000000000000e+01 1.550000000000000000e+02
1.170000000000000000e+02 1.530000000000000000e+02
1.350000000000000000e+02 1.440000000000000000e+02
1.500000000000000000e+02 1.330000000000000000e+02
1.640000000000000000e+02 1.200000000000000000e+02
1.700000000000000000e+02 1.040000000000000000e+02
1.770000000000000000e+02 8.900000000000000000e+01
1.810000000000000000e+02 7.400000000000000000e+01
1.860000000000000000e+02 5.600000000000000000e+01
5.300000000000000000e+01 3.400000000000000000e+01
5.800000000000000000e+01 3.200000000000000000e+01
6.600000000000000000e+01 3.400000000000000000e+01
7.500000000000000000e+01 3.600000000000000000e+01
8.200000000000000000e+01 4.000000000000000000e+01
1.170000000000000000e+02 4.300000000000000000e+01
1.260000000000000000e+02 4.300000000000000000e+01
1.370000000000000000e+02 4.000000000000000000e+01
1.480000000000000000e+02 4.300000000000000000e+01
1.590000000000000000e+02 4.700000000000000000e+01
9.700000000000000000e+01 6.300000000000000000e+01
9.500000000000000000e+01 7.600000000000000000e+01
9.300000000000000000e+01 8.900000000000000000e+01
9.300000000000000000e+01 9.800000000000000000e+01
8.600000000000000000e+01 9.800000000000000000e+01
9.100000000000000000e+01 1.000000000000000000e+02
9.500000000000000000e+01 1.040000000000000000e+02
1.020000000000000000e+02 1.020000000000000000e+02
1.080000000000000000e+02 1.020000000000000000e+02
6.200000000000000000e+01 5.400000000000000000e+01
6.600000000000000000e+01 5.400000000000000000e+01
7.500000000000000000e+01 5.400000000000000000e+01
8.400000000000000000e+01 5.800000000000000000e+01
7.500000000000000000e+01 5.800000000000000000e+01
6.900000000000000000e+01 5.800000000000000000e+01
1.190000000000000000e+02 6.300000000000000000e+01
1.280000000000000000e+02 6.000000000000000000e+01
1.350000000000000000e+02 6.300000000000000000e+01
1.440000000000000000e+02 6.500000000000000000e+01
1.350000000000000000e+02 6.700000000000000000e+01
1.260000000000000000e+02 6.500000000000000000e+01
7.500000000000000000e+01 1.150000000000000000e+02
8.000000000000000000e+01 1.130000000000000000e+02
8.900000000000000000e+01 1.130000000000000000e+02
9.500000000000000000e+01 1.130000000000000000e+02
1.000000000000000000e+02 1.130000000000000000e+02
1.130000000000000000e+02 1.180000000000000000e+02
1.220000000000000000e+02 1.220000000000000000e+02
1.110000000000000000e+02 1.290000000000000000e+02
1.020000000000000000e+02 1.330000000000000000e+02
9.300000000000000000e+01 1.330000000000000000e+02
8.600000000000000000e+01 1.310000000000000000e+02
8.000000000000000000e+01 1.240000000000000000e+02
7.800000000000000000e+01 1.150000000000000000e+02
8.900000000000000000e+01 1.180000000000000000e+02
9.500000000000000000e+01 1.200000000000000000e+02
1.020000000000000000e+02 1.200000000000000000e+02
1.190000000000000000e+02 1.220000000000000000e+02
1.020000000000000000e+02 1.240000000000000000e+02
9.500000000000000000e+01 1.240000000000000000e+02
8.900000000000000000e+01 1.220000000000000000e+02
