6.100000000000000000e+01 5.000000000000000000e+01
6.100000000000000000e+01 6.700000000000000000e+01
6.500000000000000000e+01 8.500000000000000000e+01
6.700000000000000000e+01 1.000000000000000000e+02
6.900000000000000000e+01 1.150000000000000000e+02
7.400000000000000000e+01 1.300000000000000000e+02
7.800000000000000000e+01 1.410000000000000000e+02
8.500000000000000000e+01 1.500000000000000000e+02
1.020000000000000000e+02 1.540000000000000000e+02
1.210000000000000000e+02 1.500000000000000000e+02
1.410000000000000000e+02 1.410000000000000000e+02
1.560000000000000000e+02 1.300000000000000000e+02
1.670000000000000000e+02 1.170000000000000000e+02
1.760000000000000000e+02 1.020000000000000000e+02
1.780000000000000000e+02 8.700000000000000000e+01
1.820000000000000000e+02 7.200000000000000000e+01
1.840000000000000000e+02 5.400000000000000000e+01
5.000000000000000000e+01 3.900000000000000000e+01
5.200000000000000000e+01 3.300000000000000000e+01
6.100000000000000000e+01 3.300000000000000000e+01
6.700000000000000000e+01 3.500000000000000000e+01
7.600000000000000000e+01 3.700000000000000000e+01
1.080000000000000000e+02 3.700000000000000000e+01
1.170000000000000000e+02 3.300000000000000000e+01
1.280000000000000000e+02 3.000000000000000000e+01
1.410000000000000000e+02 3.300000000000000000e+01
1.520000000000000000e+02 3.900000000000000000e+01
9.300000000000000000e+01 5.900000000000000000e+01
9.100000000000000000e+01 7.200000000000000000e+01
8.900000000000000000e+01 8.200000000000000000e+01
8.900000000000000000e+01 9.100000000000000000e+01
8.500000000000000000e+01 9.600000000000000000e+01
8.900000000000000000e+01 9.800000000000000000e+01
9.300000000000000000e+01 9.800000000000000000e+01
1.000000000000000000e+02 9.800000000000000000e+01
1.060000000000000000e+02 9.600000000000000000e+01
6.100000000000000000e+01 5.600000000000000000e+01
6.300000000000000000e+01 5.400000000000000000e+01
7.200000000000000000e+01 5.600000000000000000e+01
8.000000000000000000e+01 5.900000000000000000e+01
7.200000000000000000e+01 6.100000000000000000e+01
6.500000000000000000e+01 6.100000000000000000e+01
1.150000000000000000e+02 5.900000000000000000e+01
1.210000000000000000e+02 5.900000000000000000e+01
1.300000000000000000e+02 5.600000000000000000e+01
1.390000000000000000e+02 5.900000000000000000e+01
1.300000000000000000e+02 6.100000000000000000e+01
1.210000000000000000e+02 6.100000000000000000e+01
7.800000000000000000e+01 1.170000000000000000e+02
8.000000000000000000e+01 1.130000000000000000e+02
8.900000000000000000e+01 1.090000000000000000e+02
9.300000000000000000e+01 1.090000000000000000e+02
1.000000000000000000e+02 1.090000000000000000e+02
1.110000000000000000e+02 1.110000000000000000e+02
1.240000000000000000e+02 1.150000000000000000e+02
1.130000000000000000e+02 1.240000000000000000e+02
1.040000000000000000e+02 1.280000000000000000e+02
9.500000000000000000e+01 1.280000000000000000e+02
8.900000000000000000e+01 1.280000000000000000e+02
8.200000000000000000e+01 1.240000000000000000e+02
8.000000000000000000e+01 1.170000000000000000e+02
8.900000000000000000e+01 1.150000000000000000e+02
9.500000000000000000e+01 1.150000000000000000e+02
1.020000000000000000e+02 1.150000000000000000e+02
1.210000000000000000e+02 1.150000000000000000e+02
1.020000000000000000e+02 1.170000000000000000e+02
9.500000000000000000e+01 1.190000000000000000e+02
8.900000000000000000e+01 1.190000000000000000e+02
