5.400000000000000000e+01 5.400000000000000000e+01
5.600000000000000000e+01 7.100000000000000000e+01
5.800000000000000000e+01 8.900000000000000000e+01
6.100000000000000000e+01 1.030000000000000000e+02
6.500000000000000000e+01 1.200000000000000000e+02
7.200000000000000000e+01 1.340000000000000000e+02
7.800000000000000000e+01 1.430000000000000000e+02
8.900000000000000000e+01 1.510000000000000000e+02
1.090000000000000000e+02 1.580000000000000000e+02
1.290000000000000000e+02 1.510000000000000000e+02
1.450000000000000000e+02 1.450000000000000000e+02
1.580000000000000000e+02 1.360000000000000000e+02
1.720000000000000000e+02 1.230000000000000000e+02
1.780000000000000000e+02 1.070000000000000000e+02
1.800000000000000000e+02 9.100000000000000000e+01
1.850000000000000000e+02 7.400000000000000000e+01
1.870000000000000000e+02 5.600000000000000000e+01
5.600000000000000000e+01 4.000000000000000000e+01
6.100000000000000000e+01 3.600000000000000000e+01
7.000000000000000000e+01 3.400000000000000000e+01
7.800000000000000000e+01 3.600000000000000000e+01
8.700000000000000000e+01 3.800000000000000000e+01
1.230000000000000000e+02 3.600000000000000000e+01
1.320000000000000000e+02 3.400000000000000000e+01
1.430000000000000000e+02 3.400000000000000000e+01
1.540000000000000000e+02 3.400000000000000000e+01
1.650000000000000000e+02 4.000000000000000000e+01
1.050000000000000000e+02 5.800000000000000000e+01
1.050000000000000000e+02 6.900000000000000000e+01
1.050000000000000000e+02 8.000000000000000000e+01
1.050000000000000000e+02 8.900000000000000000e+01
9.600000000000000000e+01 9.600000000000000000e+01
1.010000000000000000e+02 9.600000000000000000e+01
1.070000000000000000e+02 9.800000000000000000e+01
1.140000000000000000e+02 9.600000000000000000e+01
1.180000000000000000e+02 9.600000000000000000e+01
6.700000000000000000e+01 5.600000000000000000e+01
7.200000000000000000e+01 5.600000000000000000e+01
8.100000000000000000e+01 5.600000000000000000e+01
8.900000000000000000e+01 5.800000000000000000e+01
8.300000000000000000e+01 6.000000000000000000e+01
7.400000000000000000e+01 6.000000000000000000e+01
1.270000000000000000e+02 5.800000000000000000e+01
1.340000000000000000e+02 5.400000000000000000e+01
1.430000000000000000e+02 5.400000000000000000e+01
1.490000000000000000e+02 5.600000000000000000e+01
1.430000000000000000e+02 6.000000000000000000e+01
1.340000000000000000e+02 6.000000000000000000e+01
8.500000000000000000e+01 1.180000000000000000e+02
8.900000000000000000e+01 1.110000000000000000e+02
1.010000000000000000e+02 1.050000000000000000e+02
1.050000000000000000e+02 1.070000000000000000e+02
1.120000000000000000e+02 1.050000000000000000e+02
1.230000000000000000e+02 1.110000000000000000e+02
1.320000000000000000e+02 1.180000000000000000e+02
1.230000000000000000e+02 1.250000000000000000e+02
1.140000000000000000e+02 1.290000000000000000e+02
1.050000000000000000e+02 1.310000000000000000e+02
9.800000000000000000e+01 1.290000000000000000e+02
9.200000000000000000e+01 1.250000000000000000e+02
8.700000000000000000e+01 1.160000000000000000e+02
9.800000000000000000e+01 1.110000000000000000e+02
1.050000000000000000e+02 1.110000000000000000e+02
1.140000000000000000e+02 1.110000000000000000e+02
1.290000000000000000e+02 1.180000000000000000e+02
1.140000000000000000e+02 1.200000000000000000e+02
1.050000000000000000e+02 1.230000000000000000e+02
9.800000000000000000e+01 1.200000000000000000e+02
