6.200000000000000000e+01 5.100000000000000000e+01
6.000000000000000000e+01 6.800000000000000000e+01
6.000000000000000000e+01 8.600000000000000000e+01
6.000000000000000000e+01 9.900000000000000000e+01
6.000000000000000000e+01 1.160000000000000000e+02
6.200000000000000000e+01 1.290000000000000000e+02
6.600000000000000000e+01 1.400000000000000000e+02
7.300000000000000000e+01 1.510000000000000000e+02
8.800000000000000000e+01 1.590000000000000000e+02
1.070000000000000000e+02 1.570000000000000000e+02
1.270000000000000000e+02 1.530000000000000000e+02
1.420000000000000000e+02 1.440000000000000000e+02
1.550000000000000000e+02 1.330000000000000000e+02
1.660000000000000000e+02 1.180000000000000000e+02
1.730000000000000000e+02 1.050000000000000000e+02
1.770000000000000000e+02 9.000000000000000000e+01
1.830000000000000000e+02 7.300000000000000000e+01
5.700000000000000000e+01 3.600000000000000000e+01
6.200000000000000000e+01 3.100000000000000000e+01
7.100000000000000000e+01 3.100000000000000000e+01
7.700000000000000000e+01 3.300000000000000000e+01
8.400000000000000000e+01 3.800000000000000000e+01
1.180000000000000000e+02 4.200000000000000000e+01
1.270000000000000000e+02 4.000000000000000000e+01
1.380000000000000000e+02 4.000000000000000000e+01
1.490000000000000000e+02 4.400000000000000000e+01
1.570000000000000000e+02 5.300000000000000000e+01
9.700000000000000000e+01 6.200000000000000000e+01
9.400000000000000000e+01 7.300000000000000000e+01
9.000000000000000000e+01 8.300000000000000000e+01
8.800000000000000000e+01 9.200000000000000000e+01
8.400000000000000000e+01 9.600000000000000000e+01
8.600000000000000000e+01 9.900000000000000000e+01
9.200000000000000000e+01 1.010000000000000000e+02
9.900000000000000000e+01 1.010000000000000000e+02
1.030000000000000000e+02 1.010000000000000000e+02
6.600000000000000000e+01 5.500000000000000000e+01
6.800000000000000000e+01 5.300000000000000000e+01
7.700000000000000000e+01 5.500000000000000000e+01
8.400000000000000000e+01 5.900000000000000000e+01
7.700000000000000000e+01 5.900000000000000000e+01
7.100000000000000000e+01 5.900000000000000000e+01
1.180000000000000000e+02 6.400000000000000000e+01
1.250000000000000000e+02 6.400000000000000000e+01
1.340000000000000000e+02 6.600000000000000000e+01
1.400000000000000000e+02 6.800000000000000000e+01
1.340000000000000000e+02 7.000000000000000000e+01
1.250000000000000000e+02 6.800000000000000000e+01
7.300000000000000000e+01 1.160000000000000000e+02
7.700000000000000000e+01 1.120000000000000000e+02
8.600000000000000000e+01 1.090000000000000000e+02
9.000000000000000000e+01 1.120000000000000000e+02
9.400000000000000000e+01 1.120000000000000000e+02
1.050000000000000000e+02 1.180000000000000000e+02
1.160000000000000000e+02 1.250000000000000000e+02
1.030000000000000000e+02 1.290000000000000000e+02
9.400000000000000000e+01 1.310000000000000000e+02
8.800000000000000000e+01 1.310000000000000000e+02
8.100000000000000000e+01 1.290000000000000000e+02
7.500000000000000000e+01 1.250000000000000000e+02
7.300000000000000000e+01 1.160000000000000000e+02
8.400000000000000000e+01 1.160000000000000000e+02
9.000000000000000000e+01 1.180000000000000000e+02
9.700000000000000000e+01 1.180000000000000000e+02
1.140000000000000000e+02 1.220000000000000000e+02
9.700000000000000000e+01 1.220000000000000000e+02
9.000000000000000000e+01 1.220000000000000000e+02
8.400000000000000000e+01 1.200000000000000000e+02
