1.336822357177734375e+02 2.391770629882812500e+02
1.355662231445312500e+02 2.634974975585937500e+02
1.385647888183593750e+02 2.861606445312500000e+02
1.427932281494140625e+02 3.070479736328125000e+02
1.516957397460937500e+02 3.308277282714843750e+02
1.705631103515625000e+02 3.514164123535156250e+02
1.952432556152343750e+02 3.663917236328125000e+02
2.228598022460937500e+02 3.802301635742187500e+02
2.503216552734375000e+02 3.878993225097656250e+02
2.705100708007812500e+02 3.805887756347656250e+02
2.766563720703125000e+02 3.724818725585937500e+02
2.826029052734375000e+02 3.586742248535156250e+02
2.924309692382812500e+02 3.394763488769531250e+02
3.010439453125000000e+02 3.194656982421875000e+02
3.076303710937500000e+02 3.004939575195312500e+02
3.112204589843750000e+02 2.800250244140625000e+02
3.095208740234375000e+02 2.545762023925781250e+02
1.928177642822265625e+02 2.196692810058593750e+02
2.098295593261718750e+02 2.103178710937500000e+02
2.274827575683593750e+02 2.096481323242187500e+02
2.420303955078125000e+02 2.135195007324218750e+02
2.532777404785156250e+02 2.187119750976562500e+02
2.930351562500000000e+02 2.220820770263671875e+02
3.012809448242187500e+02 2.182219390869140625e+02
3.083104248046875000e+02 2.157952270507812500e+02
3.138681640625000000e+02 2.172875061035156250e+02
3.140160217285156250e+02 2.255402069091796875e+02
2.745051879882812500e+02 2.506660766601562500e+02
2.802136840820312500e+02 2.674943237304687500e+02
2.860786743164062500e+02 2.826023254394531250e+02
2.868005676269531250e+02 2.950839233398437500e+02
2.572302551269531250e+02 3.031499633789062500e+02
2.662420349121093750e+02 3.053908081054687500e+02
2.755065917968750000e+02 3.075704956054687500e+02
2.815389404296875000e+02 3.049750976562500000e+02
2.833903198242187500e+02 3.025848693847656250e+02
2.100606842041015625e+02 2.440934753417968750e+02
2.234582824707031250e+02 2.402136535644531250e+02
2.343675842285156250e+02 2.414526062011718750e+02
2.416353759765625000e+02 2.472468109130859375e+02
2.339425048828125000e+02 2.507621154785156250e+02
2.213984985351562500e+02 2.503427276611328125e+02
2.811287231445312500e+02 2.497110443115234375e+02
2.926408081054687500e+02 2.445887451171875000e+02
3.031333618164062500e+02 2.443932342529296875e+02
3.040951538085937500e+02 2.478572387695312500e+02
3.003929748535156250e+02 2.531701812744140625e+02
2.912360229492187500e+02 2.533438415527343750e+02
2.214342651367187500e+02 3.251432495117187500e+02
2.441866302490234375e+02 3.230791320800781250e+02
2.655932006835937500e+02 3.209007568359375000e+02
2.731719665527343750e+02 3.226285095214843750e+02
2.796416625976562500e+02 3.211676025390625000e+02
2.868230590820312500e+02 3.243536682128906250e+02
2.857658996582031250e+02 3.287628479003906250e+02
2.831174926757812500e+02 3.395604248046875000e+02
2.777994995117187500e+02 3.443673095703125000e+02
2.689374694824218750e+02 3.446650390625000000e+02
2.575802001953125000e+02 3.428975219726562500e+02
2.428557586669921875e+02 3.367264404296875000e+02
2.243494110107421875e+02 3.247585144042968750e+02
2.582286682128906250e+02 3.280761718750000000e+02
2.699089660644531250e+02 3.289186401367187500e+02
2.775505676269531250e+02 3.292879638671875000e+02
2.844198608398437500e+02 3.284729614257812500e+02
2.773849182128906250e+02 3.326578674316406250e+02
2.694641723632812500e+02 3.330574645996093750e+02
2.582692260742187500e+02 3.313159179687500000e+02
