1.325572509765625000e+02 2.395843658447265625e+02
1.347738952636718750e+02 2.638855895996093750e+02
1.384727783203125000e+02 2.865067749023437500e+02
1.429001159667968750e+02 3.073723449707031250e+02
1.512042999267578125e+02 3.311535034179687500e+02
1.683399200439453125e+02 3.517630310058593750e+02
1.906996917724609375e+02 3.667662048339843750e+02
2.165995483398437500e+02 3.805914611816406250e+02
2.451321563720703125e+02 3.881077880859375000e+02
2.686674194335937500e+02 3.801208190917968750e+02
2.772682189941406250e+02 3.674774169921875000e+02
2.861204223632812500e+02 3.555762939453125000e+02
2.966013793945312500e+02 3.374686279296875000e+02
3.041365966796875000e+02 3.161372985839843750e+02
3.094702148437500000e+02 2.977312011718750000e+02
3.132756347656250000e+02 2.778190307617187500e+02
3.127094421386718750e+02 2.524714813232421875e+02
1.804465026855468750e+02 2.204173889160156250e+02
1.959472656250000000e+02 2.110773315429687500e+02
2.128928833007812500e+02 2.103780212402343750e+02
2.273959960937500000e+02 2.141989135742187500e+02
2.391721191406250000e+02 2.193246765136718750e+02
2.829780883789062500e+02 2.223475189208984375e+02
2.926129150390625000e+02 2.183871459960937500e+02
3.017221069335937500e+02 2.158304443359375000e+02
3.101848144531250000e+02 2.171576385498046875e+02
3.137001953125000000e+02 2.252432250976562500e+02
2.623415527343750000e+02 2.511096343994140625e+02
2.666042480468750000e+02 2.679920654296875000e+02
2.710314331054687500e+02 2.831529541015625000e+02
2.716566467285156250e+02 2.956389465332031250e+02
2.452104492187500000e+02 3.036589660644531250e+02
2.540025482177734375e+02 3.058781433105468750e+02
2.636757507324218750e+02 3.080038146972656250e+02
2.709188537597656250e+02 3.053254089355468750e+02
2.742637023925781250e+02 3.028534545898437500e+02
1.978308410644531250e+02 2.447755737304687500e+02
2.100600585937500000e+02 2.409042205810546875e+02
2.219691467285156250e+02 2.420534973144531250e+02
2.307956390380859375e+02 2.477442932128906250e+02
2.219206542968750000e+02 2.513474121093750000e+02
2.088051147460937500e+02 2.510024871826171875e+02
2.743107299804687500e+02 2.498634033203125000e+02
2.862317810058593750e+02 2.446775817871093750e+02
2.978656005859375000e+02 2.443865966796875000e+02
3.013757934570312500e+02 2.477205200195312500e+02
2.957671508789062500e+02 2.531431121826171875e+02
2.850142517089843750e+02 2.534300231933593750e+02
2.117398529052734375e+02 3.256714172363281250e+02
2.327966766357421875e+02 3.236080932617187500e+02
2.541196899414062500e+02 3.213549804687500000e+02
2.623121948242187500e+02 3.230245971679687500e+02
2.695372314453125000e+02 3.215020141601562500e+02
2.796550598144531250e+02 3.245157775878906250e+02
2.825061035156250000e+02 3.287346191406250000e+02
2.766803588867187500e+02 3.397023315429687500e+02
2.693843383789062500e+02 3.446282958984375000e+02
2.592084045410156250e+02 3.450241394042968750e+02
2.470489501953125000e+02 3.433379821777343750e+02
2.323643035888671875e+02 3.372178649902343750e+02
2.148833312988281250e+02 3.252645263671875000e+02
2.477136535644531250e+02 3.285108642578125000e+02
2.599984436035156250e+02 3.292804565429687500e+02
2.689622497558593750e+02 3.295558471679687500e+02
2.808726806640625000e+02 3.284639587402343750e+02
2.687987365722656250e+02 3.329268188476562500e+02
2.595656738281250000e+02 3.334210205078125000e+02
2.476853942871093750e+02 3.317544250488281250e+02
