1.609637908935546875e+02 2.549566192626953125e+02
1.641315307617187500e+02 2.786736450195312500e+02
1.665633087158203125e+02 3.005464477539062500e+02
1.714481201171875000e+02 3.205192260742187500e+02
1.828734588623046875e+02 3.426999816894531250e+02
2.050445861816406250e+02 3.602869262695312500e+02
2.327569122314453125e+02 3.714790344238281250e+02
2.602431640625000000e+02 3.810377197265625000e+02
2.768399353027343750e+02 3.842681884765625000e+02
2.897228393554687500e+02 3.777677001953125000e+02
2.952755126953125000e+02 3.704931335449218750e+02
2.972679443359375000e+02 3.605514526367187500e+02
2.987126770019531250e+02 3.414982299804687500e+02
3.053849487304687500e+02 3.181148681640625000e+02
2.989906616210937500e+02 2.931824645996093750e+02
2.987581176757812500e+02 2.757974853515625000e+02
2.943538818359375000e+02 2.489147644042968750e+02
2.408994750976562500e+02 2.275433654785156250e+02
2.572362976074218750e+02 2.158037719726562500e+02
2.722224731445312500e+02 2.124728088378906250e+02
2.831878967285156250e+02 2.140508422851562500e+02
2.899163513183593750e+02 2.173934478759765625e+02
3.040080261230468750e+02 2.141991271972656250e+02
3.043901367187500000e+02 2.089801635742187500e+02
3.016065063476562500e+02 2.053033752441406250e+02
2.953017578125000000e+02 2.056528625488281250e+02
2.843374633789062500e+02 2.134800872802734375e+02
3.019803771972656250e+02 2.455138397216796875e+02
3.133182983398437500e+02 2.613953247070312500e+02
3.245244750976562500e+02 2.755515441894531250e+02
3.269368896484375000e+02 2.877857971191406250e+02
2.957336425781250000e+02 3.000523681640625000e+02
3.031968688964843750e+02 3.008919372558593750e+02
3.085749511718750000e+02 3.015745544433593750e+02
3.081839599609375000e+02 2.979646911621093750e+02
3.038360595703125000e+02 2.951792297363281250e+02
2.556666259765625000e+02 2.490021514892578125e+02
2.688885498046875000e+02 2.431992340087890625e+02
2.731934204101562500e+02 2.426434326171875000e+02
2.734732055664062500e+02 2.471030883789062500e+02
2.726972656250000000e+02 2.518767242431640625e+02
2.657959289550781250e+02 2.534566802978515625e+02
2.873609008789062500e+02 2.430567169189453125e+02
2.934244384765625000e+02 2.361737976074218750e+02
2.967468872070312500e+02 2.342517700195312500e+02
2.887066955566406250e+02 2.372943420410156250e+02
2.935881958007812500e+02 2.432929534912109375e+02
2.928440551757812500e+02 2.450280609130859375e+02
2.647138671875000000e+02 3.271219482421875000e+02
2.866939392089843750e+02 3.217132873535156250e+02
3.019144897460937500e+02 3.162530822753906250e+02
3.053033447265625000e+02 3.167313232421875000e+02
3.069997558593750000e+02 3.142166748046875000e+02
3.019450683593750000e+02 3.159860534667968750e+02
2.877052001953125000e+02 3.201514892578125000e+02
2.985819702148437500e+02 3.315240478515625000e+02
3.025108947753906250e+02 3.372791442871093750e+02
3.009782409667968750e+02 3.390655212402343750e+02
2.955798950195312500e+02 3.391502075195312500e+02
2.842198486328125000e+02 3.353268737792968750e+02
2.659145507812500000e+02 3.262694702148437500e+02
2.941380004882812500e+02 3.243984375000000000e+02
3.003605957031250000e+02 3.233673706054687500e+02
3.010802001953125000e+02 3.224285888671875000e+02
2.877462158203125000e+02 3.200996093750000000e+02
3.013742370605468750e+02 3.257849731445312500e+02
3.005166320800781250e+02 3.275261230468750000e+02
2.948168945312500000e+02 3.276006469726562500e+02
