1.327088012695312500e+02 2.394866638183593750e+02
1.347798156738281250e+02 2.637913818359375000e+02
1.381538391113281250e+02 2.864194946289062500e+02
1.425095825195312500e+02 3.072899780273437500e+02
1.511584320068359375e+02 3.310752868652343750e+02
1.692399444580078125e+02 3.516911315917968750e+02
1.928583679199218750e+02 3.667023925781250000e+02
2.197277069091796875e+02 3.805424194335937500e+02
2.478401489257812500e+02 3.880913696289062500e+02
2.697383422851562500e+02 3.805833435058593750e+02
2.765682983398437500e+02 3.710548400878906250e+02
2.841831665039062500e+02 3.568131103515625000e+02
2.944905090332031250e+02 3.380512084960937500e+02
3.022819213867187500e+02 3.168795166015625000e+02
3.085301818847656250e+02 2.988767089843750000e+02
3.123435363769531250e+02 2.785486755371093750e+02
3.112462768554687500e+02 2.542361297607421875e+02
1.864130706787109375e+02 2.203035278320312500e+02
2.027274780273437500e+02 2.109699554443359375e+02
2.200941925048828125e+02 2.102827453613281250e+02
2.346787719726562500e+02 2.141170043945312500e+02
2.462389831542968750e+02 2.192566528320312500e+02
2.881905212402343750e+02 2.223428802490234375e+02
2.971652832031250000e+02 2.183992462158203125e+02
3.052669372558593750e+02 2.158625488281250000e+02
3.123079528808593750e+02 2.172136077880859375e+02
3.141537780761718750e+02 2.253208007812500000e+02
2.685428161621093750e+02 2.510735473632812500e+02
2.735554199218750000e+02 2.679517822265625000e+02
2.787282714843750000e+02 2.831087036132812500e+02
2.794107666015625000e+02 2.955945434570312500e+02
2.512987060546875000e+02 3.036066284179687500e+02
2.602366943359375000e+02 3.058328247070312500e+02
2.697443847656250000e+02 3.079698486328125000e+02
2.764079589843750000e+02 3.053049316406250000e+02
2.790163574218750000e+02 3.028443603515625000e+02
2.038075103759765625e+02 2.446784667968750000e+02
2.166685180664062500e+02 2.408123016357421875e+02
2.281241607666015625e+02 2.419782409667968750e+02
2.362072753906250000e+02 2.476857910156250000e+02
2.278914794921875000e+02 2.512740173339843750e+02
2.150104217529296875e+02 2.509136047363281250e+02
2.778797607421875000e+02 2.498678741455078125e+02
2.896402893066406250e+02 2.446956024169921875e+02
3.007479553222656250e+02 2.444218292236328125e+02
3.029966430664062500e+02 2.477729644775390625e+02
2.983239746093750000e+02 2.531797332763671875e+02
2.883285522460937500e+02 2.534477691650390625e+02
2.165419006347656250e+02 3.255999145507812500e+02
2.385304260253906250e+02 3.235471801757812500e+02
2.599783325195312500e+02 3.213137207031250000e+02
2.678964538574218750e+02 3.229944152832031250e+02
2.747706909179687500e+02 3.214827880859375000e+02
2.834584655761718750e+02 3.245220947265625000e+02
2.843644104003906250e+02 3.287649536132812500e+02
2.801134643554687500e+02 3.397095947265625000e+02
2.737824096679687500e+02 3.446177673339843750e+02
2.642249755859375000e+02 3.449968261718750000e+02
2.524186401367187500e+02 3.432948608398437500e+02
2.376530151367187500e+02 3.371612243652343750e+02
2.195831451416015625e+02 3.251972656250000000e+02
2.530703125000000000e+02 3.284686889648437500e+02
2.651010437011718750e+02 3.292531738281250000e+02
2.734377746582031250e+02 3.295442504882812500e+02
2.828684082031250000e+02 3.284911804199218750e+02
2.732742614746093750e+02 3.329150390625000000e+02
2.646626281738281250e+02 3.333933410644531250e+02
2.530780639648437500e+02 3.317118225097656250e+02
