1.812365570068359375e+02 2.550222778320312500e+02
1.844004211425781250e+02 2.787561035156250000e+02
1.861837158203125000e+02 3.007825012207031250e+02
1.906082153320312500e+02 3.207300720214843750e+02
2.014755096435546875e+02 3.425697021484375000e+02
2.220438842773437500e+02 3.593857421875000000e+02
2.473616333007812500e+02 3.695976562500000000e+02
2.712115478515625000e+02 3.783910522460937500e+02
2.812632446289062500e+02 3.818945007324218750e+02
2.926994323730468750e+02 3.755263061523437500e+02
2.978804626464843750e+02 3.687494506835937500e+02
3.004415588378906250e+02 3.579616088867187500e+02
2.998558959960937500e+02 3.384411621093750000e+02
3.075450134277343750e+02 3.155145874023437500e+02
2.936111450195312500e+02 2.943038330078125000e+02
2.944186706542968750e+02 2.729224243164062500e+02
2.902304992675781250e+02 2.499320373535156250e+02
2.594296264648437500e+02 2.234179382324218750e+02
2.734482421875000000e+02 2.111143188476562500e+02
2.854436035156250000e+02 2.074742431640625000e+02
2.935416870117187500e+02 2.089753570556640625e+02
2.975606689453125000e+02 2.124542846679687500e+02
2.994759521484375000e+02 2.105942382812500000e+02
2.966544189453125000e+02 2.058700561523437500e+02
2.902788085937500000e+02 2.029370117187500000e+02
2.799868469238281250e+02 2.043188476562500000e+02
2.659020690917968750e+02 2.133359222412109375e+02
3.042300415039062500e+02 2.410854339599609375e+02
3.163080444335937500e+02 2.563558959960937500e+02
3.281631164550781250e+02 2.699104003906250000e+02
3.308891906738281250e+02 2.820568542480468750e+02
3.029815063476562500e+02 2.955177307128906250e+02
3.088540039062500000e+02 2.962404785156250000e+02
3.119650878906250000e+02 2.970340576171875000e+02
3.090445556640625000e+02 2.938559570312500000e+02
3.027629089355468750e+02 2.916170959472656250e+02
2.711909790039062500e+02 2.447759857177734375e+02
2.826685485839843750e+02 2.385226593017578125e+02
2.837514648437500000e+02 2.382913513183593750e+02
2.811478271484375000e+02 2.432714385986328125e+02
2.832455444335937500e+02 2.476251678466796875e+02
2.795064086914062500e+02 2.490380249023437500e+02
2.829138183593750000e+02 2.405541076660156250e+02
2.860272521972656250e+02 2.338048095703125000e+02
2.860321655273437500e+02 2.322657470703125000e+02
2.753717041015625000e+02 2.362173767089843750e+02
2.830668334960937500e+02 2.415132446289062500e+02
2.858118896484375000e+02 2.426960906982421875e+02
2.777533569335937500e+02 3.234544067382812500e+02
2.966188354492187500e+02 3.173674316406250000e+02
3.074057617187500000e+02 3.118192749023437500e+02
3.086618652343750000e+02 3.124901123046875000e+02
3.082221069335937500e+02 3.102357482910156250e+02
2.988613586425781250e+02 3.130370178222656250e+02
2.811030273437500000e+02 3.186080932617187500e+02
2.959939575195312500e+02 3.287906188964843750e+02
3.031284790039062500e+02 3.338240356445312500e+02
3.047481689453125000e+02 3.351592407226562500e+02
3.024537353515625000e+02 3.349947814941406250e+02
2.939346618652343750e+02 3.312564697265625000e+02
2.781104125976562500e+02 3.226773986816406250e+02
3.004238281250000000e+02 3.203067626953125000e+02
3.036437072753906250e+02 3.194557800292968750e+02
3.014762268066406250e+02 3.189722900390625000e+02
2.816998901367187500e+02 3.184570922851562500e+02
3.019019775390625000e+02 3.223163146972656250e+02
3.040024414062500000e+02 3.236035461425781250e+02
3.012579345703125000e+02 3.234707946777343750e+02
