1.671066131591796875e+02 2.557400054931640625e+02
1.703790283203125000e+02 2.794307861328125000e+02
1.726883239746093750e+02 3.013162231445312500e+02
1.775254669189453125e+02 3.212337341308593750e+02
1.889275970458984375e+02 3.432161254882812500e+02
2.107920837402343750e+02 3.603884277343750000e+02
2.379532012939453125e+02 3.710563964843750000e+02
2.644662475585937500e+02 3.801421508789062500e+02
2.790143432617187500e+02 3.832542419433593750e+02
2.913424072265625000e+02 3.765175781250000000e+02
2.966665344238281250e+02 3.697893676757812500e+02
2.988822021484375000e+02 3.596626281738281250e+02
2.996888427734375000e+02 3.402937011718750000e+02
3.065611572265625000e+02 3.170410156250000000e+02
2.977092285156250000e+02 2.955423583984375000e+02
2.977973327636718750e+02 2.744091186523437500e+02
2.920763244628906250e+02 2.526306915283203125e+02
2.469702606201171875e+02 2.264925231933593750e+02
2.626160278320312500e+02 2.144436035156250000e+02
2.767054138183593750e+02 2.108778228759765625e+02
2.868018188476562500e+02 2.123188323974609375e+02
2.926880493164062500e+02 2.156196899414062500e+02
3.028095703125000000e+02 2.125751800537109375e+02
3.021068115234375000e+02 2.074638824462890625e+02
2.980900878906250000e+02 2.039864501953125000e+02
2.904075317382812500e+02 2.046403198242187500e+02
2.783454589843750000e+02 2.128601837158203125e+02
3.031392822265625000e+02 2.437301788330078125e+02
3.148650512695312500e+02 2.593515014648437500e+02
3.264216003417968750e+02 2.732507629394531250e+02
3.289992980957031250e+02 2.854409790039062500e+02
2.987028198242187500e+02 2.983231201171875000e+02
3.056942443847656250e+02 2.990546875000000000e+02
3.103583984375000000e+02 2.997039794921875000e+02
3.091073913574218750e+02 2.961961669921875000e+02
3.040712890625000000e+02 2.935823669433593750e+02
2.609196777343750000e+02 2.477711334228515625e+02
2.736391296386718750e+02 2.417199554443359375e+02
2.768988342285156250e+02 2.411910552978515625e+02
2.762333984375000000e+02 2.457671966552734375e+02
2.764275817871093750e+02 2.504544525146484375e+02
2.705353698730468750e+02 2.520719757080078125e+02
2.861647338867187500e+02 2.418715057373046875e+02
2.912652587890625000e+02 2.349515228271484375e+02
2.934984741210937500e+02 2.330801849365234375e+02
2.845330810546875000e+02 2.364185180664062500e+02
2.904117431640625000e+02 2.422046508789062500e+02
2.908330078125000000e+02 2.438222503662109375e+02
2.694758300781250000e+02 3.259344482421875000e+02
2.905635070800781250e+02 3.201299438476562500e+02
3.043999328613281250e+02 3.144823913574218750e+02
3.071039428710937500e+02 3.149676513671875000e+02
3.080912475585937500e+02 3.124933471679687500e+02
3.015666503906250000e+02 3.145536499023437500e+02
2.860586547851562500e+02 3.191960144042968750e+02
2.983973388671875000e+02 3.301804809570312500e+02
3.034462280273437500e+02 3.357291870117187500e+02
3.029607543945312500e+02 3.374297485351562500e+02
2.985582275390625000e+02 3.375165710449218750e+02
2.880476379394531250e+02 3.338359985351562500e+02
2.704009704589843750e+02 3.250858764648437500e+02
2.968580932617187500e+02 3.227922668457031250e+02
3.021215820312500000e+02 3.217341308593750000e+02
3.018793945312500000e+02 3.208911743164062500e+02
2.862854003906250000e+02 3.191210632324218750e+02
3.022312316894531250e+02 3.242421264648437500e+02
3.023608398437500000e+02 3.258894653320312500e+02
2.976050109863281250e+02 3.259790039062500000e+02
