1.344282226562500000e+02 2.410092620849609375e+02
1.366583251953125000e+02 2.652954101562500000e+02
1.397768859863281250e+02 2.879135742187500000e+02
1.443147277832031250e+02 3.087199401855468750e+02
1.539208984375000000e+02 3.323085327148437500e+02
1.738559875488281250e+02 3.524891052246093750e+02
1.996998291015625000e+02 3.669328002929687500e+02
2.281306152343750000e+02 3.802007751464843750e+02
2.549294891357421875e+02 3.873784179687500000e+02
2.735820922851562500e+02 3.812504272460937500e+02
2.793570556640625000e+02 3.733979797363281250e+02
2.832582397460937500e+02 3.599961547851562500e+02
2.922991943359375000e+02 3.398470458984375000e+02
3.010032653808593750e+02 3.189041442871093750e+02
3.071080932617187500e+02 2.996911621093750000e+02
3.099528808593750000e+02 2.796124877929687500e+02
3.070717163085937500e+02 2.538396606445312500e+02
1.978932342529296875e+02 2.200938262939453125e+02
2.152373046875000000e+02 2.103845214843750000e+02
2.330162963867187500e+02 2.093634643554687500e+02
2.475037231445312500e+02 2.129582366943359375e+02
2.584805297851562500e+02 2.179512023925781250e+02
2.959046630859375000e+02 2.206786499023437500e+02
3.033024291992187500e+02 2.167012786865234375e+02
3.091955871582031250e+02 2.141981811523437500e+02
3.133206481933593750e+02 2.156625366210937500e+02
3.120211181640625000e+02 2.239994659423828125e+02
2.792229003906250000e+02 2.495468750000000000e+02
2.859294433593750000e+02 2.662237548828125000e+02
2.927494506835937500e+02 2.811782531738281250e+02
2.937808227539062500e+02 2.936397705078125000e+02
2.632150268554687500e+02 3.023436889648437500e+02
2.722788085937500000e+02 3.044081726074218750e+02
2.812879638671875000e+02 3.064234008789062500e+02
2.866109619140625000e+02 3.037473754882812500e+02
2.876687622070312500e+02 3.013627319335937500e+02
2.154018249511718750e+02 2.441891479492187500e+02
2.291263275146484375e+02 2.400269470214843750e+02
2.394558258056640625e+02 2.410865173339843750e+02
2.460145263671875000e+02 2.467834014892578125e+02
2.390560302734375000e+02 2.504111328125000000e+02
2.269215850830078125e+02 2.502130889892578125e+02
2.831708068847656250e+02 2.486095428466796875e+02
2.942431945800781250e+02 2.432827606201171875e+02
3.040612792968750000e+02 2.429199371337890625e+02
3.038576354980468750e+02 2.464325256347656250e+02
3.012329101562500000e+02 2.517628479003906250e+02
2.929541625976562500e+02 2.520665588378906250e+02
2.271822967529296875e+02 3.250665893554687500e+02
2.504488067626953125e+02 3.225292053222656250e+02
2.716044921875000000e+02 3.199458618164062500e+02
2.788383178710937500e+02 3.215465698242187500e+02
2.848380737304687500e+02 3.199842834472656250e+02
2.905899658203125000e+02 3.231121215820312500e+02
2.877546997070312500e+02 3.276438598632812500e+02
2.869041442871093750e+02 3.384034118652343750e+02
2.827055664062500000e+02 3.432563781738281250e+02
2.745849609375000000e+02 3.436860961914062500e+02
2.637057495117187500e+02 3.421118164062500000e+02
2.489958496093750000e+02 3.362212524414062500e+02
2.299456787109375000e+02 3.246331481933593750e+02
2.640171813964843750e+02 3.272833251953125000e+02
2.752910156250000000e+02 3.279214782714843750e+02
2.822155761718750000e+02 3.281818542480468750e+02
2.865563964843750000e+02 3.273717651367187500e+02
2.821239624023437500e+02 3.315538635253906250e+02
2.749353637695312500e+02 3.320677185058593750e+02
2.641608276367187500e+02 3.305194396972656250e+02
