1.418405303955078125e+02 2.456686096191406250e+02
1.445626068115234375e+02 2.698093261718750000e+02
1.474843597412109375e+02 2.922135620117187500e+02
1.523626556396484375e+02 3.127791748046875000e+02
1.632111816406250000e+02 3.359494628906250000e+02
1.850739593505859375e+02 3.553181762695312500e+02
2.129696960449218750e+02 3.687227783203125000e+02
2.423068237304687500e+02 3.807853698730468750e+02
2.657626342773437500e+02 3.866247558593750000e+02
2.813144531250000000e+02 3.802920837402343750e+02
2.871842956542968750e+02 3.732466430664062500e+02
2.888314514160156250e+02 3.642210388183593750e+02
2.913815307617187500e+02 3.448347473144531250e+02
2.996966857910156250e+02 3.166179809570312500e+02
3.044124145507812500e+02 2.980810546875000000e+02
3.054393005371093750e+02 2.782561950683593750e+02
3.023907470703125000e+02 2.531050720214843750e+02
2.157985229492187500e+02 2.226623840332031250e+02
2.335284576416015625e+02 2.122648162841796875e+02
2.508941040039062500e+02 2.104681091308593750e+02
2.644749450683593750e+02 2.133872680664062500e+02
2.740478210449218750e+02 2.178238220214843750e+02
3.027113037109375000e+02 2.184919128417968750e+02
3.072987670898437500e+02 2.140653991699218750e+02
3.095574951171875000e+02 2.111296386718750000e+02
3.091660156250000000e+02 2.121782379150390625e+02
3.034265747070312500e+02 2.203129577636718750e+02
2.918090820312500000e+02 2.482815704345703125e+02
3.009008178710937500e+02 2.647449340820312500e+02
3.100033569335937500e+02 2.794810180664062500e+02
3.116882324218750000e+02 2.918936767578125000e+02
2.793657836914062500e+02 3.017807006835937500e+02
2.881350097656250000e+02 3.034372558593750000e+02
2.959299621582031250e+02 3.049991455078125000e+02
2.989298095703125000e+02 3.019836425781250000e+02
2.976001586914062500e+02 2.994369506835937500e+02
2.328651123046875000e+02 2.459133911132812500e+02
2.470224914550781250e+02 2.412021789550781250e+02
2.551210632324218750e+02 2.417021484375000000e+02
2.591472778320312500e+02 2.469697875976562500e+02
2.546442565917968750e+02 2.510105590820312500e+02
2.442959594726562500e+02 2.514231262207031250e+02
2.875603942871093750e+02 2.467517089843750000e+02
2.969059143066406250e+02 2.408799743652343750e+02
3.042582397460937500e+02 2.399715270996093750e+02
3.005000610351562500e+02 2.432964935302734375e+02
3.011323242187500000e+02 2.488916931152343750e+02
2.958619384765625000e+02 2.497039337158203125e+02
2.438464355468750000e+02 3.259940185546875000e+02
2.676435546875000000e+02 3.225011901855468750e+02
2.871298217773437500e+02 3.189377746582031250e+02
2.929689636230468750e+02 3.201526184082031250e+02
2.973132019042968750e+02 3.182533569335937500e+02
2.984532470703125000e+02 3.208859863281250000e+02
2.903250427246093750e+02 3.252483520507812500e+02
2.947139892578125000e+02 3.362835693359375000e+02
2.939787597656250000e+02 3.414807128906250000e+02
2.884463500976562500e+02 3.423899230957031250e+02
2.795270996093750000e+02 3.413861694335937500e+02
2.656389770507812500e+02 3.361834716796875000e+02
2.460362701416015625e+02 3.254143066406250000e+02
2.790844726562500000e+02 3.265515747070312500e+02
2.886126403808593750e+02 3.266164855957031250e+02
2.930639648437500000e+02 3.264521484375000000e+02
2.896298217773437500e+02 3.250543823242187500e+02
2.931369628906250000e+02 3.298261108398437500e+02
2.884647216796875000e+02 3.307756958007812500e+02
2.794716796875000000e+02 3.297841186523437500e+02
