1.382386474609375000e+02 2.450964355468750000e+02
1.410522003173828125e+02 2.692569274902343750e+02
1.442862243652343750e+02 2.916875915527343750e+02
1.492895355224609375e+02 3.122847290039062500e+02
1.600261840820312500e+02 3.355118713378906250e+02
1.815906372070312500e+02 3.549897766113281250e+02
2.091336975097656250e+02 3.685330200195312500e+02
2.385093231201171875e+02 3.807520751953125000e+02
2.633541564941406250e+02 3.867522277832031250e+02
2.798554077148437500e+02 3.805255737304687500e+02
2.851428833007812500e+02 3.734945678710937500e+02
2.872360839843750000e+02 3.630917663574218750e+02
2.920336608886718750e+02 3.382121582031250000e+02
3.005426025390625000e+02 3.170012512207031250e+02
3.057477416992187500e+02 2.974667968750000000e+02
3.070695800781250000e+02 2.782354125976562500e+02
3.035137939453125000e+02 2.522197113037109375e+02
2.089479675292968750e+02 2.223888549804687500e+02
2.265816040039062500e+02 2.120804443359375000e+02
2.442075195312500000e+02 2.103815307617187500e+02
2.582349243164062500e+02 2.133841857910156250e+02
2.684085998535156250e+02 2.178875122070312500e+02
3.003099975585937500e+02 2.187922515869140625e+02
3.058540344238281250e+02 2.144146881103515625e+02
3.093486938476562500e+02 2.115233154296875000e+02
3.105144958496093750e+02 2.126114501953125000e+02
3.063342285156250000e+02 2.207585754394531250e+02
2.876337280273437500e+02 2.484812316894531250e+02
2.961412048339843750e+02 2.649787902832031250e+02
3.046777038574218750e+02 2.797494506835937500e+02
3.062744140625000000e+02 2.921701354980468750e+02
2.743991699218750000e+02 3.019007568359375000e+02
2.833546752929687500e+02 3.036084899902343750e+02
2.916429138183593750e+02 3.052246093750000000e+02
2.954337158203125000e+02 3.022454833984375000e+02
2.948877258300781250e+02 2.997123718261718750e+02
2.265302734375000000e+02 2.457460479736328125e+02
2.406035156250000000e+02 2.411062774658203125e+02
2.495361633300781250e+02 2.416709899902343750e+02
2.545151977539062500e+02 2.469857788085937500e+02
2.491741943359375000e+02 2.509811401367187500e+02
2.381358489990234375e+02 2.513210906982421875e+02
2.861494750976562500e+02 2.470024719238281250e+02
2.961028137207031250e+02 2.411952056884765625e+02
3.043499755859375000e+02 2.403490295410156250e+02
3.018150939941406250e+02 2.436872558593750000e+02
3.013899841308593750e+02 2.492583465576171875e+02
2.950538940429687500e+02 2.500146636962890625e+02
2.386647644042968750e+02 3.259250488281250000e+02
2.624318847656250000e+02 3.225558471679687500e+02
2.826086425781250000e+02 3.191125488281250000e+02
2.889841918945312500e+02 3.203724975585937500e+02
2.939118652343750000e+02 3.185112915039062500e+02
2.966695861816406250e+02 3.211932983398437500e+02
2.903372497558593750e+02 3.255613403320312500e+02
2.930717773437500000e+02 3.365769653320312500e+02
2.911936950683593750e+02 3.417405090332031250e+02
2.847386474609375000e+02 3.425962524414062500e+02
2.750668945312500000e+02 3.415255126953125000e+02
2.607363281250000000e+02 3.362375488281250000e+02
2.410628662109375000e+02 3.253623046875000000e+02
2.747327270507812500e+02 3.266896362304687500e+02
2.849353332519531250e+02 3.268225097656250000e+02
2.902687072753906250e+02 3.267049865722656250e+02
2.894620056152343750e+02 3.253589477539062500e+02
2.903191833496093750e+02 3.300791015625000000e+02
2.847561340332031250e+02 3.309806518554687500e+02
2.750713500976562500e+02 3.299233093261718750e+02
