4.100000000000000000e+01 5.100000000000000000e+01
4.500000000000000000e+01 7.300000000000000000e+01
5.000000000000000000e+01 8.900000000000000000e+01
5.700000000000000000e+01 1.040000000000000000e+02
6.400000000000000000e+01 1.230000000000000000e+02
7.400000000000000000e+01 1.390000000000000000e+02
8.300000000000000000e+01 1.510000000000000000e+02
9.800000000000000000e+01 1.610000000000000000e+02
1.190000000000000000e+02 1.630000000000000000e+02
1.400000000000000000e+02 1.530000000000000000e+02
1.570000000000000000e+02 1.390000000000000000e+02
1.690000000000000000e+02 1.250000000000000000e+02
1.780000000000000000e+02 1.080000000000000000e+02
1.810000000000000000e+02 8.900000000000000000e+01
1.830000000000000000e+02 7.300000000000000000e+01
1.830000000000000000e+02 5.400000000000000000e+01
1.830000000000000000e+02 3.500000000000000000e+01
4.800000000000000000e+01 4.900000000000000000e+01
5.300000000000000000e+01 4.700000000000000000e+01
6.200000000000000000e+01 4.400000000000000000e+01
7.200000000000000000e+01 4.400000000000000000e+01
8.100000000000000000e+01 4.700000000000000000e+01
1.170000000000000000e+02 4.200000000000000000e+01
1.260000000000000000e+02 3.700000000000000000e+01
1.360000000000000000e+02 3.500000000000000000e+01
1.470000000000000000e+02 3.500000000000000000e+01
1.590000000000000000e+02 3.500000000000000000e+01
1.000000000000000000e+02 6.100000000000000000e+01
1.020000000000000000e+02 7.500000000000000000e+01
1.020000000000000000e+02 8.700000000000000000e+01
1.050000000000000000e+02 9.600000000000000000e+01
9.500000000000000000e+01 1.010000000000000000e+02
1.000000000000000000e+02 1.040000000000000000e+02
1.070000000000000000e+02 1.040000000000000000e+02
1.140000000000000000e+02 1.010000000000000000e+02
1.190000000000000000e+02 9.900000000000000000e+01
6.200000000000000000e+01 6.100000000000000000e+01
6.700000000000000000e+01 6.100000000000000000e+01
7.600000000000000000e+01 5.900000000000000000e+01
8.300000000000000000e+01 6.100000000000000000e+01
7.600000000000000000e+01 6.300000000000000000e+01
6.900000000000000000e+01 6.600000000000000000e+01
1.240000000000000000e+02 5.600000000000000000e+01
1.310000000000000000e+02 5.100000000000000000e+01
1.380000000000000000e+02 5.100000000000000000e+01
1.470000000000000000e+02 5.100000000000000000e+01
1.400000000000000000e+02 5.600000000000000000e+01
1.310000000000000000e+02 5.600000000000000000e+01
8.800000000000000000e+01 1.250000000000000000e+02
9.500000000000000000e+01 1.200000000000000000e+02
1.020000000000000000e+02 1.180000000000000000e+02
1.090000000000000000e+02 1.180000000000000000e+02
1.140000000000000000e+02 1.150000000000000000e+02
1.260000000000000000e+02 1.150000000000000000e+02
1.360000000000000000e+02 1.180000000000000000e+02
1.280000000000000000e+02 1.270000000000000000e+02
1.210000000000000000e+02 1.320000000000000000e+02
1.120000000000000000e+02 1.340000000000000000e+02
1.050000000000000000e+02 1.340000000000000000e+02
9.500000000000000000e+01 1.320000000000000000e+02
9.100000000000000000e+01 1.250000000000000000e+02
1.020000000000000000e+02 1.230000000000000000e+02
1.090000000000000000e+02 1.230000000000000000e+02
1.170000000000000000e+02 1.200000000000000000e+02
1.360000000000000000e+02 1.180000000000000000e+02
1.170000000000000000e+02 1.250000000000000000e+02
1.120000000000000000e+02 1.250000000000000000e+02
1.020000000000000000e+02 1.250000000000000000e+02
