3.900000000000000000e+01 5.100000000000000000e+01
4.200000000000000000e+01 7.000000000000000000e+01
4.700000000000000000e+01 8.600000000000000000e+01
5.100000000000000000e+01 1.030000000000000000e+02
5.800000000000000000e+01 1.190000000000000000e+02
6.800000000000000000e+01 1.360000000000000000e+02
7.700000000000000000e+01 1.480000000000000000e+02
9.100000000000000000e+01 1.570000000000000000e+02
1.130000000000000000e+02 1.620000000000000000e+02
1.310000000000000000e+02 1.570000000000000000e+02
1.460000000000000000e+02 1.450000000000000000e+02
1.570000000000000000e+02 1.340000000000000000e+02
1.690000000000000000e+02 1.170000000000000000e+02
1.740000000000000000e+02 1.010000000000000000e+02
1.760000000000000000e+02 8.400000000000000000e+01
1.810000000000000000e+02 6.800000000000000000e+01
1.830000000000000000e+02 4.600000000000000000e+01
5.100000000000000000e+01 4.600000000000000000e+01
5.800000000000000000e+01 4.200000000000000000e+01
6.800000000000000000e+01 3.900000000000000000e+01
7.700000000000000000e+01 4.200000000000000000e+01
8.700000000000000000e+01 4.400000000000000000e+01
1.220000000000000000e+02 4.400000000000000000e+01
1.310000000000000000e+02 4.200000000000000000e+01
1.410000000000000000e+02 3.900000000000000000e+01
1.530000000000000000e+02 3.900000000000000000e+01
1.620000000000000000e+02 4.200000000000000000e+01
1.050000000000000000e+02 6.300000000000000000e+01
1.050000000000000000e+02 7.700000000000000000e+01
1.050000000000000000e+02 8.900000000000000000e+01
1.050000000000000000e+02 9.800000000000000000e+01
9.600000000000000000e+01 1.030000000000000000e+02
1.010000000000000000e+02 1.050000000000000000e+02
1.080000000000000000e+02 1.080000000000000000e+02
1.130000000000000000e+02 1.050000000000000000e+02
1.200000000000000000e+02 1.030000000000000000e+02
6.500000000000000000e+01 6.100000000000000000e+01
7.000000000000000000e+01 6.100000000000000000e+01
8.000000000000000000e+01 6.100000000000000000e+01
8.700000000000000000e+01 6.300000000000000000e+01
8.000000000000000000e+01 6.500000000000000000e+01
7.200000000000000000e+01 6.500000000000000000e+01
1.270000000000000000e+02 6.300000000000000000e+01
1.340000000000000000e+02 5.800000000000000000e+01
1.410000000000000000e+02 5.800000000000000000e+01
1.480000000000000000e+02 6.100000000000000000e+01
1.410000000000000000e+02 6.300000000000000000e+01
1.340000000000000000e+02 6.300000000000000000e+01
8.700000000000000000e+01 1.270000000000000000e+02
9.400000000000000000e+01 1.220000000000000000e+02
1.030000000000000000e+02 1.190000000000000000e+02
1.080000000000000000e+02 1.190000000000000000e+02
1.130000000000000000e+02 1.170000000000000000e+02
1.220000000000000000e+02 1.220000000000000000e+02
1.310000000000000000e+02 1.240000000000000000e+02
1.220000000000000000e+02 1.310000000000000000e+02
1.170000000000000000e+02 1.340000000000000000e+02
1.080000000000000000e+02 1.360000000000000000e+02
1.010000000000000000e+02 1.360000000000000000e+02
9.400000000000000000e+01 1.310000000000000000e+02
8.900000000000000000e+01 1.240000000000000000e+02
1.010000000000000000e+02 1.240000000000000000e+02
1.080000000000000000e+02 1.240000000000000000e+02
1.150000000000000000e+02 1.240000000000000000e+02
1.290000000000000000e+02 1.240000000000000000e+02
1.150000000000000000e+02 1.270000000000000000e+02
1.080000000000000000e+02 1.270000000000000000e+02
1.010000000000000000e+02 1.270000000000000000e+02
