5.100000000000000000e+01 5.000000000000000000e+01
5.100000000000000000e+01 6.800000000000000000e+01
5.100000000000000000e+01 8.400000000000000000e+01
5.100000000000000000e+01 1.000000000000000000e+02
5.600000000000000000e+01 1.190000000000000000e+02
6.100000000000000000e+01 1.330000000000000000e+02
6.700000000000000000e+01 1.420000000000000000e+02
7.900000000000000000e+01 1.530000000000000000e+02
9.700000000000000000e+01 1.600000000000000000e+02
1.180000000000000000e+02 1.580000000000000000e+02
1.360000000000000000e+02 1.510000000000000000e+02
1.500000000000000000e+02 1.440000000000000000e+02
1.620000000000000000e+02 1.330000000000000000e+02
1.710000000000000000e+02 1.190000000000000000e+02
1.780000000000000000e+02 1.030000000000000000e+02
1.820000000000000000e+02 8.700000000000000000e+01
1.890000000000000000e+02 6.800000000000000000e+01
6.300000000000000000e+01 3.400000000000000000e+01
7.000000000000000000e+01 2.900000000000000000e+01
7.900000000000000000e+01 2.900000000000000000e+01
8.800000000000000000e+01 2.900000000000000000e+01
9.700000000000000000e+01 3.400000000000000000e+01
1.300000000000000000e+02 4.100000000000000000e+01
1.390000000000000000e+02 3.800000000000000000e+01
1.480000000000000000e+02 4.100000000000000000e+01
1.590000000000000000e+02 4.300000000000000000e+01
1.690000000000000000e+02 5.000000000000000000e+01
1.110000000000000000e+02 5.700000000000000000e+01
1.090000000000000000e+02 6.800000000000000000e+01
1.070000000000000000e+02 8.000000000000000000e+01
1.040000000000000000e+02 8.900000000000000000e+01
9.300000000000000000e+01 9.400000000000000000e+01
9.700000000000000000e+01 9.600000000000000000e+01
1.040000000000000000e+02 9.800000000000000000e+01
1.110000000000000000e+02 9.800000000000000000e+01
1.160000000000000000e+02 9.800000000000000000e+01
7.200000000000000000e+01 5.000000000000000000e+01
7.900000000000000000e+01 5.000000000000000000e+01
8.600000000000000000e+01 5.000000000000000000e+01
9.300000000000000000e+01 5.400000000000000000e+01
8.600000000000000000e+01 5.700000000000000000e+01
7.900000000000000000e+01 5.400000000000000000e+01
1.320000000000000000e+02 5.900000000000000000e+01
1.390000000000000000e+02 5.700000000000000000e+01
1.460000000000000000e+02 5.900000000000000000e+01
1.520000000000000000e+02 6.400000000000000000e+01
1.460000000000000000e+02 6.400000000000000000e+01
1.360000000000000000e+02 6.400000000000000000e+01
7.700000000000000000e+01 1.170000000000000000e+02
8.600000000000000000e+01 1.120000000000000000e+02
9.700000000000000000e+01 1.100000000000000000e+02
1.020000000000000000e+02 1.100000000000000000e+02
1.090000000000000000e+02 1.100000000000000000e+02
1.200000000000000000e+02 1.170000000000000000e+02
1.300000000000000000e+02 1.210000000000000000e+02
1.180000000000000000e+02 1.280000000000000000e+02
1.090000000000000000e+02 1.330000000000000000e+02
1.000000000000000000e+02 1.330000000000000000e+02
9.000000000000000000e+01 1.300000000000000000e+02
8.600000000000000000e+01 1.260000000000000000e+02
7.900000000000000000e+01 1.170000000000000000e+02
9.500000000000000000e+01 1.140000000000000000e+02
1.020000000000000000e+02 1.170000000000000000e+02
1.110000000000000000e+02 1.170000000000000000e+02
1.270000000000000000e+02 1.210000000000000000e+02
1.090000000000000000e+02 1.230000000000000000e+02
1.020000000000000000e+02 1.230000000000000000e+02
9.300000000000000000e+01 1.210000000000000000e+02
