3.900000000000000000e+01 4.000000000000000000e+01
3.900000000000000000e+01 5.900000000000000000e+01
4.100000000000000000e+01 7.800000000000000000e+01
4.400000000000000000e+01 9.500000000000000000e+01
4.800000000000000000e+01 1.140000000000000000e+02
5.600000000000000000e+01 1.310000000000000000e+02
6.500000000000000000e+01 1.450000000000000000e+02
7.900000000000000000e+01 1.570000000000000000e+02
1.010000000000000000e+02 1.660000000000000000e+02
1.250000000000000000e+02 1.620000000000000000e+02
1.390000000000000000e+02 1.520000000000000000e+02
1.530000000000000000e+02 1.400000000000000000e+02
1.650000000000000000e+02 1.260000000000000000e+02
1.730000000000000000e+02 1.090000000000000000e+02
1.770000000000000000e+02 9.200000000000000000e+01
1.840000000000000000e+02 7.600000000000000000e+01
1.870000000000000000e+02 5.700000000000000000e+01
5.600000000000000000e+01 3.700000000000000000e+01
6.500000000000000000e+01 3.700000000000000000e+01
7.500000000000000000e+01 3.700000000000000000e+01
8.700000000000000000e+01 4.000000000000000000e+01
9.400000000000000000e+01 4.500000000000000000e+01
1.300000000000000000e+02 4.500000000000000000e+01
1.390000000000000000e+02 4.200000000000000000e+01
1.510000000000000000e+02 4.200000000000000000e+01
1.610000000000000000e+02 4.500000000000000000e+01
1.700000000000000000e+02 4.900000000000000000e+01
1.100000000000000000e+02 6.400000000000000000e+01
1.100000000000000000e+02 7.800000000000000000e+01
1.080000000000000000e+02 9.000000000000000000e+01
1.060000000000000000e+02 1.000000000000000000e+02
9.400000000000000000e+01 1.020000000000000000e+02
9.900000000000000000e+01 1.040000000000000000e+02
1.060000000000000000e+02 1.070000000000000000e+02
1.130000000000000000e+02 1.070000000000000000e+02
1.200000000000000000e+02 1.040000000000000000e+02
6.800000000000000000e+01 5.700000000000000000e+01
7.500000000000000000e+01 5.400000000000000000e+01
8.400000000000000000e+01 5.400000000000000000e+01
9.100000000000000000e+01 5.900000000000000000e+01
8.400000000000000000e+01 6.100000000000000000e+01
7.500000000000000000e+01 5.900000000000000000e+01
1.320000000000000000e+02 6.100000000000000000e+01
1.390000000000000000e+02 6.100000000000000000e+01
1.490000000000000000e+02 6.100000000000000000e+01
1.560000000000000000e+02 6.400000000000000000e+01
1.460000000000000000e+02 6.600000000000000000e+01
1.390000000000000000e+02 6.600000000000000000e+01
7.900000000000000000e+01 1.210000000000000000e+02
8.700000000000000000e+01 1.210000000000000000e+02
9.900000000000000000e+01 1.190000000000000000e+02
1.060000000000000000e+02 1.210000000000000000e+02
1.100000000000000000e+02 1.210000000000000000e+02
1.220000000000000000e+02 1.230000000000000000e+02
1.320000000000000000e+02 1.280000000000000000e+02
1.220000000000000000e+02 1.350000000000000000e+02
1.130000000000000000e+02 1.400000000000000000e+02
1.030000000000000000e+02 1.400000000000000000e+02
9.400000000000000000e+01 1.380000000000000000e+02
8.700000000000000000e+01 1.310000000000000000e+02
7.900000000000000000e+01 1.210000000000000000e+02
9.600000000000000000e+01 1.260000000000000000e+02
1.060000000000000000e+02 1.260000000000000000e+02
1.130000000000000000e+02 1.260000000000000000e+02
1.300000000000000000e+02 1.280000000000000000e+02
1.130000000000000000e+02 1.310000000000000000e+02
1.060000000000000000e+02 1.310000000000000000e+02
9.600000000000000000e+01 1.280000000000000000e+02
