4.700000000000000000e+01 4.200000000000000000e+01
4.400000000000000000e+01 6.100000000000000000e+01
4.700000000000000000e+01 8.000000000000000000e+01
4.700000000000000000e+01 9.400000000000000000e+01
4.900000000000000000e+01 1.120000000000000000e+02
5.600000000000000000e+01 1.280000000000000000e+02
6.300000000000000000e+01 1.400000000000000000e+02
7.200000000000000000e+01 1.520000000000000000e+02
9.300000000000000000e+01 1.610000000000000000e+02
1.140000000000000000e+02 1.590000000000000000e+02
1.330000000000000000e+02 1.490000000000000000e+02
1.470000000000000000e+02 1.420000000000000000e+02
1.610000000000000000e+02 1.280000000000000000e+02
1.700000000000000000e+02 1.120000000000000000e+02
1.750000000000000000e+02 9.600000000000000000e+01
1.820000000000000000e+02 8.000000000000000000e+01
1.860000000000000000e+02 6.100000000000000000e+01
5.400000000000000000e+01 3.300000000000000000e+01
6.100000000000000000e+01 3.100000000000000000e+01
7.000000000000000000e+01 3.100000000000000000e+01
7.900000000000000000e+01 3.300000000000000000e+01
8.900000000000000000e+01 3.500000000000000000e+01
1.210000000000000000e+02 4.200000000000000000e+01
1.300000000000000000e+02 4.200000000000000000e+01
1.420000000000000000e+02 4.200000000000000000e+01
1.540000000000000000e+02 4.500000000000000000e+01
1.630000000000000000e+02 5.200000000000000000e+01
1.030000000000000000e+02 6.100000000000000000e+01
1.000000000000000000e+02 7.300000000000000000e+01
9.800000000000000000e+01 8.400000000000000000e+01
9.600000000000000000e+01 9.400000000000000000e+01
8.600000000000000000e+01 9.600000000000000000e+01
9.100000000000000000e+01 9.800000000000000000e+01
9.800000000000000000e+01 1.010000000000000000e+02
1.050000000000000000e+02 1.010000000000000000e+02
1.100000000000000000e+02 1.010000000000000000e+02
6.500000000000000000e+01 5.200000000000000000e+01
7.000000000000000000e+01 5.200000000000000000e+01
7.900000000000000000e+01 5.200000000000000000e+01
8.600000000000000000e+01 5.600000000000000000e+01
7.900000000000000000e+01 5.600000000000000000e+01
7.000000000000000000e+01 5.600000000000000000e+01
1.230000000000000000e+02 6.100000000000000000e+01
1.300000000000000000e+02 6.100000000000000000e+01
1.400000000000000000e+02 6.100000000000000000e+01
1.470000000000000000e+02 6.300000000000000000e+01
1.400000000000000000e+02 6.600000000000000000e+01
1.300000000000000000e+02 6.600000000000000000e+01
7.000000000000000000e+01 1.140000000000000000e+02
7.900000000000000000e+01 1.120000000000000000e+02
9.100000000000000000e+01 1.120000000000000000e+02
9.600000000000000000e+01 1.120000000000000000e+02
1.000000000000000000e+02 1.120000000000000000e+02
1.140000000000000000e+02 1.170000000000000000e+02
1.210000000000000000e+02 1.240000000000000000e+02
1.120000000000000000e+02 1.310000000000000000e+02
1.030000000000000000e+02 1.350000000000000000e+02
9.300000000000000000e+01 1.330000000000000000e+02
8.400000000000000000e+01 1.330000000000000000e+02
7.700000000000000000e+01 1.260000000000000000e+02
7.200000000000000000e+01 1.140000000000000000e+02
8.600000000000000000e+01 1.170000000000000000e+02
9.600000000000000000e+01 1.190000000000000000e+02
1.030000000000000000e+02 1.190000000000000000e+02
1.210000000000000000e+02 1.240000000000000000e+02
1.030000000000000000e+02 1.260000000000000000e+02
9.300000000000000000e+01 1.240000000000000000e+02
8.600000000000000000e+01 1.240000000000000000e+02
