3.700000000000000000e+01 4.800000000000000000e+01
4.000000000000000000e+01 6.700000000000000000e+01
4.400000000000000000e+01 8.300000000000000000e+01
4.900000000000000000e+01 1.000000000000000000e+02
5.600000000000000000e+01 1.190000000000000000e+02
6.600000000000000000e+01 1.360000000000000000e+02
7.700000000000000000e+01 1.480000000000000000e+02
9.200000000000000000e+01 1.620000000000000000e+02
1.130000000000000000e+02 1.670000000000000000e+02
1.340000000000000000e+02 1.590000000000000000e+02
1.490000000000000000e+02 1.450000000000000000e+02
1.580000000000000000e+02 1.310000000000000000e+02
1.650000000000000000e+02 1.140000000000000000e+02
1.700000000000000000e+02 9.500000000000000000e+01
1.750000000000000000e+02 7.900000000000000000e+01
1.770000000000000000e+02 6.200000000000000000e+01
1.800000000000000000e+02 4.300000000000000000e+01
5.100000000000000000e+01 4.300000000000000000e+01
5.800000000000000000e+01 3.800000000000000000e+01
6.800000000000000000e+01 3.600000000000000000e+01
7.700000000000000000e+01 3.800000000000000000e+01
8.700000000000000000e+01 4.100000000000000000e+01
1.230000000000000000e+02 3.800000000000000000e+01
1.300000000000000000e+02 3.600000000000000000e+01
1.390000000000000000e+02 3.400000000000000000e+01
1.510000000000000000e+02 3.600000000000000000e+01
1.610000000000000000e+02 3.800000000000000000e+01
1.060000000000000000e+02 6.200000000000000000e+01
1.060000000000000000e+02 7.600000000000000000e+01
1.060000000000000000e+02 8.800000000000000000e+01
1.060000000000000000e+02 9.800000000000000000e+01
9.600000000000000000e+01 1.020000000000000000e+02
1.010000000000000000e+02 1.050000000000000000e+02
1.080000000000000000e+02 1.050000000000000000e+02
1.150000000000000000e+02 1.050000000000000000e+02
1.200000000000000000e+02 1.020000000000000000e+02
6.600000000000000000e+01 6.000000000000000000e+01
7.000000000000000000e+01 5.700000000000000000e+01
8.000000000000000000e+01 5.700000000000000000e+01
8.700000000000000000e+01 6.200000000000000000e+01
8.200000000000000000e+01 6.400000000000000000e+01
7.300000000000000000e+01 6.400000000000000000e+01
1.250000000000000000e+02 6.000000000000000000e+01
1.320000000000000000e+02 5.500000000000000000e+01
1.420000000000000000e+02 5.500000000000000000e+01
1.490000000000000000e+02 5.700000000000000000e+01
1.420000000000000000e+02 6.000000000000000000e+01
1.320000000000000000e+02 6.000000000000000000e+01
8.500000000000000000e+01 1.210000000000000000e+02
9.200000000000000000e+01 1.190000000000000000e+02
1.040000000000000000e+02 1.170000000000000000e+02
1.080000000000000000e+02 1.190000000000000000e+02
1.150000000000000000e+02 1.170000000000000000e+02
1.270000000000000000e+02 1.190000000000000000e+02
1.340000000000000000e+02 1.210000000000000000e+02
1.270000000000000000e+02 1.330000000000000000e+02
1.180000000000000000e+02 1.380000000000000000e+02
1.110000000000000000e+02 1.400000000000000000e+02
1.010000000000000000e+02 1.400000000000000000e+02
9.400000000000000000e+01 1.330000000000000000e+02
8.700000000000000000e+01 1.210000000000000000e+02
1.010000000000000000e+02 1.240000000000000000e+02
1.080000000000000000e+02 1.240000000000000000e+02
1.180000000000000000e+02 1.210000000000000000e+02
1.320000000000000000e+02 1.210000000000000000e+02
1.180000000000000000e+02 1.290000000000000000e+02
1.110000000000000000e+02 1.310000000000000000e+02
1.010000000000000000e+02 1.290000000000000000e+02
