4.500000000000000000e+01 5.800000000000000000e+01
4.900000000000000000e+01 7.700000000000000000e+01
5.400000000000000000e+01 9.300000000000000000e+01
5.900000000000000000e+01 1.100000000000000000e+02
6.600000000000000000e+01 1.240000000000000000e+02
7.600000000000000000e+01 1.390000000000000000e+02
8.700000000000000000e+01 1.480000000000000000e+02
1.020000000000000000e+02 1.570000000000000000e+02
1.210000000000000000e+02 1.600000000000000000e+02
1.420000000000000000e+02 1.530000000000000000e+02
1.560000000000000000e+02 1.410000000000000000e+02
1.680000000000000000e+02 1.310000000000000000e+02
1.770000000000000000e+02 1.150000000000000000e+02
1.820000000000000000e+02 9.800000000000000000e+01
1.850000000000000000e+02 8.200000000000000000e+01
1.870000000000000000e+02 6.500000000000000000e+01
1.870000000000000000e+02 4.600000000000000000e+01
5.400000000000000000e+01 4.800000000000000000e+01
6.100000000000000000e+01 4.100000000000000000e+01
7.100000000000000000e+01 3.900000000000000000e+01
8.000000000000000000e+01 3.900000000000000000e+01
8.700000000000000000e+01 3.900000000000000000e+01
1.230000000000000000e+02 3.400000000000000000e+01
1.320000000000000000e+02 3.200000000000000000e+01
1.420000000000000000e+02 3.000000000000000000e+01
1.540000000000000000e+02 3.200000000000000000e+01
1.660000000000000000e+02 3.700000000000000000e+01
1.090000000000000000e+02 5.800000000000000000e+01
1.090000000000000000e+02 7.000000000000000000e+01
1.090000000000000000e+02 8.200000000000000000e+01
1.110000000000000000e+02 9.100000000000000000e+01
9.900000000000000000e+01 9.600000000000000000e+01
1.040000000000000000e+02 9.800000000000000000e+01
1.130000000000000000e+02 9.800000000000000000e+01
1.210000000000000000e+02 9.600000000000000000e+01
1.250000000000000000e+02 9.300000000000000000e+01
6.800000000000000000e+01 6.000000000000000000e+01
7.300000000000000000e+01 5.800000000000000000e+01
8.300000000000000000e+01 5.600000000000000000e+01
9.000000000000000000e+01 5.800000000000000000e+01
8.300000000000000000e+01 6.000000000000000000e+01
7.600000000000000000e+01 6.300000000000000000e+01
1.300000000000000000e+02 5.600000000000000000e+01
1.370000000000000000e+02 5.100000000000000000e+01
1.440000000000000000e+02 5.100000000000000000e+01
1.510000000000000000e+02 5.300000000000000000e+01
1.470000000000000000e+02 5.600000000000000000e+01
1.370000000000000000e+02 5.800000000000000000e+01
9.000000000000000000e+01 1.200000000000000000e+02
9.700000000000000000e+01 1.150000000000000000e+02
1.060000000000000000e+02 1.100000000000000000e+02
1.130000000000000000e+02 1.100000000000000000e+02
1.210000000000000000e+02 1.080000000000000000e+02
1.320000000000000000e+02 1.100000000000000000e+02
1.420000000000000000e+02 1.150000000000000000e+02
1.350000000000000000e+02 1.270000000000000000e+02
1.250000000000000000e+02 1.310000000000000000e+02
1.160000000000000000e+02 1.340000000000000000e+02
1.060000000000000000e+02 1.340000000000000000e+02
9.900000000000000000e+01 1.310000000000000000e+02
9.200000000000000000e+01 1.200000000000000000e+02
1.060000000000000000e+02 1.150000000000000000e+02
1.130000000000000000e+02 1.150000000000000000e+02
1.230000000000000000e+02 1.150000000000000000e+02
1.420000000000000000e+02 1.150000000000000000e+02
1.230000000000000000e+02 1.220000000000000000e+02
1.160000000000000000e+02 1.240000000000000000e+02
1.060000000000000000e+02 1.240000000000000000e+02
