3.900000000000000000e+01 4.400000000000000000e+01
3.900000000000000000e+01 6.300000000000000000e+01
4.400000000000000000e+01 8.200000000000000000e+01
4.600000000000000000e+01 9.600000000000000000e+01
5.300000000000000000e+01 1.150000000000000000e+02
6.300000000000000000e+01 1.320000000000000000e+02
7.400000000000000000e+01 1.440000000000000000e+02
8.900000000000000000e+01 1.560000000000000000e+02
1.100000000000000000e+02 1.600000000000000000e+02
1.310000000000000000e+02 1.560000000000000000e+02
1.460000000000000000e+02 1.460000000000000000e+02
1.570000000000000000e+02 1.340000000000000000e+02
1.650000000000000000e+02 1.200000000000000000e+02
1.720000000000000000e+02 1.010000000000000000e+02
1.740000000000000000e+02 8.700000000000000000e+01
1.790000000000000000e+02 6.800000000000000000e+01
1.840000000000000000e+02 4.900000000000000000e+01
5.800000000000000000e+01 4.200000000000000000e+01
6.700000000000000000e+01 3.900000000000000000e+01
7.900000000000000000e+01 3.900000000000000000e+01
8.900000000000000000e+01 3.900000000000000000e+01
9.800000000000000000e+01 4.200000000000000000e+01
1.340000000000000000e+02 4.400000000000000000e+01
1.410000000000000000e+02 4.200000000000000000e+01
1.500000000000000000e+02 3.900000000000000000e+01
1.620000000000000000e+02 4.200000000000000000e+01
1.690000000000000000e+02 4.400000000000000000e+01
1.150000000000000000e+02 6.100000000000000000e+01
1.150000000000000000e+02 7.500000000000000000e+01
1.150000000000000000e+02 8.700000000000000000e+01
1.150000000000000000e+02 9.600000000000000000e+01
1.010000000000000000e+02 1.010000000000000000e+02
1.050000000000000000e+02 1.040000000000000000e+02
1.120000000000000000e+02 1.060000000000000000e+02
1.190000000000000000e+02 1.040000000000000000e+02
1.240000000000000000e+02 1.010000000000000000e+02
7.200000000000000000e+01 5.800000000000000000e+01
7.900000000000000000e+01 5.600000000000000000e+01
8.600000000000000000e+01 5.600000000000000000e+01
9.600000000000000000e+01 5.800000000000000000e+01
8.900000000000000000e+01 6.100000000000000000e+01
7.900000000000000000e+01 6.100000000000000000e+01
1.340000000000000000e+02 6.100000000000000000e+01
1.410000000000000000e+02 5.600000000000000000e+01
1.500000000000000000e+02 5.800000000000000000e+01
1.550000000000000000e+02 5.800000000000000000e+01
1.480000000000000000e+02 6.300000000000000000e+01
1.410000000000000000e+02 6.300000000000000000e+01
8.600000000000000000e+01 1.220000000000000000e+02
9.600000000000000000e+01 1.180000000000000000e+02
1.080000000000000000e+02 1.150000000000000000e+02
1.120000000000000000e+02 1.180000000000000000e+02
1.170000000000000000e+02 1.150000000000000000e+02
1.290000000000000000e+02 1.200000000000000000e+02
1.360000000000000000e+02 1.220000000000000000e+02
1.290000000000000000e+02 1.300000000000000000e+02
1.190000000000000000e+02 1.340000000000000000e+02
1.120000000000000000e+02 1.340000000000000000e+02
1.030000000000000000e+02 1.340000000000000000e+02
9.600000000000000000e+01 1.300000000000000000e+02
8.900000000000000000e+01 1.200000000000000000e+02
1.050000000000000000e+02 1.220000000000000000e+02
1.120000000000000000e+02 1.220000000000000000e+02
1.190000000000000000e+02 1.220000000000000000e+02
1.360000000000000000e+02 1.220000000000000000e+02
1.190000000000000000e+02 1.250000000000000000e+02
1.120000000000000000e+02 1.250000000000000000e+02
1.050000000000000000e+02 1.250000000000000000e+02
