4.300000000000000000e+01 5.100000000000000000e+01
4.300000000000000000e+01 7.000000000000000000e+01
4.600000000000000000e+01 9.000000000000000000e+01
4.600000000000000000e+01 1.040000000000000000e+02
5.000000000000000000e+01 1.230000000000000000e+02
5.500000000000000000e+01 1.370000000000000000e+02
6.500000000000000000e+01 1.470000000000000000e+02
7.700000000000000000e+01 1.560000000000000000e+02
9.600000000000000000e+01 1.630000000000000000e+02
1.190000000000000000e+02 1.610000000000000000e+02
1.360000000000000000e+02 1.540000000000000000e+02
1.500000000000000000e+02 1.470000000000000000e+02
1.650000000000000000e+02 1.350000000000000000e+02
1.720000000000000000e+02 1.200000000000000000e+02
1.790000000000000000e+02 1.040000000000000000e+02
1.840000000000000000e+02 8.700000000000000000e+01
1.880000000000000000e+02 6.800000000000000000e+01
5.300000000000000000e+01 3.500000000000000000e+01
6.000000000000000000e+01 2.800000000000000000e+01
6.900000000000000000e+01 2.800000000000000000e+01
7.900000000000000000e+01 3.000000000000000000e+01
8.900000000000000000e+01 3.200000000000000000e+01
1.240000000000000000e+02 4.000000000000000000e+01
1.340000000000000000e+02 3.700000000000000000e+01
1.430000000000000000e+02 4.000000000000000000e+01
1.550000000000000000e+02 4.400000000000000000e+01
1.650000000000000000e+02 5.100000000000000000e+01
1.030000000000000000e+02 5.900000000000000000e+01
1.030000000000000000e+02 7.000000000000000000e+01
1.000000000000000000e+02 8.200000000000000000e+01
9.800000000000000000e+01 9.200000000000000000e+01
8.900000000000000000e+01 9.700000000000000000e+01
9.300000000000000000e+01 9.900000000000000000e+01
1.000000000000000000e+02 1.010000000000000000e+02
1.080000000000000000e+02 1.010000000000000000e+02
1.120000000000000000e+02 9.900000000000000000e+01
6.500000000000000000e+01 5.400000000000000000e+01
7.200000000000000000e+01 5.100000000000000000e+01
7.900000000000000000e+01 5.100000000000000000e+01
8.600000000000000000e+01 5.600000000000000000e+01
7.900000000000000000e+01 5.600000000000000000e+01
7.200000000000000000e+01 5.600000000000000000e+01
1.270000000000000000e+02 6.100000000000000000e+01
1.340000000000000000e+02 5.600000000000000000e+01
1.410000000000000000e+02 5.900000000000000000e+01
1.480000000000000000e+02 6.300000000000000000e+01
1.410000000000000000e+02 6.300000000000000000e+01
1.310000000000000000e+02 6.300000000000000000e+01
7.400000000000000000e+01 1.160000000000000000e+02
8.100000000000000000e+01 1.130000000000000000e+02
9.300000000000000000e+01 1.130000000000000000e+02
9.800000000000000000e+01 1.130000000000000000e+02
1.050000000000000000e+02 1.130000000000000000e+02
1.170000000000000000e+02 1.180000000000000000e+02
1.290000000000000000e+02 1.230000000000000000e+02
1.170000000000000000e+02 1.280000000000000000e+02
1.080000000000000000e+02 1.300000000000000000e+02
9.800000000000000000e+01 1.300000000000000000e+02
8.900000000000000000e+01 1.300000000000000000e+02
8.100000000000000000e+01 1.250000000000000000e+02
7.700000000000000000e+01 1.160000000000000000e+02
9.100000000000000000e+01 1.180000000000000000e+02
9.800000000000000000e+01 1.180000000000000000e+02
1.080000000000000000e+02 1.200000000000000000e+02
1.270000000000000000e+02 1.230000000000000000e+02
1.080000000000000000e+02 1.230000000000000000e+02
9.800000000000000000e+01 1.230000000000000000e+02
9.100000000000000000e+01 1.200000000000000000e+02
