6.300000000000000000e+01 7.600000000000000000e+01
6.300000000000000000e+01 9.300000000000000000e+01
6.500000000000000000e+01 1.070000000000000000e+02
6.500000000000000000e+01 1.220000000000000000e+02
6.700000000000000000e+01 1.350000000000000000e+02
7.000000000000000000e+01 1.440000000000000000e+02
7.400000000000000000e+01 1.490000000000000000e+02
8.100000000000000000e+01 1.530000000000000000e+02
9.800000000000000000e+01 1.550000000000000000e+02
1.180000000000000000e+02 1.510000000000000000e+02
1.380000000000000000e+02 1.460000000000000000e+02
1.540000000000000000e+02 1.400000000000000000e+02
1.670000000000000000e+02 1.310000000000000000e+02
1.760000000000000000e+02 1.180000000000000000e+02
1.830000000000000000e+02 1.040000000000000000e+02
1.870000000000000000e+02 8.700000000000000000e+01
1.910000000000000000e+02 6.900000000000000000e+01
5.600000000000000000e+01 4.500000000000000000e+01
6.100000000000000000e+01 3.600000000000000000e+01
6.700000000000000000e+01 3.100000000000000000e+01
7.400000000000000000e+01 3.100000000000000000e+01
8.100000000000000000e+01 3.400000000000000000e+01
1.140000000000000000e+02 3.100000000000000000e+01
1.230000000000000000e+02 2.900000000000000000e+01
1.360000000000000000e+02 2.900000000000000000e+01
1.470000000000000000e+02 3.100000000000000000e+01
1.580000000000000000e+02 4.000000000000000000e+01
9.600000000000000000e+01 5.100000000000000000e+01
9.400000000000000000e+01 6.200000000000000000e+01
9.000000000000000000e+01 6.900000000000000000e+01
9.000000000000000000e+01 7.800000000000000000e+01
8.500000000000000000e+01 9.100000000000000000e+01
8.700000000000000000e+01 9.100000000000000000e+01
9.400000000000000000e+01 9.100000000000000000e+01
1.010000000000000000e+02 9.100000000000000000e+01
1.070000000000000000e+02 8.900000000000000000e+01
6.500000000000000000e+01 5.800000000000000000e+01
7.000000000000000000e+01 5.300000000000000000e+01
7.600000000000000000e+01 5.300000000000000000e+01
8.500000000000000000e+01 5.800000000000000000e+01
7.600000000000000000e+01 5.800000000000000000e+01
7.000000000000000000e+01 6.000000000000000000e+01
1.210000000000000000e+02 5.600000000000000000e+01
1.270000000000000000e+02 5.100000000000000000e+01
1.340000000000000000e+02 5.100000000000000000e+01
1.430000000000000000e+02 5.600000000000000000e+01
1.360000000000000000e+02 5.800000000000000000e+01
1.250000000000000000e+02 5.800000000000000000e+01
7.800000000000000000e+01 1.150000000000000000e+02
8.100000000000000000e+01 1.070000000000000000e+02
9.000000000000000000e+01 1.020000000000000000e+02
9.400000000000000000e+01 1.020000000000000000e+02
9.800000000000000000e+01 1.000000000000000000e+02
1.120000000000000000e+02 1.070000000000000000e+02
1.230000000000000000e+02 1.130000000000000000e+02
1.090000000000000000e+02 1.200000000000000000e+02
1.010000000000000000e+02 1.240000000000000000e+02
9.400000000000000000e+01 1.240000000000000000e+02
8.700000000000000000e+01 1.240000000000000000e+02
8.300000000000000000e+01 1.220000000000000000e+02
7.800000000000000000e+01 1.150000000000000000e+02
9.000000000000000000e+01 1.090000000000000000e+02
9.400000000000000000e+01 1.070000000000000000e+02
1.010000000000000000e+02 1.090000000000000000e+02
1.210000000000000000e+02 1.130000000000000000e+02
1.010000000000000000e+02 1.150000000000000000e+02
9.400000000000000000e+01 1.180000000000000000e+02
8.700000000000000000e+01 1.150000000000000000e+02
