4.100000000000000000e+01 6.000000000000000000e+01
4.100000000000000000e+01 7.800000000000000000e+01
4.300000000000000000e+01 9.500000000000000000e+01
4.500000000000000000e+01 1.090000000000000000e+02
5.000000000000000000e+01 1.240000000000000000e+02
5.600000000000000000e+01 1.350000000000000000e+02
6.500000000000000000e+01 1.420000000000000000e+02
7.800000000000000000e+01 1.480000000000000000e+02
9.800000000000000000e+01 1.550000000000000000e+02
1.180000000000000000e+02 1.530000000000000000e+02
1.310000000000000000e+02 1.510000000000000000e+02
1.420000000000000000e+02 1.460000000000000000e+02
1.530000000000000000e+02 1.370000000000000000e+02
1.600000000000000000e+02 1.220000000000000000e+02
1.670000000000000000e+02 1.090000000000000000e+02
1.730000000000000000e+02 9.300000000000000000e+01
1.780000000000000000e+02 7.600000000000000000e+01
5.600000000000000000e+01 3.800000000000000000e+01
6.500000000000000000e+01 3.100000000000000000e+01
7.600000000000000000e+01 2.900000000000000000e+01
8.500000000000000000e+01 3.100000000000000000e+01
9.400000000000000000e+01 3.400000000000000000e+01
1.310000000000000000e+02 3.800000000000000000e+01
1.400000000000000000e+02 3.800000000000000000e+01
1.510000000000000000e+02 3.800000000000000000e+01
1.620000000000000000e+02 4.000000000000000000e+01
1.690000000000000000e+02 4.900000000000000000e+01
1.090000000000000000e+02 5.600000000000000000e+01
1.090000000000000000e+02 6.700000000000000000e+01
1.070000000000000000e+02 7.800000000000000000e+01
1.070000000000000000e+02 8.700000000000000000e+01
9.600000000000000000e+01 9.300000000000000000e+01
1.000000000000000000e+02 9.500000000000000000e+01
1.070000000000000000e+02 9.500000000000000000e+01
1.140000000000000000e+02 9.500000000000000000e+01
1.180000000000000000e+02 9.500000000000000000e+01
6.700000000000000000e+01 5.400000000000000000e+01
7.600000000000000000e+01 4.900000000000000000e+01
8.500000000000000000e+01 5.100000000000000000e+01
9.200000000000000000e+01 5.600000000000000000e+01
8.500000000000000000e+01 5.600000000000000000e+01
7.400000000000000000e+01 5.600000000000000000e+01
1.310000000000000000e+02 6.000000000000000000e+01
1.380000000000000000e+02 5.600000000000000000e+01
1.470000000000000000e+02 5.800000000000000000e+01
1.530000000000000000e+02 6.200000000000000000e+01
1.470000000000000000e+02 6.500000000000000000e+01
1.380000000000000000e+02 6.200000000000000000e+01
8.100000000000000000e+01 1.130000000000000000e+02
8.900000000000000000e+01 1.090000000000000000e+02
1.000000000000000000e+02 1.070000000000000000e+02
1.050000000000000000e+02 1.090000000000000000e+02
1.090000000000000000e+02 1.070000000000000000e+02
1.200000000000000000e+02 1.130000000000000000e+02
1.270000000000000000e+02 1.180000000000000000e+02
1.180000000000000000e+02 1.220000000000000000e+02
1.110000000000000000e+02 1.220000000000000000e+02
1.030000000000000000e+02 1.220000000000000000e+02
9.600000000000000000e+01 1.200000000000000000e+02
8.900000000000000000e+01 1.180000000000000000e+02
8.300000000000000000e+01 1.130000000000000000e+02
9.600000000000000000e+01 1.110000000000000000e+02
1.050000000000000000e+02 1.130000000000000000e+02
1.110000000000000000e+02 1.130000000000000000e+02
1.250000000000000000e+02 1.180000000000000000e+02
1.110000000000000000e+02 1.130000000000000000e+02
1.050000000000000000e+02 1.130000000000000000e+02
9.800000000000000000e+01 1.130000000000000000e+02
