3.300000000000000000e+01 6.200000000000000000e+01
3.800000000000000000e+01 8.000000000000000000e+01
4.200000000000000000e+01 9.500000000000000000e+01
4.900000000000000000e+01 1.090000000000000000e+02
5.600000000000000000e+01 1.260000000000000000e+02
6.900000000000000000e+01 1.400000000000000000e+02
8.200000000000000000e+01 1.490000000000000000e+02
1.000000000000000000e+02 1.580000000000000000e+02
1.200000000000000000e+02 1.620000000000000000e+02
1.380000000000000000e+02 1.550000000000000000e+02
1.440000000000000000e+02 1.440000000000000000e+02
1.490000000000000000e+02 1.350000000000000000e+02
1.510000000000000000e+02 1.180000000000000000e+02
1.530000000000000000e+02 1.000000000000000000e+02
1.530000000000000000e+02 8.400000000000000000e+01
1.550000000000000000e+02 6.900000000000000000e+01
1.580000000000000000e+02 5.300000000000000000e+01
6.700000000000000000e+01 4.400000000000000000e+01
7.800000000000000000e+01 3.800000000000000000e+01
9.100000000000000000e+01 3.500000000000000000e+01
1.000000000000000000e+02 3.500000000000000000e+01
1.090000000000000000e+02 3.800000000000000000e+01
1.420000000000000000e+02 3.500000000000000000e+01
1.490000000000000000e+02 3.300000000000000000e+01
1.550000000000000000e+02 3.100000000000000000e+01
1.620000000000000000e+02 3.100000000000000000e+01
1.660000000000000000e+02 3.500000000000000000e+01
1.270000000000000000e+02 5.800000000000000000e+01
1.310000000000000000e+02 6.900000000000000000e+01
1.330000000000000000e+02 8.200000000000000000e+01
1.330000000000000000e+02 8.900000000000000000e+01
1.180000000000000000e+02 9.800000000000000000e+01
1.220000000000000000e+02 9.800000000000000000e+01
1.290000000000000000e+02 9.800000000000000000e+01
1.350000000000000000e+02 9.800000000000000000e+01
1.380000000000000000e+02 9.500000000000000000e+01
8.200000000000000000e+01 6.000000000000000000e+01
9.100000000000000000e+01 5.500000000000000000e+01
9.800000000000000000e+01 5.500000000000000000e+01
1.040000000000000000e+02 5.800000000000000000e+01
1.000000000000000000e+02 6.000000000000000000e+01
9.100000000000000000e+01 6.200000000000000000e+01
1.400000000000000000e+02 5.500000000000000000e+01
1.470000000000000000e+02 5.100000000000000000e+01
1.550000000000000000e+02 5.100000000000000000e+01
1.580000000000000000e+02 5.300000000000000000e+01
1.550000000000000000e+02 5.500000000000000000e+01
1.470000000000000000e+02 5.800000000000000000e+01
1.000000000000000000e+02 1.200000000000000000e+02
1.110000000000000000e+02 1.130000000000000000e+02
1.240000000000000000e+02 1.090000000000000000e+02
1.290000000000000000e+02 1.090000000000000000e+02
1.350000000000000000e+02 1.090000000000000000e+02
1.420000000000000000e+02 1.110000000000000000e+02
1.440000000000000000e+02 1.150000000000000000e+02
1.400000000000000000e+02 1.260000000000000000e+02
1.330000000000000000e+02 1.310000000000000000e+02
1.270000000000000000e+02 1.330000000000000000e+02
1.180000000000000000e+02 1.310000000000000000e+02
1.110000000000000000e+02 1.290000000000000000e+02
1.020000000000000000e+02 1.200000000000000000e+02
1.200000000000000000e+02 1.150000000000000000e+02
1.270000000000000000e+02 1.130000000000000000e+02
1.330000000000000000e+02 1.130000000000000000e+02
1.420000000000000000e+02 1.150000000000000000e+02
1.330000000000000000e+02 1.220000000000000000e+02
1.270000000000000000e+02 1.240000000000000000e+02
1.200000000000000000e+02 1.220000000000000000e+02
