4.000000000000000000e+01 7.200000000000000000e+01
4.200000000000000000e+01 9.000000000000000000e+01
4.400000000000000000e+01 1.060000000000000000e+02
4.900000000000000000e+01 1.220000000000000000e+02
5.300000000000000000e+01 1.380000000000000000e+02
6.300000000000000000e+01 1.470000000000000000e+02
6.900000000000000000e+01 1.540000000000000000e+02
8.100000000000000000e+01 1.570000000000000000e+02
1.020000000000000000e+02 1.590000000000000000e+02
1.200000000000000000e+02 1.570000000000000000e+02
1.380000000000000000e+02 1.520000000000000000e+02
1.500000000000000000e+02 1.500000000000000000e+02
1.610000000000000000e+02 1.380000000000000000e+02
1.680000000000000000e+02 1.240000000000000000e+02
1.750000000000000000e+02 1.110000000000000000e+02
1.800000000000000000e+02 9.500000000000000000e+01
1.840000000000000000e+02 7.600000000000000000e+01
5.100000000000000000e+01 4.400000000000000000e+01
6.000000000000000000e+01 3.500000000000000000e+01
6.900000000000000000e+01 3.300000000000000000e+01
7.900000000000000000e+01 3.300000000000000000e+01
8.800000000000000000e+01 3.500000000000000000e+01
1.250000000000000000e+02 3.500000000000000000e+01
1.310000000000000000e+02 3.300000000000000000e+01
1.430000000000000000e+02 3.300000000000000000e+01
1.540000000000000000e+02 3.500000000000000000e+01
1.660000000000000000e+02 4.400000000000000000e+01
1.040000000000000000e+02 5.300000000000000000e+01
1.040000000000000000e+02 6.500000000000000000e+01
1.020000000000000000e+02 7.200000000000000000e+01
1.020000000000000000e+02 8.100000000000000000e+01
9.200000000000000000e+01 9.200000000000000000e+01
9.700000000000000000e+01 9.500000000000000000e+01
1.040000000000000000e+02 9.500000000000000000e+01
1.110000000000000000e+02 9.500000000000000000e+01
1.150000000000000000e+02 9.200000000000000000e+01
6.500000000000000000e+01 6.000000000000000000e+01
6.900000000000000000e+01 5.600000000000000000e+01
7.900000000000000000e+01 5.600000000000000000e+01
8.600000000000000000e+01 5.800000000000000000e+01
7.900000000000000000e+01 6.000000000000000000e+01
6.900000000000000000e+01 6.300000000000000000e+01
1.270000000000000000e+02 5.800000000000000000e+01
1.340000000000000000e+02 5.600000000000000000e+01
1.430000000000000000e+02 5.600000000000000000e+01
1.500000000000000000e+02 6.000000000000000000e+01
1.430000000000000000e+02 6.300000000000000000e+01
1.340000000000000000e+02 6.000000000000000000e+01
8.100000000000000000e+01 1.180000000000000000e+02
8.800000000000000000e+01 1.110000000000000000e+02
9.700000000000000000e+01 1.060000000000000000e+02
1.020000000000000000e+02 1.060000000000000000e+02
1.080000000000000000e+02 1.060000000000000000e+02
1.200000000000000000e+02 1.110000000000000000e+02
1.270000000000000000e+02 1.200000000000000000e+02
1.180000000000000000e+02 1.240000000000000000e+02
1.110000000000000000e+02 1.270000000000000000e+02
1.020000000000000000e+02 1.270000000000000000e+02
9.500000000000000000e+01 1.270000000000000000e+02
8.800000000000000000e+01 1.240000000000000000e+02
8.100000000000000000e+01 1.180000000000000000e+02
9.500000000000000000e+01 1.130000000000000000e+02
1.020000000000000000e+02 1.130000000000000000e+02
1.110000000000000000e+02 1.130000000000000000e+02
1.270000000000000000e+02 1.200000000000000000e+02
1.080000000000000000e+02 1.180000000000000000e+02
1.020000000000000000e+02 1.180000000000000000e+02
9.500000000000000000e+01 1.180000000000000000e+02
