6.500000000000000000e+01 8.000000000000000000e+01
6.500000000000000000e+01 9.600000000000000000e+01
6.900000000000000000e+01 1.110000000000000000e+02
6.900000000000000000e+01 1.250000000000000000e+02
7.100000000000000000e+01 1.380000000000000000e+02
7.300000000000000000e+01 1.470000000000000000e+02
7.800000000000000000e+01 1.540000000000000000e+02
8.500000000000000000e+01 1.580000000000000000e+02
1.000000000000000000e+02 1.600000000000000000e+02
1.200000000000000000e+02 1.510000000000000000e+02
1.380000000000000000e+02 1.450000000000000000e+02
1.540000000000000000e+02 1.380000000000000000e+02
1.690000000000000000e+02 1.250000000000000000e+02
1.760000000000000000e+02 1.090000000000000000e+02
1.800000000000000000e+02 9.400000000000000000e+01
1.830000000000000000e+02 7.800000000000000000e+01
1.850000000000000000e+02 6.000000000000000000e+01
5.100000000000000000e+01 4.900000000000000000e+01
5.300000000000000000e+01 4.000000000000000000e+01
6.000000000000000000e+01 3.600000000000000000e+01
6.700000000000000000e+01 3.400000000000000000e+01
7.300000000000000000e+01 3.400000000000000000e+01
1.050000000000000000e+02 2.700000000000000000e+01
1.110000000000000000e+02 2.500000000000000000e+01
1.220000000000000000e+02 2.200000000000000000e+01
1.360000000000000000e+02 2.500000000000000000e+01
1.470000000000000000e+02 3.100000000000000000e+01
8.700000000000000000e+01 4.900000000000000000e+01
8.500000000000000000e+01 5.800000000000000000e+01
8.000000000000000000e+01 6.500000000000000000e+01
8.000000000000000000e+01 7.400000000000000000e+01
8.000000000000000000e+01 8.700000000000000000e+01
8.200000000000000000e+01 8.700000000000000000e+01
8.700000000000000000e+01 8.500000000000000000e+01
9.400000000000000000e+01 8.500000000000000000e+01
9.800000000000000000e+01 8.500000000000000000e+01
6.000000000000000000e+01 6.000000000000000000e+01
6.200000000000000000e+01 5.400000000000000000e+01
6.900000000000000000e+01 5.400000000000000000e+01
7.800000000000000000e+01 5.600000000000000000e+01
7.100000000000000000e+01 5.800000000000000000e+01
6.500000000000000000e+01 6.000000000000000000e+01
1.110000000000000000e+02 4.900000000000000000e+01
1.180000000000000000e+02 4.500000000000000000e+01
1.250000000000000000e+02 4.200000000000000000e+01
1.340000000000000000e+02 4.700000000000000000e+01
1.270000000000000000e+02 5.100000000000000000e+01
1.160000000000000000e+02 5.100000000000000000e+01
7.800000000000000000e+01 1.180000000000000000e+02
7.800000000000000000e+01 1.050000000000000000e+02
8.200000000000000000e+01 9.600000000000000000e+01
8.700000000000000000e+01 9.600000000000000000e+01
9.100000000000000000e+01 9.600000000000000000e+01
1.050000000000000000e+02 1.000000000000000000e+02
1.180000000000000000e+02 1.110000000000000000e+02
1.070000000000000000e+02 1.230000000000000000e+02
1.000000000000000000e+02 1.290000000000000000e+02
9.100000000000000000e+01 1.310000000000000000e+02
8.500000000000000000e+01 1.310000000000000000e+02
8.000000000000000000e+01 1.270000000000000000e+02
7.800000000000000000e+01 1.180000000000000000e+02
8.200000000000000000e+01 1.050000000000000000e+02
8.900000000000000000e+01 1.030000000000000000e+02
9.600000000000000000e+01 1.030000000000000000e+02
1.160000000000000000e+02 1.110000000000000000e+02
9.800000000000000000e+01 1.200000000000000000e+02
9.100000000000000000e+01 1.230000000000000000e+02
8.700000000000000000e+01 1.230000000000000000e+02
