5.000000000000000000e+01 5.300000000000000000e+01
5.400000000000000000e+01 7.100000000000000000e+01
5.900000000000000000e+01 8.600000000000000000e+01
6.300000000000000000e+01 1.020000000000000000e+02
6.700000000000000000e+01 1.200000000000000000e+02
7.400000000000000000e+01 1.330000000000000000e+02
8.100000000000000000e+01 1.440000000000000000e+02
9.200000000000000000e+01 1.550000000000000000e+02
1.090000000000000000e+02 1.590000000000000000e+02
1.290000000000000000e+02 1.530000000000000000e+02
1.450000000000000000e+02 1.420000000000000000e+02
1.580000000000000000e+02 1.310000000000000000e+02
1.670000000000000000e+02 1.170000000000000000e+02
1.730000000000000000e+02 1.020000000000000000e+02
1.750000000000000000e+02 8.600000000000000000e+01
1.780000000000000000e+02 6.900000000000000000e+01
1.800000000000000000e+02 5.100000000000000000e+01
5.200000000000000000e+01 4.500000000000000000e+01
5.600000000000000000e+01 4.000000000000000000e+01
6.500000000000000000e+01 4.000000000000000000e+01
7.400000000000000000e+01 4.200000000000000000e+01
8.300000000000000000e+01 4.500000000000000000e+01
1.180000000000000000e+02 4.500000000000000000e+01
1.270000000000000000e+02 4.000000000000000000e+01
1.380000000000000000e+02 3.800000000000000000e+01
1.490000000000000000e+02 3.800000000000000000e+01
1.580000000000000000e+02 4.200000000000000000e+01
1.030000000000000000e+02 6.700000000000000000e+01
1.030000000000000000e+02 8.000000000000000000e+01
1.030000000000000000e+02 9.100000000000000000e+01
1.030000000000000000e+02 1.000000000000000000e+02
9.400000000000000000e+01 1.020000000000000000e+02
9.800000000000000000e+01 1.040000000000000000e+02
1.050000000000000000e+02 1.060000000000000000e+02
1.120000000000000000e+02 1.040000000000000000e+02
1.160000000000000000e+02 1.020000000000000000e+02
6.300000000000000000e+01 6.200000000000000000e+01
7.000000000000000000e+01 6.200000000000000000e+01
7.600000000000000000e+01 6.200000000000000000e+01
8.500000000000000000e+01 6.400000000000000000e+01
7.800000000000000000e+01 6.700000000000000000e+01
7.000000000000000000e+01 6.700000000000000000e+01
1.230000000000000000e+02 6.400000000000000000e+01
1.290000000000000000e+02 6.200000000000000000e+01
1.380000000000000000e+02 6.200000000000000000e+01
1.450000000000000000e+02 6.000000000000000000e+01
1.380000000000000000e+02 6.700000000000000000e+01
1.290000000000000000e+02 6.700000000000000000e+01
8.300000000000000000e+01 1.200000000000000000e+02
8.900000000000000000e+01 1.170000000000000000e+02
9.800000000000000000e+01 1.150000000000000000e+02
1.050000000000000000e+02 1.170000000000000000e+02
1.090000000000000000e+02 1.150000000000000000e+02
1.200000000000000000e+02 1.170000000000000000e+02
1.310000000000000000e+02 1.200000000000000000e+02
1.200000000000000000e+02 1.280000000000000000e+02
1.140000000000000000e+02 1.330000000000000000e+02
1.050000000000000000e+02 1.350000000000000000e+02
9.800000000000000000e+01 1.330000000000000000e+02
8.900000000000000000e+01 1.280000000000000000e+02
8.500000000000000000e+01 1.200000000000000000e+02
9.800000000000000000e+01 1.220000000000000000e+02
1.050000000000000000e+02 1.220000000000000000e+02
1.120000000000000000e+02 1.220000000000000000e+02
1.290000000000000000e+02 1.200000000000000000e+02
1.120000000000000000e+02 1.240000000000000000e+02
1.050000000000000000e+02 1.240000000000000000e+02
9.800000000000000000e+01 1.240000000000000000e+02
