6.100000000000000000e+01 7.200000000000000000e+01
6.100000000000000000e+01 9.000000000000000000e+01
6.300000000000000000e+01 1.030000000000000000e+02
6.300000000000000000e+01 1.190000000000000000e+02
6.300000000000000000e+01 1.320000000000000000e+02
6.800000000000000000e+01 1.410000000000000000e+02
7.000000000000000000e+01 1.480000000000000000e+02
7.400000000000000000e+01 1.540000000000000000e+02
9.200000000000000000e+01 1.560000000000000000e+02
1.120000000000000000e+02 1.520000000000000000e+02
1.320000000000000000e+02 1.480000000000000000e+02
1.500000000000000000e+02 1.410000000000000000e+02
1.630000000000000000e+02 1.320000000000000000e+02
1.740000000000000000e+02 1.170000000000000000e+02
1.780000000000000000e+02 1.030000000000000000e+02
1.850000000000000000e+02 8.600000000000000000e+01
1.870000000000000000e+02 6.800000000000000000e+01
5.500000000000000000e+01 4.400000000000000000e+01
5.900000000000000000e+01 3.500000000000000000e+01
6.600000000000000000e+01 3.300000000000000000e+01
7.200000000000000000e+01 3.300000000000000000e+01
7.900000000000000000e+01 3.300000000000000000e+01
1.120000000000000000e+02 3.300000000000000000e+01
1.210000000000000000e+02 3.000000000000000000e+01
1.320000000000000000e+02 3.000000000000000000e+01
1.430000000000000000e+02 3.300000000000000000e+01
1.540000000000000000e+02 4.100000000000000000e+01
9.200000000000000000e+01 5.200000000000000000e+01
8.800000000000000000e+01 6.100000000000000000e+01
8.500000000000000000e+01 7.000000000000000000e+01
8.300000000000000000e+01 7.900000000000000000e+01
8.100000000000000000e+01 9.000000000000000000e+01
8.300000000000000000e+01 9.000000000000000000e+01
8.800000000000000000e+01 9.000000000000000000e+01
9.700000000000000000e+01 9.000000000000000000e+01
1.010000000000000000e+02 9.000000000000000000e+01
6.100000000000000000e+01 5.700000000000000000e+01
6.600000000000000000e+01 5.200000000000000000e+01
7.200000000000000000e+01 5.200000000000000000e+01
8.100000000000000000e+01 5.700000000000000000e+01
7.400000000000000000e+01 5.700000000000000000e+01
6.600000000000000000e+01 5.900000000000000000e+01
1.160000000000000000e+02 5.500000000000000000e+01
1.230000000000000000e+02 5.000000000000000000e+01
1.300000000000000000e+02 5.200000000000000000e+01
1.390000000000000000e+02 5.500000000000000000e+01
1.300000000000000000e+02 5.900000000000000000e+01
1.210000000000000000e+02 5.700000000000000000e+01
7.200000000000000000e+01 1.140000000000000000e+02
7.400000000000000000e+01 1.060000000000000000e+02
8.300000000000000000e+01 1.010000000000000000e+02
8.800000000000000000e+01 1.010000000000000000e+02
9.200000000000000000e+01 1.010000000000000000e+02
1.030000000000000000e+02 1.060000000000000000e+02
1.140000000000000000e+02 1.140000000000000000e+02
1.030000000000000000e+02 1.210000000000000000e+02
9.400000000000000000e+01 1.250000000000000000e+02
8.800000000000000000e+01 1.250000000000000000e+02
7.900000000000000000e+01 1.250000000000000000e+02
7.400000000000000000e+01 1.210000000000000000e+02
7.200000000000000000e+01 1.140000000000000000e+02
8.100000000000000000e+01 1.080000000000000000e+02
8.800000000000000000e+01 1.080000000000000000e+02
9.400000000000000000e+01 1.080000000000000000e+02
1.120000000000000000e+02 1.140000000000000000e+02
9.400000000000000000e+01 1.170000000000000000e+02
8.800000000000000000e+01 1.190000000000000000e+02
8.100000000000000000e+01 1.170000000000000000e+02
