4.600000000000000000e+01 4.700000000000000000e+01
4.600000000000000000e+01 6.600000000000000000e+01
4.600000000000000000e+01 8.100000000000000000e+01
4.900000000000000000e+01 9.400000000000000000e+01
5.300000000000000000e+01 1.110000000000000000e+02
6.300000000000000000e+01 1.260000000000000000e+02
7.800000000000000000e+01 1.360000000000000000e+02
9.500000000000000000e+01 1.490000000000000000e+02
1.150000000000000000e+02 1.580000000000000000e+02
1.270000000000000000e+02 1.530000000000000000e+02
1.320000000000000000e+02 1.430000000000000000e+02
1.320000000000000000e+02 1.320000000000000000e+02
1.340000000000000000e+02 1.170000000000000000e+02
1.360000000000000000e+02 1.020000000000000000e+02
1.380000000000000000e+02 8.500000000000000000e+01
1.420000000000000000e+02 7.000000000000000000e+01
1.470000000000000000e+02 5.600000000000000000e+01
8.700000000000000000e+01 4.100000000000000000e+01
1.000000000000000000e+02 3.400000000000000000e+01
1.120000000000000000e+02 3.400000000000000000e+01
1.230000000000000000e+02 3.600000000000000000e+01
1.320000000000000000e+02 3.800000000000000000e+01
1.570000000000000000e+02 4.100000000000000000e+01
1.640000000000000000e+02 3.600000000000000000e+01
1.700000000000000000e+02 3.400000000000000000e+01
1.720000000000000000e+02 3.600000000000000000e+01
1.720000000000000000e+02 4.300000000000000000e+01
1.440000000000000000e+02 6.200000000000000000e+01
1.440000000000000000e+02 7.500000000000000000e+01
1.490000000000000000e+02 8.700000000000000000e+01
1.470000000000000000e+02 9.600000000000000000e+01
1.270000000000000000e+02 9.800000000000000000e+01
1.320000000000000000e+02 1.000000000000000000e+02
1.380000000000000000e+02 1.020000000000000000e+02
1.420000000000000000e+02 1.020000000000000000e+02
1.440000000000000000e+02 1.000000000000000000e+02
1.000000000000000000e+02 5.800000000000000000e+01
1.100000000000000000e+02 5.300000000000000000e+01
1.170000000000000000e+02 5.600000000000000000e+01
1.210000000000000000e+02 6.000000000000000000e+01
1.170000000000000000e+02 6.200000000000000000e+01
1.080000000000000000e+02 6.200000000000000000e+01
1.490000000000000000e+02 6.000000000000000000e+01
1.570000000000000000e+02 5.800000000000000000e+01
1.640000000000000000e+02 5.800000000000000000e+01
1.660000000000000000e+02 6.000000000000000000e+01
1.610000000000000000e+02 6.400000000000000000e+01
1.550000000000000000e+02 6.400000000000000000e+01
1.080000000000000000e+02 1.170000000000000000e+02
1.210000000000000000e+02 1.150000000000000000e+02
1.320000000000000000e+02 1.110000000000000000e+02
1.360000000000000000e+02 1.130000000000000000e+02
1.400000000000000000e+02 1.130000000000000000e+02
1.440000000000000000e+02 1.170000000000000000e+02
1.440000000000000000e+02 1.190000000000000000e+02
1.400000000000000000e+02 1.280000000000000000e+02
1.360000000000000000e+02 1.320000000000000000e+02
1.290000000000000000e+02 1.320000000000000000e+02
1.230000000000000000e+02 1.300000000000000000e+02
1.170000000000000000e+02 1.260000000000000000e+02
1.100000000000000000e+02 1.170000000000000000e+02
1.270000000000000000e+02 1.170000000000000000e+02
1.340000000000000000e+02 1.170000000000000000e+02
1.380000000000000000e+02 1.190000000000000000e+02
1.420000000000000000e+02 1.190000000000000000e+02
1.360000000000000000e+02 1.240000000000000000e+02
1.320000000000000000e+02 1.240000000000000000e+02
1.250000000000000000e+02 1.220000000000000000e+02
