4.600000000000000000e+01 7.400000000000000000e+01
5.100000000000000000e+01 9.200000000000000000e+01
5.500000000000000000e+01 1.050000000000000000e+02
6.000000000000000000e+01 1.160000000000000000e+02
6.700000000000000000e+01 1.300000000000000000e+02
7.800000000000000000e+01 1.410000000000000000e+02
8.700000000000000000e+01 1.480000000000000000e+02
1.020000000000000000e+02 1.550000000000000000e+02
1.200000000000000000e+02 1.590000000000000000e+02
1.380000000000000000e+02 1.520000000000000000e+02
1.490000000000000000e+02 1.410000000000000000e+02
1.580000000000000000e+02 1.340000000000000000e+02
1.650000000000000000e+02 1.230000000000000000e+02
1.700000000000000000e+02 1.080000000000000000e+02
1.720000000000000000e+02 9.400000000000000000e+01
1.740000000000000000e+02 7.800000000000000000e+01
1.740000000000000000e+02 6.000000000000000000e+01
6.000000000000000000e+01 4.700000000000000000e+01
6.700000000000000000e+01 3.800000000000000000e+01
7.600000000000000000e+01 3.100000000000000000e+01
8.700000000000000000e+01 3.100000000000000000e+01
9.300000000000000000e+01 3.400000000000000000e+01
1.290000000000000000e+02 2.900000000000000000e+01
1.360000000000000000e+02 2.700000000000000000e+01
1.450000000000000000e+02 2.700000000000000000e+01
1.540000000000000000e+02 2.900000000000000000e+01
1.630000000000000000e+02 3.600000000000000000e+01
1.140000000000000000e+02 5.200000000000000000e+01
1.160000000000000000e+02 6.300000000000000000e+01
1.160000000000000000e+02 7.200000000000000000e+01
1.180000000000000000e+02 8.100000000000000000e+01
1.070000000000000000e+02 9.000000000000000000e+01
1.110000000000000000e+02 9.000000000000000000e+01
1.180000000000000000e+02 9.200000000000000000e+01
1.230000000000000000e+02 9.000000000000000000e+01
1.270000000000000000e+02 9.000000000000000000e+01
7.600000000000000000e+01 6.000000000000000000e+01
8.000000000000000000e+01 5.600000000000000000e+01
8.900000000000000000e+01 5.600000000000000000e+01
9.600000000000000000e+01 5.800000000000000000e+01
8.900000000000000000e+01 6.000000000000000000e+01
8.200000000000000000e+01 6.000000000000000000e+01
1.320000000000000000e+02 5.600000000000000000e+01
1.380000000000000000e+02 5.200000000000000000e+01
1.450000000000000000e+02 5.200000000000000000e+01
1.520000000000000000e+02 5.400000000000000000e+01
1.450000000000000000e+02 5.600000000000000000e+01
1.380000000000000000e+02 5.600000000000000000e+01
9.800000000000000000e+01 1.190000000000000000e+02
1.020000000000000000e+02 1.080000000000000000e+02
1.140000000000000000e+02 1.010000000000000000e+02
1.180000000000000000e+02 1.010000000000000000e+02
1.230000000000000000e+02 1.010000000000000000e+02
1.340000000000000000e+02 1.050000000000000000e+02
1.410000000000000000e+02 1.140000000000000000e+02
1.340000000000000000e+02 1.230000000000000000e+02
1.270000000000000000e+02 1.280000000000000000e+02
1.180000000000000000e+02 1.300000000000000000e+02
1.110000000000000000e+02 1.300000000000000000e+02
1.050000000000000000e+02 1.250000000000000000e+02
1.000000000000000000e+02 1.160000000000000000e+02
1.110000000000000000e+02 1.080000000000000000e+02
1.180000000000000000e+02 1.080000000000000000e+02
1.250000000000000000e+02 1.080000000000000000e+02
1.380000000000000000e+02 1.140000000000000000e+02
1.250000000000000000e+02 1.190000000000000000e+02
1.180000000000000000e+02 1.210000000000000000e+02
1.110000000000000000e+02 1.190000000000000000e+02
