5.000000000000000000e+01 6.300000000000000000e+01
5.200000000000000000e+01 8.100000000000000000e+01
5.900000000000000000e+01 9.400000000000000000e+01
6.300000000000000000e+01 1.070000000000000000e+02
6.800000000000000000e+01 1.230000000000000000e+02
7.900000000000000000e+01 1.340000000000000000e+02
8.800000000000000000e+01 1.430000000000000000e+02
1.010000000000000000e+02 1.520000000000000000e+02
1.210000000000000000e+02 1.560000000000000000e+02
1.390000000000000000e+02 1.470000000000000000e+02
1.500000000000000000e+02 1.380000000000000000e+02
1.590000000000000000e+02 1.270000000000000000e+02
1.630000000000000000e+02 1.140000000000000000e+02
1.680000000000000000e+02 9.800000000000000000e+01
1.680000000000000000e+02 8.300000000000000000e+01
1.700000000000000000e+02 6.700000000000000000e+01
1.700000000000000000e+02 5.000000000000000000e+01
5.900000000000000000e+01 4.800000000000000000e+01
6.600000000000000000e+01 4.100000000000000000e+01
7.400000000000000000e+01 3.900000000000000000e+01
8.300000000000000000e+01 3.900000000000000000e+01
9.200000000000000000e+01 3.900000000000000000e+01
1.250000000000000000e+02 3.400000000000000000e+01
1.320000000000000000e+02 3.000000000000000000e+01
1.410000000000000000e+02 2.800000000000000000e+01
1.500000000000000000e+02 2.800000000000000000e+01
1.590000000000000000e+02 3.400000000000000000e+01
1.120000000000000000e+02 5.600000000000000000e+01
1.120000000000000000e+02 6.700000000000000000e+01
1.140000000000000000e+02 7.600000000000000000e+01
1.170000000000000000e+02 8.500000000000000000e+01
1.060000000000000000e+02 9.400000000000000000e+01
1.100000000000000000e+02 9.400000000000000000e+01
1.170000000000000000e+02 9.400000000000000000e+01
1.210000000000000000e+02 9.200000000000000000e+01
1.250000000000000000e+02 9.000000000000000000e+01
7.400000000000000000e+01 6.100000000000000000e+01
7.900000000000000000e+01 5.900000000000000000e+01
8.800000000000000000e+01 5.900000000000000000e+01
9.400000000000000000e+01 6.100000000000000000e+01
8.800000000000000000e+01 6.300000000000000000e+01
8.100000000000000000e+01 6.500000000000000000e+01
1.280000000000000000e+02 5.400000000000000000e+01
1.340000000000000000e+02 5.200000000000000000e+01
1.430000000000000000e+02 5.200000000000000000e+01
1.480000000000000000e+02 5.200000000000000000e+01
1.430000000000000000e+02 5.600000000000000000e+01
1.340000000000000000e+02 5.600000000000000000e+01
9.900000000000000000e+01 1.180000000000000000e+02
1.030000000000000000e+02 1.100000000000000000e+02
1.120000000000000000e+02 1.030000000000000000e+02
1.170000000000000000e+02 1.030000000000000000e+02
1.210000000000000000e+02 1.030000000000000000e+02
1.300000000000000000e+02 1.070000000000000000e+02
1.370000000000000000e+02 1.160000000000000000e+02
1.320000000000000000e+02 1.250000000000000000e+02
1.250000000000000000e+02 1.290000000000000000e+02
1.190000000000000000e+02 1.320000000000000000e+02
1.120000000000000000e+02 1.320000000000000000e+02
1.060000000000000000e+02 1.270000000000000000e+02
1.010000000000000000e+02 1.180000000000000000e+02
1.120000000000000000e+02 1.120000000000000000e+02
1.170000000000000000e+02 1.100000000000000000e+02
1.230000000000000000e+02 1.100000000000000000e+02
1.340000000000000000e+02 1.140000000000000000e+02
1.230000000000000000e+02 1.210000000000000000e+02
1.190000000000000000e+02 1.230000000000000000e+02
1.120000000000000000e+02 1.210000000000000000e+02
