4.200000000000000000e+01 6.000000000000000000e+01
4.400000000000000000e+01 7.500000000000000000e+01
4.700000000000000000e+01 9.300000000000000000e+01
5.300000000000000000e+01 1.060000000000000000e+02
6.000000000000000000e+01 1.210000000000000000e+02
7.300000000000000000e+01 1.340000000000000000e+02
9.100000000000000000e+01 1.430000000000000000e+02
1.100000000000000000e+02 1.500000000000000000e+02
1.300000000000000000e+02 1.540000000000000000e+02
1.430000000000000000e+02 1.520000000000000000e+02
1.480000000000000000e+02 1.450000000000000000e+02
1.500000000000000000e+02 1.360000000000000000e+02
1.520000000000000000e+02 1.260000000000000000e+02
1.520000000000000000e+02 1.100000000000000000e+02
1.540000000000000000e+02 9.700000000000000000e+01
1.540000000000000000e+02 8.200000000000000000e+01
1.560000000000000000e+02 6.400000000000000000e+01
8.200000000000000000e+01 4.200000000000000000e+01
9.300000000000000000e+01 3.600000000000000000e+01
1.060000000000000000e+02 3.300000000000000000e+01
1.170000000000000000e+02 3.300000000000000000e+01
1.260000000000000000e+02 3.600000000000000000e+01
1.540000000000000000e+02 3.800000000000000000e+01
1.610000000000000000e+02 3.300000000000000000e+01
1.670000000000000000e+02 3.300000000000000000e+01
1.720000000000000000e+02 3.600000000000000000e+01
1.720000000000000000e+02 4.200000000000000000e+01
1.430000000000000000e+02 5.700000000000000000e+01
1.450000000000000000e+02 6.800000000000000000e+01
1.500000000000000000e+02 7.900000000000000000e+01
1.500000000000000000e+02 8.800000000000000000e+01
1.300000000000000000e+02 9.500000000000000000e+01
1.370000000000000000e+02 9.500000000000000000e+01
1.430000000000000000e+02 9.700000000000000000e+01
1.480000000000000000e+02 9.700000000000000000e+01
1.500000000000000000e+02 9.500000000000000000e+01
9.700000000000000000e+01 5.700000000000000000e+01
1.060000000000000000e+02 5.300000000000000000e+01
1.120000000000000000e+02 5.300000000000000000e+01
1.190000000000000000e+02 5.700000000000000000e+01
1.150000000000000000e+02 6.000000000000000000e+01
1.060000000000000000e+02 6.000000000000000000e+01
1.500000000000000000e+02 5.700000000000000000e+01
1.590000000000000000e+02 5.300000000000000000e+01
1.650000000000000000e+02 5.300000000000000000e+01
1.650000000000000000e+02 5.700000000000000000e+01
1.630000000000000000e+02 6.000000000000000000e+01
1.560000000000000000e+02 6.000000000000000000e+01
1.100000000000000000e+02 1.170000000000000000e+02
1.230000000000000000e+02 1.080000000000000000e+02
1.370000000000000000e+02 1.060000000000000000e+02
1.410000000000000000e+02 1.060000000000000000e+02
1.480000000000000000e+02 1.060000000000000000e+02
1.520000000000000000e+02 1.100000000000000000e+02
1.540000000000000000e+02 1.170000000000000000e+02
1.500000000000000000e+02 1.260000000000000000e+02
1.450000000000000000e+02 1.300000000000000000e+02
1.370000000000000000e+02 1.300000000000000000e+02
1.300000000000000000e+02 1.300000000000000000e+02
1.210000000000000000e+02 1.260000000000000000e+02
1.120000000000000000e+02 1.150000000000000000e+02
1.320000000000000000e+02 1.120000000000000000e+02
1.390000000000000000e+02 1.120000000000000000e+02
1.450000000000000000e+02 1.120000000000000000e+02
1.520000000000000000e+02 1.170000000000000000e+02
1.430000000000000000e+02 1.210000000000000000e+02
1.390000000000000000e+02 1.210000000000000000e+02
1.300000000000000000e+02 1.210000000000000000e+02
