4.400000000000000000e+01 9.300000000000000000e+01
5.100000000000000000e+01 1.090000000000000000e+02
5.800000000000000000e+01 1.220000000000000000e+02
6.500000000000000000e+01 1.340000000000000000e+02
7.200000000000000000e+01 1.480000000000000000e+02
8.100000000000000000e+01 1.550000000000000000e+02
9.300000000000000000e+01 1.590000000000000000e+02
1.070000000000000000e+02 1.590000000000000000e+02
1.270000000000000000e+02 1.590000000000000000e+02
1.460000000000000000e+02 1.520000000000000000e+02
1.600000000000000000e+02 1.460000000000000000e+02
1.690000000000000000e+02 1.390000000000000000e+02
1.760000000000000000e+02 1.270000000000000000e+02
1.780000000000000000e+02 1.130000000000000000e+02
1.780000000000000000e+02 9.900000000000000000e+01
1.800000000000000000e+02 8.100000000000000000e+01
1.780000000000000000e+02 6.300000000000000000e+01
5.100000000000000000e+01 5.800000000000000000e+01
5.800000000000000000e+01 4.700000000000000000e+01
6.700000000000000000e+01 4.200000000000000000e+01
7.700000000000000000e+01 4.000000000000000000e+01
8.600000000000000000e+01 4.000000000000000000e+01
1.200000000000000000e+02 3.300000000000000000e+01
1.300000000000000000e+02 2.800000000000000000e+01
1.390000000000000000e+02 2.600000000000000000e+01
1.500000000000000000e+02 2.800000000000000000e+01
1.600000000000000000e+02 3.500000000000000000e+01
1.070000000000000000e+02 5.300000000000000000e+01
1.090000000000000000e+02 6.300000000000000000e+01
1.090000000000000000e+02 7.000000000000000000e+01
1.110000000000000000e+02 7.900000000000000000e+01
1.040000000000000000e+02 9.300000000000000000e+01
1.090000000000000000e+02 9.300000000000000000e+01
1.140000000000000000e+02 9.000000000000000000e+01
1.200000000000000000e+02 9.000000000000000000e+01
1.250000000000000000e+02 8.800000000000000000e+01
6.700000000000000000e+01 6.700000000000000000e+01
7.400000000000000000e+01 6.000000000000000000e+01
8.100000000000000000e+01 6.000000000000000000e+01
9.000000000000000000e+01 6.300000000000000000e+01
8.400000000000000000e+01 6.500000000000000000e+01
7.400000000000000000e+01 7.000000000000000000e+01
1.270000000000000000e+02 5.300000000000000000e+01
1.340000000000000000e+02 4.900000000000000000e+01
1.410000000000000000e+02 4.700000000000000000e+01
1.500000000000000000e+02 5.100000000000000000e+01
1.430000000000000000e+02 5.600000000000000000e+01
1.340000000000000000e+02 5.600000000000000000e+01
9.700000000000000000e+01 1.220000000000000000e+02
1.020000000000000000e+02 1.110000000000000000e+02
1.110000000000000000e+02 1.020000000000000000e+02
1.160000000000000000e+02 1.020000000000000000e+02
1.200000000000000000e+02 9.900000000000000000e+01
1.320000000000000000e+02 1.060000000000000000e+02
1.410000000000000000e+02 1.130000000000000000e+02
1.340000000000000000e+02 1.220000000000000000e+02
1.270000000000000000e+02 1.290000000000000000e+02
1.200000000000000000e+02 1.290000000000000000e+02
1.110000000000000000e+02 1.320000000000000000e+02
1.070000000000000000e+02 1.290000000000000000e+02
1.000000000000000000e+02 1.220000000000000000e+02
1.110000000000000000e+02 1.110000000000000000e+02
1.160000000000000000e+02 1.090000000000000000e+02
1.230000000000000000e+02 1.090000000000000000e+02
1.390000000000000000e+02 1.130000000000000000e+02
1.250000000000000000e+02 1.200000000000000000e+02
1.180000000000000000e+02 1.220000000000000000e+02
1.110000000000000000e+02 1.220000000000000000e+02
