4.500000000000000000e+01 8.100000000000000000e+01
5.200000000000000000e+01 9.700000000000000000e+01
5.900000000000000000e+01 1.100000000000000000e+02
6.300000000000000000e+01 1.230000000000000000e+02
7.000000000000000000e+01 1.370000000000000000e+02
8.100000000000000000e+01 1.480000000000000000e+02
9.000000000000000000e+01 1.520000000000000000e+02
1.060000000000000000e+02 1.570000000000000000e+02
1.230000000000000000e+02 1.590000000000000000e+02
1.410000000000000000e+02 1.520000000000000000e+02
1.520000000000000000e+02 1.410000000000000000e+02
1.610000000000000000e+02 1.320000000000000000e+02
1.660000000000000000e+02 1.210000000000000000e+02
1.700000000000000000e+02 1.060000000000000000e+02
1.700000000000000000e+02 9.200000000000000000e+01
1.700000000000000000e+02 7.700000000000000000e+01
1.700000000000000000e+02 5.700000000000000000e+01
5.700000000000000000e+01 5.700000000000000000e+01
6.300000000000000000e+01 5.000000000000000000e+01
7.200000000000000000e+01 4.500000000000000000e+01
8.100000000000000000e+01 4.300000000000000000e+01
9.000000000000000000e+01 4.500000000000000000e+01
1.230000000000000000e+02 3.900000000000000000e+01
1.320000000000000000e+02 3.700000000000000000e+01
1.410000000000000000e+02 3.400000000000000000e+01
1.500000000000000000e+02 3.400000000000000000e+01
1.590000000000000000e+02 3.900000000000000000e+01
1.100000000000000000e+02 6.100000000000000000e+01
1.120000000000000000e+02 7.200000000000000000e+01
1.140000000000000000e+02 8.100000000000000000e+01
1.170000000000000000e+02 9.000000000000000000e+01
1.060000000000000000e+02 1.010000000000000000e+02
1.100000000000000000e+02 9.900000000000000000e+01
1.170000000000000000e+02 1.010000000000000000e+02
1.210000000000000000e+02 9.900000000000000000e+01
1.260000000000000000e+02 9.700000000000000000e+01
7.200000000000000000e+01 7.000000000000000000e+01
7.700000000000000000e+01 6.600000000000000000e+01
8.600000000000000000e+01 6.300000000000000000e+01
9.400000000000000000e+01 6.600000000000000000e+01
8.800000000000000000e+01 7.000000000000000000e+01
7.900000000000000000e+01 7.200000000000000000e+01
1.280000000000000000e+02 6.100000000000000000e+01
1.350000000000000000e+02 5.700000000000000000e+01
1.430000000000000000e+02 5.400000000000000000e+01
1.500000000000000000e+02 5.700000000000000000e+01
1.430000000000000000e+02 6.100000000000000000e+01
1.350000000000000000e+02 6.100000000000000000e+01
1.010000000000000000e+02 1.260000000000000000e+02
1.060000000000000000e+02 1.170000000000000000e+02
1.120000000000000000e+02 1.120000000000000000e+02
1.190000000000000000e+02 1.120000000000000000e+02
1.230000000000000000e+02 1.100000000000000000e+02
1.300000000000000000e+02 1.150000000000000000e+02
1.370000000000000000e+02 1.190000000000000000e+02
1.320000000000000000e+02 1.280000000000000000e+02
1.280000000000000000e+02 1.320000000000000000e+02
1.210000000000000000e+02 1.350000000000000000e+02
1.140000000000000000e+02 1.350000000000000000e+02
1.080000000000000000e+02 1.320000000000000000e+02
1.010000000000000000e+02 1.260000000000000000e+02
1.120000000000000000e+02 1.190000000000000000e+02
1.190000000000000000e+02 1.170000000000000000e+02
1.230000000000000000e+02 1.170000000000000000e+02
1.370000000000000000e+02 1.190000000000000000e+02
1.260000000000000000e+02 1.230000000000000000e+02
1.190000000000000000e+02 1.260000000000000000e+02
1.120000000000000000e+02 1.260000000000000000e+02
