4.700000000000000000e+01 6.500000000000000000e+01
5.100000000000000000e+01 8.300000000000000000e+01
5.300000000000000000e+01 9.900000000000000000e+01
5.800000000000000000e+01 1.130000000000000000e+02
6.300000000000000000e+01 1.260000000000000000e+02
6.900000000000000000e+01 1.400000000000000000e+02
7.800000000000000000e+01 1.460000000000000000e+02
9.200000000000000000e+01 1.560000000000000000e+02
1.120000000000000000e+02 1.600000000000000000e+02
1.330000000000000000e+02 1.560000000000000000e+02
1.460000000000000000e+02 1.460000000000000000e+02
1.550000000000000000e+02 1.400000000000000000e+02
1.640000000000000000e+02 1.280000000000000000e+02
1.690000000000000000e+02 1.130000000000000000e+02
1.710000000000000000e+02 9.900000000000000000e+01
1.760000000000000000e+02 8.300000000000000000e+01
1.780000000000000000e+02 6.500000000000000000e+01
6.000000000000000000e+01 4.700000000000000000e+01
6.700000000000000000e+01 4.000000000000000000e+01
7.800000000000000000e+01 3.800000000000000000e+01
8.700000000000000000e+01 3.800000000000000000e+01
9.600000000000000000e+01 4.000000000000000000e+01
1.300000000000000000e+02 4.000000000000000000e+01
1.390000000000000000e+02 3.800000000000000000e+01
1.490000000000000000e+02 3.600000000000000000e+01
1.600000000000000000e+02 3.800000000000000000e+01
1.670000000000000000e+02 4.500000000000000000e+01
1.150000000000000000e+02 6.000000000000000000e+01
1.150000000000000000e+02 7.200000000000000000e+01
1.150000000000000000e+02 8.100000000000000000e+01
1.150000000000000000e+02 9.000000000000000000e+01
1.030000000000000000e+02 9.700000000000000000e+01
1.080000000000000000e+02 9.900000000000000000e+01
1.150000000000000000e+02 9.900000000000000000e+01
1.210000000000000000e+02 9.900000000000000000e+01
1.260000000000000000e+02 9.700000000000000000e+01
7.400000000000000000e+01 6.300000000000000000e+01
8.100000000000000000e+01 6.000000000000000000e+01
9.000000000000000000e+01 6.000000000000000000e+01
9.600000000000000000e+01 6.300000000000000000e+01
9.000000000000000000e+01 6.700000000000000000e+01
8.100000000000000000e+01 6.700000000000000000e+01
1.330000000000000000e+02 6.300000000000000000e+01
1.390000000000000000e+02 6.000000000000000000e+01
1.490000000000000000e+02 6.000000000000000000e+01
1.530000000000000000e+02 6.300000000000000000e+01
1.460000000000000000e+02 6.500000000000000000e+01
1.390000000000000000e+02 6.500000000000000000e+01
9.200000000000000000e+01 1.190000000000000000e+02
9.900000000000000000e+01 1.130000000000000000e+02
1.080000000000000000e+02 1.080000000000000000e+02
1.150000000000000000e+02 1.100000000000000000e+02
1.190000000000000000e+02 1.080000000000000000e+02
1.280000000000000000e+02 1.150000000000000000e+02
1.370000000000000000e+02 1.190000000000000000e+02
1.280000000000000000e+02 1.260000000000000000e+02
1.210000000000000000e+02 1.310000000000000000e+02
1.120000000000000000e+02 1.310000000000000000e+02
1.060000000000000000e+02 1.310000000000000000e+02
9.900000000000000000e+01 1.260000000000000000e+02
9.400000000000000000e+01 1.190000000000000000e+02
1.080000000000000000e+02 1.150000000000000000e+02
1.150000000000000000e+02 1.150000000000000000e+02
1.210000000000000000e+02 1.150000000000000000e+02
1.350000000000000000e+02 1.190000000000000000e+02
1.210000000000000000e+02 1.220000000000000000e+02
1.150000000000000000e+02 1.220000000000000000e+02
1.060000000000000000e+02 1.220000000000000000e+02
