4.575000000000000000e+01 4.600000000000000000e+01
4.325000000000000000e+01 6.396875000000000000e+01
4.262500000000000000e+01 8.265625000000000000e+01
4.387500000000000000e+01 1.013437500000000000e+02
4.825000000000000000e+01 1.193125000000000000e+02
5.575000000000000000e+01 1.344062500000000000e+02
6.637500000000000000e+01 1.480625000000000000e+02
7.825000000000000000e+01 1.602812500000000000e+02
9.387500000000000000e+01 1.660312500000000000e+02
1.113750000000000000e+02 1.653125000000000000e+02
1.270000000000000000e+02 1.595625000000000000e+02
1.426250000000000000e+02 1.502187500000000000e+02
1.563750000000000000e+02 1.380000000000000000e+02
1.657500000000000000e+02 1.221875000000000000e+02
1.713750000000000000e+02 1.035000000000000000e+02
1.763750000000000000e+02 8.409375000000000000e+01
1.795000000000000000e+02 6.468750000000000000e+01
5.512500000000000000e+01 4.312500000000000000e+01
6.325000000000000000e+01 3.450000000000000000e+01
7.387500000000000000e+01 3.378125000000000000e+01
8.387500000000000000e+01 3.665625000000000000e+01
9.387500000000000000e+01 4.168750000000000000e+01
1.201250000000000000e+02 4.528125000000000000e+01
1.320000000000000000e+02 4.312500000000000000e+01
1.438750000000000000e+02 4.312500000000000000e+01
1.545000000000000000e+02 4.815625000000000000e+01
1.607500000000000000e+02 5.821875000000000000e+01
1.045000000000000000e+02 5.606250000000000000e+01
1.026250000000000000e+02 6.684375000000000000e+01
1.007500000000000000e+02 7.762500000000000000e+01
9.887500000000000000e+01 8.912500000000000000e+01
8.512500000000000000e+01 9.631250000000000000e+01
9.137500000000000000e+01 9.846875000000000000e+01
9.887500000000000000e+01 1.013437500000000000e+02
1.070000000000000000e+02 1.006250000000000000e+02
1.138750000000000000e+02 9.990625000000000000e+01
6.450000000000000000e+01 5.762500000000000000e+01
7.012500000000000000e+01 5.318750000000000000e+01
7.887500000000000000e+01 5.318750000000000000e+01
8.700000000000000000e+01 5.606250000000000000e+01
7.825000000000000000e+01 5.534375000000000000e+01
7.012500000000000000e+01 5.534375000000000000e+01
1.257500000000000000e+02 6.181250000000000000e+01
1.338750000000000000e+02 6.037500000000000000e+01
1.426250000000000000e+02 6.181250000000000000e+01
1.482500000000000000e+02 6.840625000000000000e+01
1.426250000000000000e+02 6.612500000000000000e+01
1.338750000000000000e+02 6.468750000000000000e+01
7.575000000000000000e+01 1.157187500000000000e+02
8.325000000000000000e+01 1.128437500000000000e+02
9.137500000000000000e+01 1.151250000000000000e+02
9.762500000000000000e+01 1.142812500000000000e+02
1.032500000000000000e+02 1.165625000000000000e+02
1.120000000000000000e+02 1.164375000000000000e+02
1.201250000000000000e+02 1.214687500000000000e+02
1.132500000000000000e+02 1.286562500000000000e+02
1.051250000000000000e+02 1.336875000000000000e+02
9.575000000000000000e+01 1.344062500000000000e+02
8.700000000000000000e+01 1.308125000000000000e+02
8.012500000000000000e+01 1.243437500000000000e+02
7.762500000000000000e+01 1.157187500000000000e+02
8.762500000000000000e+01 1.178750000000000000e+02
9.700000000000000000e+01 1.207500000000000000e+02
1.076250000000000000e+02 1.207500000000000000e+02
1.182500000000000000e+02 1.214687500000000000e+02
1.076250000000000000e+02 1.214687500000000000e+02
9.637500000000000000e+01 1.221875000000000000e+02
8.700000000000000000e+01 1.193125000000000000e+02
