4.173437500000000000e+01 5.868359375000000000e+01
4.428125000000000000e+01 7.706640625000000000e+01
4.873828125000000000e+01 9.474218750000000000e+01
5.510546875000000000e+01 1.117109375000000000e+02
6.274609375000000000e+01 1.279726562500000000e+02
7.357031250000000000e+01 1.421132812500000000e+02
8.694140625000000000e+01 1.527187500000000000e+02
1.015859375000000000e+02 1.612031250000000000e+02
1.181406250000000000e+02 1.640312500000000000e+02
1.366054687500000000e+02 1.590820312500000000e+02
1.518867187500000000e+02 1.477695312500000000e+02
1.652578125000000000e+02 1.343359375000000000e+02
1.754453125000000000e+02 1.180742187500000000e+02
1.805390625000000000e+02 9.827734375000000000e+01
1.824492187500000000e+02 7.848046875000000000e+01
1.830859375000000000e+02 5.797656250000000000e+01
1.811757812500000000e+02 3.888671875000000000e+01
5.064843750000000000e+01 6.009765625000000000e+01
5.701562500000000000e+01 5.019921875000000000e+01
6.720312500000000000e+01 4.666406250000000000e+01
7.866406250000000000e+01 4.666406250000000000e+01
8.948828125000000000e+01 4.807812500000000000e+01
1.149570312500000000e+02 4.383593750000000000e+01
1.264179687500000000e+02 3.959375000000000000e+01
1.385156250000000000e+02 3.676562500000000000e+01
1.506132812500000000e+02 3.747265625000000000e+01
1.595273437500000000e+02 4.525000000000000000e+01
1.028593750000000000e+02 5.656250000000000000e+01
1.034960937500000000e+02 6.858203125000000000e+01
1.041328125000000000e+02 8.060156250000000000e+01
1.054062500000000000e+02 9.191406250000000000e+01
9.394531250000000000e+01 1.018125000000000000e+02
1.009492187500000000e+02 1.025195312500000000e+02
1.079531250000000000e+02 1.032265625000000000e+02
1.155937500000000000e+02 1.003984375000000000e+02
1.225976562500000000e+02 9.827734375000000000e+01
6.274609375000000000e+01 6.804687500000000000e+01
6.783984375000000000e+01 6.151171875000000000e+01
7.739062500000000000e+01 5.868359375000000000e+01
8.566796875000000000e+01 6.080468750000000000e+01
7.739062500000000000e+01 6.363281250000000000e+01
6.847656250000000000e+01 6.504687500000000000e+01
1.238710937500000000e+02 5.585546875000000000e+01
1.327851562500000000e+02 5.232031250000000000e+01
1.423359375000000000e+02 5.232031250000000000e+01
1.487031250000000000e+02 5.673437500000000000e+01
1.423359375000000000e+02 5.514843750000000000e+01
1.327851562500000000e+02 5.585546875000000000e+01
9.139843750000000000e+01 1.251445312500000000e+02
9.776562500000000000e+01 1.201953125000000000e+02
1.047695312500000000e+02 1.203671875000000000e+02
1.105000000000000000e+02 1.180742187500000000e+02
1.162304687500000000e+02 1.189531250000000000e+02
1.251445312500000000e+02 1.166601562500000000e+02
1.340585937500000000e+02 1.194882812500000000e+02
1.289648437500000000e+02 1.265585937500000000e+02
1.219609375000000000e+02 1.322148437500000000e+02
1.130468750000000000e+02 1.350429687500000000e+02
1.047695312500000000e+02 1.343359375000000000e+02
9.712890625000000000e+01 1.308007812500000000e+02
9.330859375000000000e+01 1.244375000000000000e+02
1.022226562500000000e+02 1.237304687500000000e+02
1.117734375000000000e+02 1.237304687500000000e+02
1.219609375000000000e+02 1.209023437500000000e+02
1.321484375000000000e+02 1.194882812500000000e+02
1.213242187500000000e+02 1.209023437500000000e+02
1.117734375000000000e+02 1.237304687500000000e+02
1.022226562500000000e+02 1.237304687500000000e+02
