4.429687500000000000e+01 4.448046875000000000e+01
4.301562500000000000e+01 6.408203125000000000e+01
4.365625000000000000e+01 8.443750000000000000e+01
4.557812500000000000e+01 1.040390625000000000e+02
5.070312500000000000e+01 1.236406250000000000e+02
6.031250000000000000e+01 1.387187500000000000e+02
7.248437500000000000e+01 1.522890625000000000e+02
8.593750000000000000e+01 1.635976562500000000e+02
1.025937500000000000e+02 1.696289062500000000e+02
1.205312500000000000e+02 1.681210937500000000e+02
1.359062500000000000e+02 1.598281250000000000e+02
1.506406250000000000e+02 1.492734375000000000e+02
1.634531250000000000e+02 1.357031250000000000e+02
1.717812500000000000e+02 1.176093750000000000e+02
1.769062500000000000e+02 9.876171875000000000e+01
1.813906250000000000e+02 7.840625000000000000e+01
1.833125000000000000e+02 5.805078125000000000e+01
5.839062500000000000e+01 5.126562500000000000e+01
6.735937500000000000e+01 4.372656250000000000e+01
7.889062500000000000e+01 4.297265625000000000e+01
8.978125000000000000e+01 4.523437500000000000e+01
1.006718750000000000e+02 4.900390625000000000e+01
1.250156250000000000e+02 4.900390625000000000e+01
1.365468750000000000e+02 4.674218750000000000e+01
1.480781250000000000e+02 4.674218750000000000e+01
1.589687500000000000e+02 4.975781250000000000e+01
1.672968750000000000e+02 5.955859375000000000e+01
1.115625000000000000e+02 5.955859375000000000e+01
1.102812500000000000e+02 7.162109375000000000e+01
1.090000000000000000e+02 8.292968750000000000e+01
1.077187500000000000e+02 9.499218750000000000e+01
9.298437500000000000e+01 1.010234375000000000e+02
9.939062500000000000e+01 1.040390625000000000e+02
1.064375000000000000e+02 1.070546875000000000e+02
1.147656250000000000e+02 1.055468750000000000e+02
1.218125000000000000e+02 1.047929687500000000e+02
6.928125000000000000e+01 6.180468750000000000e+01
7.568750000000000000e+01 5.654296875000000000e+01
8.465625000000000000e+01 5.654296875000000000e+01
9.362500000000000000e+01 6.031250000000000000e+01
8.465625000000000000e+01 6.031250000000000000e+01
7.568750000000000000e+01 5.955859375000000000e+01
1.295000000000000000e+02 6.332812500000000000e+01
1.391093750000000000e+02 6.106640625000000000e+01
1.487187500000000000e+02 6.332812500000000000e+01
1.544843750000000000e+02 6.934375000000000000e+01
1.480781250000000000e+02 6.709765625000000000e+01
1.384687500000000000e+02 6.558984375000000000e+01
8.209375000000000000e+01 1.213789062500000000e+02
9.042187500000000000e+01 1.206250000000000000e+02
9.939062500000000000e+01 1.236250000000000000e+02
1.051562500000000000e+02 1.236406250000000000e+02
1.115625000000000000e+02 1.251328125000000000e+02
1.205312500000000000e+02 1.243945312500000000e+02
1.295000000000000000e+02 1.274101562500000000e+02
1.218125000000000000e+02 1.326875000000000000e+02
1.134843750000000000e+02 1.357031250000000000e+02
1.045156250000000000e+02 1.364570312500000000e+02
9.554687500000000000e+01 1.341953125000000000e+02
8.785937500000000000e+01 1.296718750000000000e+02
8.401562500000000000e+01 1.221328125000000000e+02
9.426562500000000000e+01 1.259023437500000000e+02
1.045156250000000000e+02 1.289179687500000000e+02
1.160468750000000000e+02 1.281640625000000000e+02
1.275781250000000000e+02 1.274101562500000000e+02
1.160468750000000000e+02 1.281640625000000000e+02
1.045156250000000000e+02 1.289179687500000000e+02
9.426562500000000000e+01 1.259023437500000000e+02
