5.128515625000000000e+01 4.959375000000000000e+01
4.873828125000000000e+01 6.684375000000000000e+01
4.810156250000000000e+01 8.481250000000000000e+01
4.937500000000000000e+01 1.027812500000000000e+02
5.255859375000000000e+01 1.200312500000000000e+02
6.019921875000000000e+01 1.344062500000000000e+02
7.102343750000000000e+01 1.473437500000000000e+02
8.312109375000000000e+01 1.581250000000000000e+02
9.840234375000000000e+01 1.631562500000000000e+02
1.155937500000000000e+02 1.638750000000000000e+02
1.315117187500000000e+02 1.595625000000000000e+02
1.467929687500000000e+02 1.516562500000000000e+02
1.608007812500000000e+02 1.408750000000000000e+02
1.697148437500000000e+02 1.250625000000000000e+02
1.754453125000000000e+02 1.070937500000000000e+02
1.811757812500000000e+02 8.912500000000000000e+01
1.843593750000000000e+02 6.971875000000000000e+01
6.274609375000000000e+01 3.953125000000000000e+01
7.102343750000000000e+01 3.162500000000000000e+01
8.121093750000000000e+01 2.946875000000000000e+01
9.203515625000000000e+01 3.234375000000000000e+01
1.015859375000000000e+02 3.737500000000000000e+01
1.276914062500000000e+02 4.240625000000000000e+01
1.397890625000000000e+02 4.096875000000000000e+01
1.512500000000000000e+02 4.168750000000000000e+01
1.620742187500000000e+02 4.671875000000000000e+01
1.671679687500000000e+02 5.821875000000000000e+01
1.117734375000000000e+02 5.246875000000000000e+01
1.098632812500000000e+02 6.253125000000000000e+01
1.079531250000000000e+02 7.331250000000000000e+01
1.060429687500000000e+02 8.337500000000000000e+01
9.139843750000000000e+01 9.200000000000000000e+01
9.776562500000000000e+01 9.415625000000000000e+01
1.054062500000000000e+02 9.631250000000000000e+01
1.130468750000000000e+02 9.631250000000000000e+01
1.200507812500000000e+02 9.631250000000000000e+01
7.166015625000000000e+01 5.475000000000000000e+01
7.739062500000000000e+01 5.031250000000000000e+01
8.630468750000000000e+01 5.031250000000000000e+01
9.458203125000000000e+01 5.318750000000000000e+01
8.566796875000000000e+01 5.390625000000000000e+01
7.739062500000000000e+01 5.318750000000000000e+01
1.321484375000000000e+02 5.893750000000000000e+01
1.410625000000000000e+02 5.821875000000000000e+01
1.499765625000000000e+02 6.037500000000000000e+01
1.550703125000000000e+02 6.625000000000000000e+01
1.493398437500000000e+02 6.396875000000000000e+01
1.410625000000000000e+02 6.253125000000000000e+01
8.121093750000000000e+01 1.150000000000000000e+02
8.885156250000000000e+01 1.106875000000000000e+02
9.776562500000000000e+01 1.122500000000000000e+02
1.034960937500000000e+02 1.114062500000000000e+02
1.098632812500000000e+02 1.136875000000000000e+02
1.187773437500000000e+02 1.150000000000000000e+02
1.264179687500000000e+02 1.207500000000000000e+02
1.200507812500000000e+02 1.272187500000000000e+02
1.111367187500000000e+02 1.315312500000000000e+02
1.015859375000000000e+02 1.322500000000000000e+02
9.330859375000000000e+01 1.293750000000000000e+02
8.566796875000000000e+01 1.236250000000000000e+02
8.312109375000000000e+01 1.157187500000000000e+02
9.330859375000000000e+01 1.157187500000000000e+02
1.034960937500000000e+02 1.185937500000000000e+02
1.136835937500000000e+02 1.185937500000000000e+02
1.245078125000000000e+02 1.200312500000000000e+02
1.136835937500000000e+02 1.185937500000000000e+02
1.028593750000000000e+02 1.193125000000000000e+02
9.330859375000000000e+01 1.164375000000000000e+02
