4.210937500000000000e+01 5.360937500000000000e+01
4.332031250000000000e+01 7.417187500000000000e+01
4.695312500000000000e+01 9.326562500000000000e+01
5.179687500000000000e+01 1.116250000000000000e+02
5.845703125000000000e+01 1.285156250000000000e+02
6.935546875000000000e+01 1.432031250000000000e+02
8.146484375000000000e+01 1.549531250000000000e+02
9.539062500000000000e+01 1.652343750000000000e+02
1.111328125000000000e+02 1.689062500000000000e+02
1.274804687500000000e+02 1.659687500000000000e+02
1.420117187500000000e+02 1.556875000000000000e+02
1.547265625000000000e+02 1.432031250000000000e+02
1.656250000000000000e+02 1.285156250000000000e+02
1.728906250000000000e+02 1.094218750000000000e+02
1.765234375000000000e+02 8.959375000000000000e+01
1.783398437500000000e+02 6.903125000000000000e+01
1.783398437500000000e+02 4.920312500000000000e+01
5.482421875000000000e+01 5.434375000000000000e+01
6.148437500000000000e+01 4.479687500000000000e+01
7.238281250000000000e+01 4.259375000000000000e+01
8.328125000000000000e+01 4.479687500000000000e+01
9.357421875000000000e+01 4.773437500000000000e+01
1.196093750000000000e+02 4.553125000000000000e+01
1.305078125000000000e+02 4.185937500000000000e+01
1.426171875000000000e+02 4.039062500000000000e+01
1.535156250000000000e+02 4.332812500000000000e+01
1.607812500000000000e+02 5.360937500000000000e+01
1.062890625000000000e+02 5.875000000000000000e+01
1.068945312500000000e+02 7.050000000000000000e+01
1.068945312500000000e+02 8.225000000000000000e+01
1.068945312500000000e+02 9.400000000000000000e+01
9.478515625000000000e+01 1.035468750000000000e+02
1.008398437500000000e+02 1.050156250000000000e+02
1.081054687500000000e+02 1.057500000000000000e+02
1.153710937500000000e+02 1.035468750000000000e+02
1.214257812500000000e+02 1.020781250000000000e+02
6.572265625000000000e+01 6.689062500000000000e+01
7.177734375000000000e+01 6.242187500000000000e+01
8.025390625000000000e+01 6.095312500000000000e+01
8.873046875000000000e+01 6.242187500000000000e+01
8.025390625000000000e+01 6.389062500000000000e+01
7.177734375000000000e+01 6.462500000000000000e+01
1.256640625000000000e+02 6.095312500000000000e+01
1.347460937500000000e+02 6.021875000000000000e+01
1.438281250000000000e+02 6.095312500000000000e+01
1.498828125000000000e+02 6.468750000000000000e+01
1.438281250000000000e+02 6.315625000000000000e+01
1.347460937500000000e+02 6.242187500000000000e+01
9.054687500000000000e+01 1.255781250000000000e+02
9.660156250000000000e+01 1.211718750000000000e+02
1.032617187500000000e+02 1.219687500000000000e+02
1.087109375000000000e+02 1.204375000000000000e+02
1.141601562500000000e+02 1.219687500000000000e+02
1.214257812500000000e+02 1.204375000000000000e+02
1.286914062500000000e+02 1.233750000000000000e+02
1.238476562500000000e+02 1.299843750000000000e+02
1.171875000000000000e+02 1.343906250000000000e+02
1.093164062500000000e+02 1.365937500000000000e+02
1.020507812500000000e+02 1.358593750000000000e+02
9.539062500000000000e+01 1.314531250000000000e+02
9.236328125000000000e+01 1.255781250000000000e+02
1.002343750000000000e+02 1.248437500000000000e+02
1.093164062500000000e+02 1.263125000000000000e+02
1.177929687500000000e+02 1.241093750000000000e+02
1.268750000000000000e+02 1.241093750000000000e+02
1.177929687500000000e+02 1.241093750000000000e+02
1.093164062500000000e+02 1.263125000000000000e+02
1.002343750000000000e+02 1.248437500000000000e+02
