3.881250000000000000e+01 6.609375000000000000e+01
4.201562500000000000e+01 8.518750000000000000e+01
4.650000000000000000e+01 1.035468750000000000e+02
5.290625000000000000e+01 1.211718750000000000e+02
6.187500000000000000e+01 1.373281250000000000e+02
7.404687500000000000e+01 1.498125000000000000e+02
8.750000000000000000e+01 1.593593750000000000e+02
1.028750000000000000e+02 1.681718750000000000e+02
1.195312500000000000e+02 1.696406250000000000e+02
1.368281250000000000e+02 1.645000000000000000e+02
1.515625000000000000e+02 1.527500000000000000e+02
1.643750000000000000e+02 1.387968750000000000e+02
1.739843750000000000e+02 1.226406250000000000e+02
1.791093750000000000e+02 1.028125000000000000e+02
1.803906250000000000e+02 8.225000000000000000e+01
1.803906250000000000e+02 6.168750000000000000e+01
1.778281250000000000e+02 4.185937500000000000e+01
4.906250000000000000e+01 6.242187500000000000e+01
5.546875000000000000e+01 5.214062500000000000e+01
6.571875000000000000e+01 4.773437500000000000e+01
7.660937500000000000e+01 4.626562500000000000e+01
8.814062500000000000e+01 4.846875000000000000e+01
1.131250000000000000e+02 4.406250000000000000e+01
1.246562500000000000e+02 3.965625000000000000e+01
1.368281250000000000e+02 3.598437500000000000e+01
1.483593750000000000e+02 3.671875000000000000e+01
1.579687500000000000e+02 4.479687500000000000e+01
1.015937500000000000e+02 5.875000000000000000e+01
1.028750000000000000e+02 7.050000000000000000e+01
1.035156250000000000e+02 8.151562500000000000e+01
1.054375000000000000e+02 9.326562500000000000e+01
9.326562500000000000e+01 1.035468750000000000e+02
1.003125000000000000e+02 1.042812500000000000e+02
1.080000000000000000e+02 1.050156250000000000e+02
1.163281250000000000e+02 1.020781250000000000e+02
1.233750000000000000e+02 9.840625000000000000e+01
6.123437500000000000e+01 7.203125000000000000e+01
6.700000000000000000e+01 6.462500000000000000e+01
7.660937500000000000e+01 6.168750000000000000e+01
8.557812500000000000e+01 6.389062500000000000e+01
7.660937500000000000e+01 6.609375000000000000e+01
6.764062500000000000e+01 6.829687500000000000e+01
1.214531250000000000e+02 5.875000000000000000e+01
1.304218750000000000e+02 5.434375000000000000e+01
1.413125000000000000e+02 5.360937500000000000e+01
1.470781250000000000e+02 5.807812500000000000e+01
1.413125000000000000e+02 5.728125000000000000e+01
1.310625000000000000e+02 5.875000000000000000e+01
8.942187500000000000e+01 1.241093750000000000e+02
9.646875000000000000e+01 1.204375000000000000e+02
1.041562500000000000e+02 1.212343750000000000e+02
1.105625000000000000e+02 1.189687500000000000e+02
1.169687500000000000e+02 1.190312500000000000e+02
1.259375000000000000e+02 1.160312500000000000e+02
1.355468750000000000e+02 1.182343750000000000e+02
1.304218750000000000e+02 1.270468750000000000e+02
1.233750000000000000e+02 1.343906250000000000e+02
1.137656250000000000e+02 1.373281250000000000e+02
1.035156250000000000e+02 1.373281250000000000e+02
9.582812500000000000e+01 1.321875000000000000e+02
9.134375000000000000e+01 1.241093750000000000e+02
1.009531250000000000e+02 1.248437500000000000e+02
1.112031250000000000e+02 1.248437500000000000e+02
1.227343750000000000e+02 1.211718750000000000e+02
1.336250000000000000e+02 1.189687500000000000e+02
1.227343750000000000e+02 1.219062500000000000e+02
1.118437500000000000e+02 1.255781250000000000e+02
1.009531250000000000e+02 1.248437500000000000e+02
