4.487890625000000000e+01 4.553125000000000000e+01
4.487890625000000000e+01 6.609375000000000000e+01
4.733203125000000000e+01 8.592187500000000000e+01
5.039843750000000000e+01 1.057500000000000000e+02
5.714453125000000000e+01 1.248437500000000000e+02
6.757031250000000000e+01 1.395312500000000000e+02
8.106250000000000000e+01 1.512812500000000000e+02
9.639453125000000000e+01 1.615625000000000000e+02
1.129531250000000000e+02 1.652343750000000000e+02
1.288984375000000000e+02 1.615625000000000000e+02
1.430039062500000000e+02 1.527500000000000000e+02
1.558828125000000000e+02 1.417343750000000000e+02
1.669218750000000000e+02 1.270468750000000000e+02
1.730546875000000000e+02 1.094218750000000000e+02
1.773476562500000000e+02 9.032812500000000000e+01
1.804140625000000000e+02 7.050000000000000000e+01
1.810273437500000000e+02 5.214062500000000000e+01
6.327734375000000000e+01 4.993750000000000000e+01
7.125000000000000000e+01 4.039062500000000000e+01
8.228906250000000000e+01 3.892187500000000000e+01
9.332812500000000000e+01 4.039062500000000000e+01
1.043671875000000000e+02 4.479687500000000000e+01
1.288984375000000000e+02 4.553125000000000000e+01
1.405507812500000000e+02 4.185937500000000000e+01
1.515898437500000000e+02 4.112500000000000000e+01
1.620156250000000000e+02 4.406250000000000000e+01
1.687617187500000000e+02 5.360937500000000000e+01
1.166328125000000000e+02 5.728125000000000000e+01
1.160195312500000000e+02 6.903125000000000000e+01
1.160195312500000000e+02 8.078125000000000000e+01
1.154062500000000000e+02 9.253125000000000000e+01
1.006875000000000000e+02 9.987500000000000000e+01
1.074335937500000000e+02 1.020781250000000000e+02
1.147929687500000000e+02 1.042812500000000000e+02
1.227656250000000000e+02 1.028125000000000000e+02
1.288984375000000000e+02 1.013437500000000000e+02
7.431640625000000000e+01 6.101562500000000000e+01
7.983593750000000000e+01 5.507812500000000000e+01
8.903515625000000000e+01 5.507812500000000000e+01
9.700781250000000000e+01 5.875000000000000000e+01
8.842187500000000000e+01 6.021875000000000000e+01
7.983593750000000000e+01 5.948437500000000000e+01
1.338046875000000000e+02 5.948437500000000000e+01
1.423906250000000000e+02 5.654687500000000000e+01
1.515898437500000000e+02 5.728125000000000000e+01
1.571093750000000000e+02 6.395312500000000000e+01
1.515898437500000000e+02 6.242187500000000000e+01
1.423906250000000000e+02 6.168750000000000000e+01
9.332812500000000000e+01 1.211718750000000000e+02
1.006875000000000000e+02 1.189687500000000000e+02
1.092734375000000000e+02 1.205000000000000000e+02
1.147929687500000000e+02 1.189687500000000000e+02
1.203125000000000000e+02 1.205000000000000000e+02
1.276718750000000000e+02 1.189687500000000000e+02
1.350312500000000000e+02 1.226406250000000000e+02
1.295117187500000000e+02 1.285156250000000000e+02
1.221523437500000000e+02 1.321875000000000000e+02
1.141796875000000000e+02 1.336562500000000000e+02
1.062070312500000000e+02 1.321875000000000000e+02
9.884765625000000000e+01 1.277812500000000000e+02
9.455468750000000000e+01 1.219062500000000000e+02
1.043671875000000000e+02 1.219062500000000000e+02
1.147929687500000000e+02 1.233750000000000000e+02
1.239921875000000000e+02 1.226406250000000000e+02
1.331914062500000000e+02 1.226406250000000000e+02
1.239921875000000000e+02 1.219062500000000000e+02
1.141796875000000000e+02 1.233750000000000000e+02
1.043671875000000000e+02 1.219062500000000000e+02
