4.255468750000000000e+01 5.507812500000000000e+01
4.128906250000000000e+01 7.417187500000000000e+01
4.128906250000000000e+01 9.326562500000000000e+01
4.318750000000000000e+01 1.116250000000000000e+02
4.825000000000000000e+01 1.285156250000000000e+02
5.774218750000000000e+01 1.432031250000000000e+02
6.976562500000000000e+01 1.549531250000000000e+02
8.305468750000000000e+01 1.645000000000000000e+02
9.950781250000000000e+01 1.689062500000000000e+02
1.165937500000000000e+02 1.689062500000000000e+02
1.330468750000000000e+02 1.637656250000000000e+02
1.488671875000000000e+02 1.556875000000000000e+02
1.621562500000000000e+02 1.439375000000000000e+02
1.710156250000000000e+02 1.270468750000000000e+02
1.760781250000000000e+02 1.086875000000000000e+02
1.798750000000000000e+02 8.885937500000000000e+01
1.811406250000000000e+02 6.829687500000000000e+01
5.457812500000000000e+01 4.920312500000000000e+01
6.280468750000000000e+01 4.112500000000000000e+01
7.292968750000000000e+01 3.892187500000000000e+01
8.432031250000000000e+01 4.039062500000000000e+01
9.444531250000000000e+01 4.332812500000000000e+01
1.197578125000000000e+02 4.259375000000000000e+01
1.317812500000000000e+02 4.112500000000000000e+01
1.444375000000000000e+02 4.332812500000000000e+01
1.545625000000000000e+02 4.846875000000000000e+01
1.621562500000000000e+02 6.021875000000000000e+01
1.052031250000000000e+02 5.581250000000000000e+01
1.039375000000000000e+02 6.682812500000000000e+01
1.033046875000000000e+02 7.710937500000000000e+01
1.020390625000000000e+02 8.739062500000000000e+01
8.748437500000000000e+01 9.620312500000000000e+01
9.444531250000000000e+01 9.840625000000000000e+01
1.020390625000000000e+02 1.006093750000000000e+02
1.102656250000000000e+02 9.987500000000000000e+01
1.178593750000000000e+02 9.840625000000000000e+01
6.470312500000000000e+01 5.954687500000000000e+01
7.039843750000000000e+01 5.360937500000000000e+01
7.989062500000000000e+01 5.287500000000000000e+01
8.875000000000000000e+01 5.728125000000000000e+01
7.989062500000000000e+01 5.654687500000000000e+01
7.103125000000000000e+01 5.728125000000000000e+01
1.248203125000000000e+02 6.021875000000000000e+01
1.349453125000000000e+02 5.801562500000000000e+01
1.438046875000000000e+02 6.021875000000000000e+01
1.495000000000000000e+02 6.762500000000000000e+01
1.431718750000000000e+02 6.462500000000000000e+01
1.343125000000000000e+02 6.242187500000000000e+01
7.862500000000000000e+01 1.167656250000000000e+02
8.685156250000000000e+01 1.138281250000000000e+02
9.571093750000000000e+01 1.160937500000000000e+02
1.020390625000000000e+02 1.152968750000000000e+02
1.083671875000000000e+02 1.175625000000000000e+02
1.178593750000000000e+02 1.167656250000000000e+02
1.273515625000000000e+02 1.211718750000000000e+02
1.197578125000000000e+02 1.263125000000000000e+02
1.108984375000000000e+02 1.292500000000000000e+02
1.014062500000000000e+02 1.292500000000000000e+02
9.254687500000000000e+01 1.270468750000000000e+02
8.495312500000000000e+01 1.233750000000000000e+02
8.052343750000000000e+01 1.175000000000000000e+02
9.128125000000000000e+01 1.182343750000000000e+02
1.014062500000000000e+02 1.197031250000000000e+02
1.134296875000000000e+02 1.204375000000000000e+02
1.254531250000000000e+02 1.219062500000000000e+02
1.134296875000000000e+02 1.204375000000000000e+02
1.014062500000000000e+02 1.204375000000000000e+02
9.064843750000000000e+01 1.182343750000000000e+02
