4.166406250000000000e+01 5.492187500000000000e+01
4.352734375000000000e+01 7.496093750000000000e+01
4.725390625000000000e+01 9.425781250000000000e+01
5.160156250000000000e+01 1.128125000000000000e+02
5.905468750000000000e+01 1.298828125000000000e+02
7.085546875000000000e+01 1.439843750000000000e+02
8.389843750000000000e+01 1.558593750000000000e+02
9.756250000000000000e+01 1.662500000000000000e+02
1.143320312500000000e+02 1.699609375000000000e+02
1.311015625000000000e+02 1.647656250000000000e+02
1.441445312500000000e+02 1.536328125000000000e+02
1.565664062500000000e+02 1.395312500000000000e+02
1.665039062500000000e+02 1.239453125000000000e+02
1.720937500000000000e+02 1.046484375000000000e+02
1.739570312500000000e+02 8.535156250000000000e+01
1.758203125000000000e+02 6.457031250000000000e+01
1.745781250000000000e+02 4.378906250000000000e+01
5.408593750000000000e+01 4.972656250000000000e+01
6.091796875000000000e+01 4.007812500000000000e+01
7.209765625000000000e+01 3.859375000000000000e+01
8.265625000000000000e+01 4.082031250000000000e+01
9.383593750000000000e+01 4.527343750000000000e+01
1.186796875000000000e+02 4.230468750000000000e+01
1.292382812500000000e+02 3.785156250000000000e+01
1.410390625000000000e+02 3.562500000000000000e+01
1.522187500000000000e+02 3.785156250000000000e+01
1.602929687500000000e+02 4.675781250000000000e+01
1.062578125000000000e+02 5.714843750000000000e+01
1.068789062500000000e+02 6.976562500000000000e+01
1.075000000000000000e+02 8.164062500000000000e+01
1.087421875000000000e+02 9.425781250000000000e+01
9.507812500000000000e+01 1.024218750000000000e+02
1.019101562500000000e+02 1.046484375000000000e+02
1.093632812500000000e+02 1.061328125000000000e+02
1.168164062500000000e+02 1.031640625000000000e+02
1.236484375000000000e+02 1.009375000000000000e+02
6.588671875000000000e+01 6.460156250000000000e+01
7.147656250000000000e+01 5.789062500000000000e+01
8.079296875000000000e+01 5.640625000000000000e+01
8.948828125000000000e+01 6.085937500000000000e+01
8.079296875000000000e+01 6.382812500000000000e+01
7.147656250000000000e+01 6.382812500000000000e+01
1.255117187500000000e+02 5.863281250000000000e+01
1.335859375000000000e+02 5.343750000000000000e+01
1.429023437500000000e+02 5.343750000000000000e+01
1.484921875000000000e+02 6.014843750000000000e+01
1.429023437500000000e+02 6.011718750000000000e+01
1.342070312500000000e+02 6.011718750000000000e+01
8.886718750000000000e+01 1.217187500000000000e+02
9.632031250000000000e+01 1.194921875000000000e+02
1.043945312500000000e+02 1.210078125000000000e+02
1.106054687500000000e+02 1.194921875000000000e+02
1.161953125000000000e+02 1.202656250000000000e+02
1.248906250000000000e+02 1.187500000000000000e+02
1.335859375000000000e+02 1.202343750000000000e+02
1.279960937500000000e+02 1.283984375000000000e+02
1.211640625000000000e+02 1.350781250000000000e+02
1.112265625000000000e+02 1.373046875000000000e+02
1.025312500000000000e+02 1.358203125000000000e+02
9.507812500000000000e+01 1.298828125000000000e+02
9.073046875000000000e+01 1.224609375000000000e+02
1.006679687500000000e+02 1.239453125000000000e+02
1.112265625000000000e+02 1.254296875000000000e+02
1.211640625000000000e+02 1.232031250000000000e+02
1.317226562500000000e+02 1.209765625000000000e+02
1.211640625000000000e+02 1.232031250000000000e+02
1.112265625000000000e+02 1.261718750000000000e+02
1.006679687500000000e+02 1.246875000000000000e+02
