4.594921875000000000e+01 6.257812500000000000e+01
4.783593750000000000e+01 8.085937500000000000e+01
5.098046875000000000e+01 9.843750000000000000e+01
5.664062500000000000e+01 1.160156250000000000e+02
6.481640625000000000e+01 1.314843750000000000e+02
7.550781250000000000e+01 1.441406250000000000e+02
8.934375000000000000e+01 1.539843750000000000e+02
1.038085937500000000e+02 1.617187500000000000e+02
1.207890625000000000e+02 1.638281250000000000e+02
1.377695312500000000e+02 1.603125000000000000e+02
1.528632812500000000e+02 1.504687500000000000e+02
1.660703125000000000e+02 1.392187500000000000e+02
1.767617187500000000e+02 1.244531250000000000e+02
1.830507812500000000e+02 1.061718750000000000e+02
1.849375000000000000e+02 8.718750000000000000e+01
1.855664062500000000e+02 6.679687500000000000e+01
1.843085937500000000e+02 4.781250000000000000e+01
5.664062500000000000e+01 5.484375000000000000e+01
6.292968750000000000e+01 4.500000000000000000e+01
7.299218750000000000e+01 4.218750000000000000e+01
8.431250000000000000e+01 4.218750000000000000e+01
9.500390625000000000e+01 4.429687500000000000e+01
1.201601562500000000e+02 4.007812500000000000e+01
1.321093750000000000e+02 3.656250000000000000e+01
1.440585937500000000e+02 3.515625000000000000e+01
1.560078125000000000e+02 3.726562500000000000e+01
1.641835937500000000e+02 4.570312500000000000e+01
1.082109375000000000e+02 5.414062500000000000e+01
1.088398437500000000e+02 6.468750000000000000e+01
1.094687500000000000e+02 7.453125000000000000e+01
1.100976562500000000e+02 8.578125000000000000e+01
9.689062500000000000e+01 9.632812500000000000e+01
1.044375000000000000e+02 9.703125000000000000e+01
1.119843750000000000e+02 9.773437500000000000e+01
1.201601562500000000e+02 9.562500000000000000e+01
1.277070312500000000e+02 9.281250000000000000e+01
6.733203125000000000e+01 6.557812500000000000e+01
7.299218750000000000e+01 5.976562500000000000e+01
8.179687500000000000e+01 5.765625000000000000e+01
9.123046875000000000e+01 5.906250000000000000e+01
8.242578125000000000e+01 6.117187500000000000e+01
7.362109375000000000e+01 6.328125000000000000e+01
1.289648437500000000e+02 5.554687500000000000e+01
1.377695312500000000e+02 5.343750000000000000e+01
1.478320312500000000e+02 5.343750000000000000e+01
1.541210937500000000e+02 5.784375000000000000e+01
1.478320312500000000e+02 5.625000000000000000e+01
1.383984375000000000e+02 5.625000000000000000e+01
9.185937500000000000e+01 1.188281250000000000e+02
9.877734375000000000e+01 1.125000000000000000e+02
1.075820312500000000e+02 1.119843750000000000e+02
1.138710937500000000e+02 1.096875000000000000e+02
1.201601562500000000e+02 1.105781250000000000e+02
1.302226562500000000e+02 1.096875000000000000e+02
1.396562500000000000e+02 1.139062500000000000e+02
1.339960937500000000e+02 1.223437500000000000e+02
1.264492187500000000e+02 1.293750000000000000e+02
1.163867187500000000e+02 1.328906250000000000e+02
1.063242187500000000e+02 1.321875000000000000e+02
9.814843750000000000e+01 1.272656250000000000e+02
9.374609375000000000e+01 1.188281250000000000e+02
1.038085937500000000e+02 1.167187500000000000e+02
1.145000000000000000e+02 1.174218750000000000e+02
1.264492187500000000e+02 1.146093750000000000e+02
1.377695312500000000e+02 1.139062500000000000e+02
1.264492187500000000e+02 1.167187500000000000e+02
1.151289062500000000e+02 1.195312500000000000e+02
1.044375000000000000e+02 1.195312500000000000e+02
