5.199218750000000000e+01 5.343750000000000000e+01
5.199218750000000000e+01 7.031250000000000000e+01
5.255078125000000000e+01 8.718750000000000000e+01
5.534375000000000000e+01 1.040625000000000000e+02
5.925390625000000000e+01 1.188281250000000000e+02
6.539843750000000000e+01 1.342968750000000000e+02
7.321875000000000000e+01 1.469531250000000000e+02
8.271484375000000000e+01 1.575000000000000000e+02
9.500390625000000000e+01 1.624218750000000000e+02
1.106445312500000000e+02 1.617187500000000000e+02
1.262851562500000000e+02 1.560937500000000000e+02
1.413671875000000000e+02 1.476562500000000000e+02
1.542148437500000000e+02 1.357031250000000000e+02
1.625937500000000000e+02 1.181250000000000000e+02
1.676210937500000000e+02 9.914062500000000000e+01
1.720898437500000000e+02 7.875000000000000000e+01
1.732070312500000000e+02 5.835937500000000000e+01
5.422656250000000000e+01 4.078125000000000000e+01
5.869531250000000000e+01 3.304687500000000000e+01
6.651562500000000000e+01 3.023437500000000000e+01
7.545312500000000000e+01 3.164062500000000000e+01
8.383203125000000000e+01 3.515625000000000000e+01
1.112031250000000000e+02 3.445312500000000000e+01
1.223750000000000000e+02 3.164062500000000000e+01
1.341054687500000000e+02 3.093750000000000000e+01
1.447187500000000000e+02 3.445312500000000000e+01
1.525390625000000000e+02 4.289062500000000000e+01
9.500390625000000000e+01 5.062500000000000000e+01
9.388671875000000000e+01 5.976562500000000000e+01
9.276953125000000000e+01 6.820312500000000000e+01
9.109375000000000000e+01 7.734375000000000000e+01
8.383203125000000000e+01 8.929687500000000000e+01
8.830078125000000000e+01 9.000000000000000000e+01
9.332812500000000000e+01 9.070312500000000000e+01
1.000312500000000000e+02 9.000000000000000000e+01
1.056171875000000000e+02 9.000000000000000000e+01
6.204687500000000000e+01 5.643750000000000000e+01
6.595703125000000000e+01 4.851562500000000000e+01
7.489453125000000000e+01 4.781250000000000000e+01
8.271484375000000000e+01 5.484375000000000000e+01
7.489453125000000000e+01 5.695312500000000000e+01
6.651562500000000000e+01 5.625000000000000000e+01
1.162304687500000000e+02 5.414062500000000000e+01
1.246093750000000000e+02 4.851562500000000000e+01
1.346640625000000000e+02 4.921875000000000000e+01
1.396914062500000000e+02 5.714062500000000000e+01
1.341054687500000000e+02 5.695312500000000000e+01
1.251679687500000000e+02 5.695312500000000000e+01
7.824609375000000000e+01 1.146093750000000000e+02
8.159765625000000000e+01 1.075781250000000000e+02
8.830078125000000000e+01 1.070625000000000000e+02
9.332812500000000000e+01 1.047656250000000000e+02
9.835546875000000000e+01 1.063593750000000000e+02
1.084101562500000000e+02 1.075781250000000000e+02
1.173476562500000000e+02 1.146093750000000000e+02
1.112031250000000000e+02 1.237500000000000000e+02
1.028242187500000000e+02 1.293750000000000000e+02
9.332812500000000000e+01 1.307812500000000000e+02
8.662500000000000000e+01 1.286718750000000000e+02
8.048046875000000000e+01 1.230468750000000000e+02
7.936328125000000000e+01 1.146093750000000000e+02
8.662500000000000000e+01 1.117968750000000000e+02
9.388671875000000000e+01 1.110937500000000000e+02
1.050585937500000000e+02 1.110937500000000000e+02
1.162304687500000000e+02 1.146093750000000000e+02
1.050585937500000000e+02 1.167187500000000000e+02
9.388671875000000000e+01 1.181250000000000000e+02
8.662500000000000000e+01 1.167187500000000000e+02
