5.155078125000000000e+01 5.554687500000000000e+01
5.210937500000000000e+01 7.101562500000000000e+01
5.378515625000000000e+01 8.648437500000000000e+01
5.601953125000000000e+01 1.012500000000000000e+02
6.048828125000000000e+01 1.153125000000000000e+02
6.607421875000000000e+01 1.286718750000000000e+02
7.277734375000000000e+01 1.420312500000000000e+02
8.003906250000000000e+01 1.525781250000000000e+02
9.121093750000000000e+01 1.589062500000000000e+02
1.068515625000000000e+02 1.582031250000000000e+02
1.224921875000000000e+02 1.511718750000000000e+02
1.381328125000000000e+02 1.434375000000000000e+02
1.520976562500000000e+02 1.321875000000000000e+02
1.621523437500000000e+02 1.153125000000000000e+02
1.682968750000000000e+02 9.492187500000000000e+01
1.710898437500000000e+02 7.453125000000000000e+01
1.722070312500000000e+02 5.343750000000000000e+01
4.987500000000000000e+01 4.429687500000000000e+01
5.378515625000000000e+01 3.796875000000000000e+01
6.104687500000000000e+01 3.656250000000000000e+01
6.830859375000000000e+01 3.796875000000000000e+01
7.557031250000000000e+01 4.148437500000000000e+01
1.007070312500000000e+02 3.726562500000000000e+01
1.118789062500000000e+02 3.375000000000000000e+01
1.236093750000000000e+02 3.234375000000000000e+01
1.342226562500000000e+02 3.445312500000000000e+01
1.431601562500000000e+02 4.148437500000000000e+01
8.618359375000000000e+01 5.625000000000000000e+01
8.562500000000000000e+01 6.539062500000000000e+01
8.394921875000000000e+01 7.523437500000000000e+01
8.283203125000000000e+01 8.437500000000000000e+01
7.668750000000000000e+01 9.492187500000000000e+01
8.115625000000000000e+01 9.632812500000000000e+01
8.618359375000000000e+01 9.703125000000000000e+01
9.288671875000000000e+01 9.562500000000000000e+01
9.903125000000000000e+01 9.492187500000000000e+01
5.769531250000000000e+01 6.417187500000000000e+01
6.160546875000000000e+01 5.835937500000000000e+01
6.886718750000000000e+01 5.765625000000000000e+01
7.557031250000000000e+01 6.117187500000000000e+01
6.830859375000000000e+01 6.328125000000000000e+01
6.160546875000000000e+01 6.328125000000000000e+01
1.079687500000000000e+02 5.765625000000000000e+01
1.163476562500000000e+02 5.625000000000000000e+01
1.252851562500000000e+02 5.695312500000000000e+01
1.303125000000000000e+02 6.135937500000000000e+01
1.252851562500000000e+02 6.046875000000000000e+01
1.169062500000000000e+02 6.046875000000000000e+01
7.389453125000000000e+01 1.174218750000000000e+02
7.557031250000000000e+01 1.110937500000000000e+02
8.115625000000000000e+01 1.098750000000000000e+02
8.562500000000000000e+01 1.075781250000000000e+02
9.065234375000000000e+01 1.091718750000000000e+02
1.001484375000000000e+02 1.103906250000000000e+02
1.085273437500000000e+02 1.174218750000000000e+02
1.029414062500000000e+02 1.251562500000000000e+02
9.567968750000000000e+01 1.307812500000000000e+02
8.674218750000000000e+01 1.321875000000000000e+02
8.003906250000000000e+01 1.300781250000000000e+02
7.557031250000000000e+01 1.244531250000000000e+02
7.501171875000000000e+01 1.174218750000000000e+02
8.059765625000000000e+01 1.153125000000000000e+02
8.618359375000000000e+01 1.146093750000000000e+02
9.679687500000000000e+01 1.146093750000000000e+02
1.068515625000000000e+02 1.174218750000000000e+02
9.679687500000000000e+01 1.181250000000000000e+02
8.674218750000000000e+01 1.195312500000000000e+02
8.059765625000000000e+01 1.181250000000000000e+02
