4.820703125000000000e+01 5.733593750000000000e+01
4.935546875000000000e+01 7.831250000000000000e+01
5.280078125000000000e+01 9.858984375000000000e+01
5.854296875000000000e+01 1.174687500000000000e+02
6.773046875000000000e+01 1.335507812500000000e+02
8.093750000000000000e+01 1.461367187500000000e+02
9.586718750000000000e+01 1.552265625000000000e+02
1.119453125000000000e+02 1.615195312500000000e+02
1.280234375000000000e+02 1.615195312500000000e+02
1.406562500000000000e+02 1.552265625000000000e+02
1.498437500000000000e+02 1.440390625000000000e+02
1.573085937500000000e+02 1.300546875000000000e+02
1.636250000000000000e+02 1.153710937500000000e+02
1.676445312500000000e+02 9.998828125000000000e+01
1.699414062500000000e+02 8.320703125000000000e+01
1.710898437500000000e+02 6.642578125000000000e+01
1.705156250000000000e+02 4.964453125000000000e+01
7.347265625000000000e+01 4.614843750000000000e+01
8.093750000000000000e+01 3.635937500000000000e+01
9.127343750000000000e+01 3.356250000000000000e+01
1.027578125000000000e+02 3.426171875000000000e+01
1.136679687500000000e+02 3.635937500000000000e+01
1.406562500000000000e+02 3.635937500000000000e+01
1.481210937500000000e+02 3.216406250000000000e+01
1.561601562500000000e+02 2.936718750000000000e+01
1.641992187500000000e+02 3.006640625000000000e+01
1.693671875000000000e+02 3.635937500000000000e+01
1.291718750000000000e+02 5.104296875000000000e+01
1.303203125000000000e+02 6.083203125000000000e+01
1.320429687500000000e+02 7.132031250000000000e+01
1.331914062500000000e+02 8.110937500000000000e+01
1.171132812500000000e+02 9.159765625000000000e+01
1.240039062500000000e+02 9.299609375000000000e+01
1.308945312500000000e+02 9.369531250000000000e+01
1.366367187500000000e+02 9.229687500000000000e+01
1.412304687500000000e+02 9.089843750000000000e+01
8.610546875000000000e+01 6.033593750000000000e+01
9.069921875000000000e+01 5.314062500000000000e+01
1.004609375000000000e+02 5.104296875000000000e+01
1.085000000000000000e+02 5.593750000000000000e+01
1.004609375000000000e+02 5.873437500000000000e+01
9.127343750000000000e+01 5.943359375000000000e+01
1.423789062500000000e+02 5.383984375000000000e+01
1.492695312500000000e+02 4.754687500000000000e+01
1.578828125000000000e+02 4.614843750000000000e+01
1.619023437500000000e+02 5.334375000000000000e+01
1.578828125000000000e+02 5.453906250000000000e+01
1.504179687500000000e+02 5.523828125000000000e+01
1.027578125000000000e+02 1.153710937500000000e+02
1.125195312500000000e+02 1.069804687500000000e+02
1.245781250000000000e+02 1.050859375000000000e+02
1.303203125000000000e+02 1.027851562500000000e+02
1.354882812500000000e+02 1.043867187500000000e+02
1.423789062500000000e+02 1.041835937500000000e+02
1.458242187500000000e+02 1.118750000000000000e+02
1.441015625000000000e+02 1.223632812500000000e+02
1.383593750000000000e+02 1.307539062500000000e+02
1.297460937500000000e+02 1.342500000000000000e+02
1.188359375000000000e+02 1.335507812500000000e+02
1.090742187500000000e+02 1.265585937500000000e+02
1.044804687500000000e+02 1.153710937500000000e+02
1.171132812500000000e+02 1.104765625000000000e+02
1.297460937500000000e+02 1.097773437500000000e+02
1.377851562500000000e+02 1.090781250000000000e+02
1.446757812500000000e+02 1.118750000000000000e+02
1.377851562500000000e+02 1.188671875000000000e+02
1.291718750000000000e+02 1.216640625000000000e+02
1.159648437500000000e+02 1.209648437500000000e+02
