5.539453125000000000e+01 5.971875000000000000e+01
5.424609375000000000e+01 7.464843750000000000e+01
5.424609375000000000e+01 8.957812500000000000e+01
5.654296875000000000e+01 1.037968750000000000e+02
5.998828125000000000e+01 1.173046875000000000e+02
6.515625000000000000e+01 1.315234375000000000e+02
7.089843750000000000e+01 1.436093750000000000e+02
7.836328125000000000e+01 1.542734375000000000e+02
8.869921875000000000e+01 1.599609375000000000e+02
1.047773437500000000e+02 1.606718750000000000e+02
1.214296875000000000e+02 1.564062500000000000e+02
1.380820312500000000e+02 1.500078125000000000e+02
1.524375000000000000e+02 1.400546875000000000e+02
1.627734375000000000e+02 1.244140625000000000e+02
1.696640625000000000e+02 1.052187500000000000e+02
1.742578125000000000e+02 8.460156250000000000e+01
1.759804687500000000e+02 6.398437500000000000e+01
5.424609375000000000e+01 4.621093750000000000e+01
5.826562500000000000e+01 3.981250000000000000e+01
6.458203125000000000e+01 3.767968750000000000e+01
7.204687500000000000e+01 3.910156250000000000e+01
7.836328125000000000e+01 4.123437500000000000e+01
1.030546875000000000e+02 3.767968750000000000e+01
1.145390625000000000e+02 3.483593750000000000e+01
1.260234375000000000e+02 3.412500000000000000e+01
1.369335937500000000e+02 3.767968750000000000e+01
1.455468750000000000e+02 4.550000000000000000e+01
8.812500000000000000e+01 5.616406250000000000e+01
8.640234375000000000e+01 6.540625000000000000e+01
8.410546875000000000e+01 7.393750000000000000e+01
8.238281250000000000e+01 8.246875000000000000e+01
7.664062500000000000e+01 9.597656250000000000e+01
8.066015625000000000e+01 9.597656250000000000e+01
8.525390625000000000e+01 9.668750000000000000e+01
9.157031250000000000e+01 9.597656250000000000e+01
9.788671875000000000e+01 9.597656250000000000e+01
6.056250000000000000e+01 6.414062500000000000e+01
6.400781250000000000e+01 5.829687500000000000e+01
7.089843750000000000e+01 5.758593750000000000e+01
7.778906250000000000e+01 5.971875000000000000e+01
7.089843750000000000e+01 6.114062500000000000e+01
6.458203125000000000e+01 6.256250000000000000e+01
1.099453125000000000e+02 5.829687500000000000e+01
1.185585937500000000e+02 5.616406250000000000e+01
1.265976562500000000e+02 5.758593750000000000e+01
1.323398437500000000e+02 6.271875000000000000e+01
1.265976562500000000e+02 6.042968750000000000e+01
1.185585937500000000e+02 6.042968750000000000e+01
7.376953125000000000e+01 1.187265625000000000e+02
7.549218750000000000e+01 1.123281250000000000e+02
8.066015625000000000e+01 1.124843750000000000e+02
8.467968750000000000e+01 1.101953125000000000e+02
8.984765625000000000e+01 1.117734375000000000e+02
1.001835937500000000e+02 1.123281250000000000e+02
1.099453125000000000e+02 1.180156250000000000e+02
1.024804687500000000e+02 1.237031250000000000e+02
9.444140625000000000e+01 1.265468750000000000e+02
8.582812500000000000e+01 1.279687500000000000e+02
8.066015625000000000e+01 1.272578125000000000e+02
7.664062500000000000e+01 1.237031250000000000e+02
7.491796875000000000e+01 1.180156250000000000e+02
8.008593750000000000e+01 1.173046875000000000e+02
8.582812500000000000e+01 1.173046875000000000e+02
9.673828125000000000e+01 1.173046875000000000e+02
1.082226562500000000e+02 1.180156250000000000e+02
9.673828125000000000e+01 1.173046875000000000e+02
8.582812500000000000e+01 1.180156250000000000e+02
8.008593750000000000e+01 1.173046875000000000e+02
