5.311718750000000000e+01 5.585546875000000000e+01
5.195312500000000000e+01 7.141015625000000000e+01
5.253515625000000000e+01 8.696484375000000000e+01
5.428125000000000000e+01 1.018125000000000000e+02
5.777343750000000000e+01 1.159531250000000000e+02
6.301171875000000000e+01 1.300937500000000000e+02
6.999609375000000000e+01 1.435273437500000000e+02
7.814453125000000000e+01 1.548398437500000000e+02
8.978515625000000000e+01 1.612031250000000000e+02
1.066640625000000000e+02 1.619101562500000000e+02
1.235429687500000000e+02 1.562539062500000000e+02
1.398398437500000000e+02 1.491835937500000000e+02
1.549726562500000000e+02 1.385781250000000000e+02
1.648671875000000000e+02 1.223164062500000000e+02
1.712695312500000000e+02 1.025195312500000000e+02
1.759257812500000000e+02 8.130859375000000000e+01
1.788359375000000000e+02 6.080468750000000000e+01
5.311718750000000000e+01 4.171484375000000000e+01
5.777343750000000000e+01 3.535156250000000000e+01
6.475781250000000000e+01 3.323046875000000000e+01
7.290625000000000000e+01 3.535156250000000000e+01
7.989062500000000000e+01 3.817968750000000000e+01
1.066640625000000000e+02 3.535156250000000000e+01
1.188867187500000000e+02 3.110937500000000000e+01
1.311093750000000000e+02 2.898828125000000000e+01
1.421679687500000000e+02 3.181640625000000000e+01
1.508984375000000000e+02 4.030078125000000000e+01
9.036718750000000000e+01 5.373437500000000000e+01
8.862109375000000000e+01 6.292578125000000000e+01
8.629296875000000000e+01 7.211718750000000000e+01
8.396484375000000000e+01 8.130859375000000000e+01
7.756250000000000000e+01 9.332812500000000000e+01
8.221875000000000000e+01 9.474218750000000000e+01
8.687500000000000000e+01 9.544921875000000000e+01
9.385937500000000000e+01 9.474218750000000000e+01
1.002617187500000000e+02 9.403515625000000000e+01
5.951953125000000000e+01 6.097656250000000000e+01
6.359375000000000000e+01 5.585546875000000000e+01
7.116015625000000000e+01 5.514843750000000000e+01
7.814453125000000000e+01 5.726953125000000000e+01
7.116015625000000000e+01 5.868359375000000000e+01
6.417578125000000000e+01 5.939062500000000000e+01
1.130664062500000000e+02 5.656250000000000000e+01
1.212148437500000000e+02 5.373437500000000000e+01
1.299453125000000000e+02 5.514843750000000000e+01
1.357656250000000000e+02 6.097656250000000000e+01
1.299453125000000000e+02 5.939062500000000000e+01
1.212148437500000000e+02 5.868359375000000000e+01
7.348828125000000000e+01 1.152460937500000000e+02
7.581640625000000000e+01 1.095898437500000000e+02
8.163671875000000000e+01 1.090546875000000000e+02
8.687500000000000000e+01 1.074687500000000000e+02
9.211328125000000000e+01 1.090546875000000000e+02
1.031718750000000000e+02 1.102968750000000000e+02
1.136484375000000000e+02 1.166601562500000000e+02
1.055000000000000000e+02 1.244375000000000000e+02
9.676953125000000000e+01 1.286796875000000000e+02
8.687500000000000000e+01 1.300937500000000000e+02
8.105468750000000000e+01 1.279726562500000000e+02
7.581640625000000000e+01 1.230234375000000000e+02
7.465234375000000000e+01 1.152460937500000000e+02
8.105468750000000000e+01 1.152460937500000000e+02
8.687500000000000000e+01 1.159531250000000000e+02
9.967968750000000000e+01 1.159531250000000000e+02
1.113203125000000000e+02 1.166601562500000000e+02
9.967968750000000000e+01 1.166601562500000000e+02
8.745703125000000000e+01 1.173671875000000000e+02
8.105468750000000000e+01 1.159531250000000000e+02
