4.842968750000000000e+01 5.943359375000000000e+01
5.009375000000000000e+01 7.901171875000000000e+01
5.342187500000000000e+01 9.789062500000000000e+01
5.896875000000000000e+01 1.174687500000000000e+02
6.728906250000000000e+01 1.328515625000000000e+02
7.949218750000000000e+01 1.447382812500000000e+02
9.391406250000000000e+01 1.531289062500000000e+02
1.088906250000000000e+02 1.587226562500000000e+02
1.244218750000000000e+02 1.594218750000000000e+02
1.377343750000000000e+02 1.545273437500000000e+02
1.482734375000000000e+02 1.440390625000000000e+02
1.577031250000000000e+02 1.321523437500000000e+02
1.649140625000000000e+02 1.181679687500000000e+02
1.687968750000000000e+02 1.013867187500000000e+02
1.710156250000000000e+02 8.460546875000000000e+01
1.721250000000000000e+02 6.782421875000000000e+01
1.715703125000000000e+02 5.104296875000000000e+01
6.617968750000000000e+01 5.034375000000000000e+01
7.339062500000000000e+01 4.055468750000000000e+01
8.392968750000000000e+01 3.775781250000000000e+01
9.502343750000000000e+01 3.845703125000000000e+01
1.050078125000000000e+02 4.125390625000000000e+01
1.344062500000000000e+02 4.055468750000000000e+01
1.432812500000000000e+02 3.635937500000000000e+01
1.521562500000000000e+02 3.356250000000000000e+01
1.604765625000000000e+02 3.356250000000000000e+01
1.671328125000000000e+02 3.985546875000000000e+01
1.216484375000000000e+02 5.523828125000000000e+01
1.227578125000000000e+02 6.502734375000000000e+01
1.238671875000000000e+02 7.551562500000000000e+01
1.249765625000000000e+02 8.670312500000000000e+01
1.111093750000000000e+02 9.719140625000000000e+01
1.177656250000000000e+02 9.789062500000000000e+01
1.244218750000000000e+02 9.858984375000000000e+01
1.299687500000000000e+02 9.719140625000000000e+01
1.349609375000000000e+02 9.579296875000000000e+01
7.893750000000000000e+01 6.383203125000000000e+01
8.392968750000000000e+01 5.663671875000000000e+01
9.335937500000000000e+01 5.523828125000000000e+01
1.016796875000000000e+02 6.013281250000000000e+01
9.335937500000000000e+01 6.362890625000000000e+01
8.392968750000000000e+01 6.362890625000000000e+01
1.377343750000000000e+02 5.733593750000000000e+01
1.455000000000000000e+02 5.034375000000000000e+01
1.543750000000000000e+02 5.034375000000000000e+01
1.593671875000000000e+02 5.753906250000000000e+01
1.549296875000000000e+02 5.873437500000000000e+01
1.466093750000000000e+02 5.943359375000000000e+01
1.016796875000000000e+02 1.181679687500000000e+02
1.100000000000000000e+02 1.125742187500000000e+02
1.188750000000000000e+02 1.113789062500000000e+02
1.244218750000000000e+02 1.090781250000000000e+02
1.288593750000000000e+02 1.106796875000000000e+02
1.360703125000000000e+02 1.097773437500000000e+02
1.421718750000000000e+02 1.139726562500000000e+02
1.377343750000000000e+02 1.216640625000000000e+02
1.316328125000000000e+02 1.265585937500000000e+02
1.244218750000000000e+02 1.286562500000000000e+02
1.161015625000000000e+02 1.279570312500000000e+02
1.083359375000000000e+02 1.244609375000000000e+02
1.033437500000000000e+02 1.174687500000000000e+02
1.138828125000000000e+02 1.167695312500000000e+02
1.244218750000000000e+02 1.167695312500000000e+02
1.321875000000000000e+02 1.153710937500000000e+02
1.405078125000000000e+02 1.146718750000000000e+02
1.321875000000000000e+02 1.160703125000000000e+02
1.238671875000000000e+02 1.181679687500000000e+02
1.138828125000000000e+02 1.174687500000000000e+02
