5.596875000000000000e+01 5.390625000000000000e+01
5.418750000000000000e+01 6.900000000000000000e+01
5.240625000000000000e+01 8.625000000000000000e+01
5.418750000000000000e+01 1.013437500000000000e+02
5.715625000000000000e+01 1.164375000000000000e+02
6.071875000000000000e+01 1.315312500000000000e+02
6.487500000000000000e+01 1.459062500000000000e+02
7.081250000000000000e+01 1.581250000000000000e+02
8.150000000000000000e+01 1.660312500000000000e+02
9.931250000000000000e+01 1.681875000000000000e+02
1.171250000000000000e+02 1.653125000000000000e+02
1.343437500000000000e+02 1.588437500000000000e+02
1.503750000000000000e+02 1.480625000000000000e+02
1.616562500000000000e+02 1.322500000000000000e+02
1.687812500000000000e+02 1.128437500000000000e+02
1.753125000000000000e+02 9.200000000000000000e+01
1.800625000000000000e+02 7.043750000000000000e+01
5.656250000000000000e+01 3.809375000000000000e+01
6.071875000000000000e+01 3.162500000000000000e+01
6.784375000000000000e+01 3.018750000000000000e+01
7.556250000000000000e+01 3.234375000000000000e+01
8.209375000000000000e+01 3.593750000000000000e+01
1.052500000000000000e+02 3.521875000000000000e+01
1.171250000000000000e+02 3.306250000000000000e+01
1.295937500000000000e+02 3.378125000000000000e+01
1.408750000000000000e+02 3.737500000000000000e+01
1.491875000000000000e+02 4.743750000000000000e+01
8.921875000000000000e+01 5.175000000000000000e+01
8.625000000000000000e+01 6.037500000000000000e+01
8.268750000000000000e+01 6.971875000000000000e+01
7.912500000000000000e+01 7.762500000000000000e+01
7.437500000000000000e+01 9.128125000000000000e+01
7.793750000000000000e+01 9.271875000000000000e+01
8.268750000000000000e+01 9.343750000000000000e+01
8.981250000000000000e+01 9.343750000000000000e+01
9.634375000000000000e+01 9.343750000000000000e+01
6.131250000000000000e+01 5.546875000000000000e+01
6.546875000000000000e+01 4.815625000000000000e+01
7.318750000000000000e+01 4.887500000000000000e+01
7.971875000000000000e+01 5.534375000000000000e+01
7.259375000000000000e+01 5.678125000000000000e+01
6.546875000000000000e+01 5.606250000000000000e+01
1.117812500000000000e+02 5.606250000000000000e+01
1.195000000000000000e+02 5.103125000000000000e+01
1.295937500000000000e+02 5.318750000000000000e+01
1.349375000000000000e+02 6.121875000000000000e+01
1.290000000000000000e+02 6.037500000000000000e+01
1.200937500000000000e+02 5.965625000000000000e+01
7.021875000000000000e+01 1.178750000000000000e+02
7.140625000000000000e+01 1.114062500000000000e+02
7.675000000000000000e+01 1.100937500000000000e+02
8.150000000000000000e+01 1.085312500000000000e+02
8.684375000000000000e+01 1.100937500000000000e+02
9.753125000000000000e+01 1.121250000000000000e+02
1.076250000000000000e+02 1.193125000000000000e+02
9.990625000000000000e+01 1.279375000000000000e+02
9.040625000000000000e+01 1.329687500000000000e+02
7.971875000000000000e+01 1.336875000000000000e+02
7.437500000000000000e+01 1.315312500000000000e+02
7.081250000000000000e+01 1.257812500000000000e+02
7.140625000000000000e+01 1.178750000000000000e+02
7.675000000000000000e+01 1.150000000000000000e+02
8.209375000000000000e+01 1.150000000000000000e+02
9.396875000000000000e+01 1.157187500000000000e+02
1.058437500000000000e+02 1.193125000000000000e+02
9.396875000000000000e+01 1.229062500000000000e+02
8.150000000000000000e+01 1.236250000000000000e+02
7.615625000000000000e+01 1.214687500000000000e+02
