5.223437500000000000e+01 5.829687500000000000e+01
5.165625000000000000e+01 7.322656250000000000e+01
5.165625000000000000e+01 8.886718750000000000e+01
5.396875000000000000e+01 1.037968750000000000e+02
5.801562500000000000e+01 1.187265625000000000e+02
6.321875000000000000e+01 1.329453125000000000e+02
7.015625000000000000e+01 1.457421875000000000e+02
7.882812500000000000e+01 1.571171875000000000e+02
8.981250000000000000e+01 1.635156250000000000e+02
1.065781250000000000e+02 1.635156250000000000e+02
1.233437500000000000e+02 1.585390625000000000e+02
1.401093750000000000e+02 1.507187500000000000e+02
1.545625000000000000e+02 1.400546875000000000e+02
1.643906250000000000e+02 1.237031250000000000e+02
1.713281250000000000e+02 1.037968750000000000e+02
1.753750000000000000e+02 8.246875000000000000e+01
1.782656250000000000e+02 6.114062500000000000e+01
5.281250000000000000e+01 4.336718750000000000e+01
5.685937500000000000e+01 3.696875000000000000e+01
6.437500000000000000e+01 3.483593750000000000e+01
7.246875000000000000e+01 3.554687500000000000e+01
7.940625000000000000e+01 3.910156250000000000e+01
1.071562500000000000e+02 3.554687500000000000e+01
1.187187500000000000e+02 3.128125000000000000e+01
1.308593750000000000e+02 2.914843750000000000e+01
1.430000000000000000e+02 3.199218750000000000e+01
1.516718750000000000e+02 4.052343750000000000e+01
9.039062500000000000e+01 5.545312500000000000e+01
8.865625000000000000e+01 6.469531250000000000e+01
8.692187500000000000e+01 7.322656250000000000e+01
8.460937500000000000e+01 8.246875000000000000e+01
7.767187500000000000e+01 9.455468750000000000e+01
8.229687500000000000e+01 9.597656250000000000e+01
8.750000000000000000e+01 9.668750000000000000e+01
9.443750000000000000e+01 9.597656250000000000e+01
1.007968750000000000e+02 9.526562500000000000e+01
5.917187500000000000e+01 6.414062500000000000e+01
6.379687500000000000e+01 5.900781250000000000e+01
7.131250000000000000e+01 5.829687500000000000e+01
7.825000000000000000e+01 5.971875000000000000e+01
7.131250000000000000e+01 6.114062500000000000e+01
6.379687500000000000e+01 6.185156250000000000e+01
1.129375000000000000e+02 5.829687500000000000e+01
1.210312500000000000e+02 5.616406250000000000e+01
1.297031250000000000e+02 5.687500000000000000e+01
1.354843750000000000e+02 6.271875000000000000e+01
1.302812500000000000e+02 6.042968750000000000e+01
1.216093750000000000e+02 6.042968750000000000e+01
7.362500000000000000e+01 1.173046875000000000e+02
7.651562500000000000e+01 1.116171875000000000e+02
8.229687500000000000e+01 1.117734375000000000e+02
8.692187500000000000e+01 1.094843750000000000e+02
9.212500000000000000e+01 1.110625000000000000e+02
1.025312500000000000e+02 1.123281250000000000e+02
1.123593750000000000e+02 1.187265625000000000e+02
1.054218750000000000e+02 1.251250000000000000e+02
9.675000000000000000e+01 1.293906250000000000e+02
8.750000000000000000e+01 1.301015625000000000e+02
8.114062500000000000e+01 1.286796875000000000e+02
7.651562500000000000e+01 1.237031250000000000e+02
7.478125000000000000e+01 1.173046875000000000e+02
8.114062500000000000e+01 1.173046875000000000e+02
8.750000000000000000e+01 1.180156250000000000e+02
9.906250000000000000e+01 1.180156250000000000e+02
1.106250000000000000e+02 1.187265625000000000e+02
9.906250000000000000e+01 1.180156250000000000e+02
8.750000000000000000e+01 1.180156250000000000e+02
8.114062500000000000e+01 1.173046875000000000e+02
