4.995312500000000000e+01 5.484375000000000000e+01
4.995312500000000000e+01 7.031250000000000000e+01
5.053515625000000000e+01 8.578125000000000000e+01
5.228125000000000000e+01 9.984375000000000000e+01
5.635546875000000000e+01 1.146093750000000000e+02
6.159375000000000000e+01 1.279687500000000000e+02
6.857812500000000000e+01 1.406250000000000000e+02
7.672656250000000000e+01 1.511718750000000000e+02
8.836718750000000000e+01 1.567968750000000000e+02
1.046640625000000000e+02 1.575000000000000000e+02
1.221250000000000000e+02 1.525781250000000000e+02
1.384218750000000000e+02 1.462500000000000000e+02
1.535546875000000000e+02 1.364062500000000000e+02
1.634492187500000000e+02 1.202343750000000000e+02
1.704335937500000000e+02 1.005468750000000000e+02
1.739257812500000000e+02 8.015625000000000000e+01
1.756718750000000000e+02 5.976562500000000000e+01
4.937109375000000000e+01 4.218750000000000000e+01
5.402734375000000000e+01 3.515625000000000000e+01
6.159375000000000000e+01 3.375000000000000000e+01
6.974218750000000000e+01 3.585937500000000000e+01
7.730859375000000000e+01 3.867187500000000000e+01
1.046640625000000000e+02 3.585937500000000000e+01
1.157226562500000000e+02 3.304687500000000000e+01
1.279453125000000000e+02 3.164062500000000000e+01
1.395859375000000000e+02 3.445312500000000000e+01
1.483164062500000000e+02 4.289062500000000000e+01
8.894921875000000000e+01 5.554687500000000000e+01
8.720312500000000000e+01 6.468750000000000000e+01
8.545703125000000000e+01 7.312500000000000000e+01
8.371093750000000000e+01 8.226562500000000000e+01
7.730859375000000000e+01 9.421875000000000000e+01
8.138281250000000000e+01 9.492187500000000000e+01
8.662109375000000000e+01 9.632812500000000000e+01
9.302343750000000000e+01 9.492187500000000000e+01
9.942578125000000000e+01 9.492187500000000000e+01
5.693750000000000000e+01 6.346875000000000000e+01
6.159375000000000000e+01 5.906250000000000000e+01
6.916015625000000000e+01 5.835937500000000000e+01
7.672656250000000000e+01 5.906250000000000000e+01
6.916015625000000000e+01 6.117187500000000000e+01
6.159375000000000000e+01 6.187500000000000000e+01
1.104843750000000000e+02 5.906250000000000000e+01
1.192148437500000000e+02 5.976562500000000000e+01
1.279453125000000000e+02 6.046875000000000000e+01
1.337656250000000000e+02 6.417187500000000000e+01
1.285273437500000000e+02 6.257812500000000000e+01
1.192148437500000000e+02 6.187500000000000000e+01
7.207031250000000000e+01 1.146093750000000000e+02
7.556250000000000000e+01 1.096875000000000000e+02
8.138281250000000000e+01 1.098750000000000000e+02
8.603906250000000000e+01 1.082812500000000000e+02
9.069531250000000000e+01 1.105781250000000000e+02
1.005898437500000000e+02 1.110937500000000000e+02
1.099023437500000000e+02 1.167187500000000000e+02
1.023359375000000000e+02 1.216406250000000000e+02
9.418750000000000000e+01 1.237500000000000000e+02
8.603906250000000000e+01 1.244531250000000000e+02
8.021875000000000000e+01 1.230468750000000000e+02
7.498046875000000000e+01 1.195312500000000000e+02
7.323437500000000000e+01 1.146093750000000000e+02
7.963671875000000000e+01 1.139062500000000000e+02
8.603906250000000000e+01 1.146093750000000000e+02
9.709765625000000000e+01 1.146093750000000000e+02
1.081562500000000000e+02 1.167187500000000000e+02
9.709765625000000000e+01 1.146093750000000000e+02
8.603906250000000000e+01 1.146093750000000000e+02
7.963671875000000000e+01 1.139062500000000000e+02
