4.692968750000000000e+01 5.593750000000000000e+01
4.692968750000000000e+01 7.271875000000000000e+01
4.812500000000000000e+01 9.019921875000000000e+01
5.111328125000000000e+01 1.069804687500000000e+02
5.529687500000000000e+01 1.223632812500000000e+02
6.306640625000000000e+01 1.363476562500000000e+02
7.322656250000000000e+01 1.468359375000000000e+02
8.458203125000000000e+01 1.552265625000000000e+02
9.892578125000000000e+01 1.594218750000000000e+02
1.150625000000000000e+02 1.587226562500000000e+02
1.306015625000000000e+02 1.531289062500000000e+02
1.455429687500000000e+02 1.454375000000000000e+02
1.586914062500000000e+02 1.342500000000000000e+02
1.664609375000000000e+02 1.174687500000000000e+02
1.712421875000000000e+02 9.858984375000000000e+01
1.748281250000000000e+02 7.971093750000000000e+01
1.772187500000000000e+02 5.943359375000000000e+01
5.350390625000000000e+01 3.775781250000000000e+01
5.948046875000000000e+01 2.936718750000000000e+01
6.904296875000000000e+01 2.796875000000000000e+01
7.920312500000000000e+01 3.006640625000000000e+01
8.757031250000000000e+01 3.426171875000000000e+01
1.174531250000000000e+02 3.216406250000000000e+01
1.288085937500000000e+02 2.866796875000000000e+01
1.401640625000000000e+02 2.657031250000000000e+01
1.515195312500000000e+02 3.006640625000000000e+01
1.598867187500000000e+02 3.845703125000000000e+01
1.007187500000000000e+02 5.314062500000000000e+01
1.001210937500000000e+02 6.153125000000000000e+01
9.892578125000000000e+01 7.062109375000000000e+01
9.832812500000000000e+01 7.901171875000000000e+01
8.816796875000000000e+01 9.299609375000000000e+01
9.354687500000000000e+01 9.299609375000000000e+01
9.892578125000000000e+01 9.369531250000000000e+01
1.055000000000000000e+02 9.369531250000000000e+01
1.114765625000000000e+02 9.369531250000000000e+01
6.306640625000000000e+01 6.243359375000000000e+01
6.844531250000000000e+01 5.943359375000000000e+01
7.681250000000000000e+01 5.873437500000000000e+01
8.517968750000000000e+01 5.803515625000000000e+01
7.681250000000000000e+01 6.083203125000000000e+01
6.844531250000000000e+01 6.153125000000000000e+01
1.204414062500000000e+02 5.803515625000000000e+01
1.294062500000000000e+02 5.943359375000000000e+01
1.389687500000000000e+02 6.013281250000000000e+01
1.443476562500000000e+02 6.313281250000000000e+01
1.389687500000000000e+02 6.083203125000000000e+01
1.294062500000000000e+02 6.083203125000000000e+01
8.099609375000000000e+01 1.167695312500000000e+02
8.637500000000000000e+01 1.097773437500000000e+02
9.354687500000000000e+01 1.085820312500000000e+02
9.832812500000000000e+01 1.069804687500000000e+02
1.037070312500000000e+02 1.085820312500000000e+02
1.126718750000000000e+02 1.104765625000000000e+02
1.198437500000000000e+02 1.181679687500000000e+02
1.138671875000000000e+02 1.244609375000000000e+02
1.066953125000000000e+02 1.286562500000000000e+02
9.832812500000000000e+01 1.300546875000000000e+02
9.115625000000000000e+01 1.279570312500000000e+02
8.517968750000000000e+01 1.237617187500000000e+02
8.278906250000000000e+01 1.160703125000000000e+02
9.055859375000000000e+01 1.153710937500000000e+02
9.832812500000000000e+01 1.153710937500000000e+02
1.084882812500000000e+02 1.153710937500000000e+02
1.180507812500000000e+02 1.181679687500000000e+02
1.084882812500000000e+02 1.160703125000000000e+02
9.832812500000000000e+01 1.160703125000000000e+02
9.055859375000000000e+01 1.153710937500000000e+02
