4.100000000000000000e+01 6.600000000000000000e+01
4.600000000000000000e+01 8.500000000000000000e+01
5.300000000000000000e+01 1.000000000000000000e+02
5.800000000000000000e+01 1.160000000000000000e+02
6.500000000000000000e+01 1.330000000000000000e+02
7.700000000000000000e+01 1.480000000000000000e+02
8.900000000000000000e+01 1.570000000000000000e+02
1.040000000000000000e+02 1.640000000000000000e+02
1.250000000000000000e+02 1.640000000000000000e+02
1.450000000000000000e+02 1.570000000000000000e+02
1.590000000000000000e+02 1.450000000000000000e+02
1.690000000000000000e+02 1.330000000000000000e+02
1.780000000000000000e+02 1.190000000000000000e+02
1.810000000000000000e+02 1.000000000000000000e+02
1.810000000000000000e+02 8.300000000000000000e+01
1.830000000000000000e+02 6.400000000000000000e+01
1.810000000000000000e+02 4.400000000000000000e+01
5.300000000000000000e+01 4.900000000000000000e+01
5.800000000000000000e+01 4.000000000000000000e+01
7.000000000000000000e+01 3.500000000000000000e+01
8.000000000000000000e+01 3.700000000000000000e+01
8.900000000000000000e+01 3.700000000000000000e+01
1.250000000000000000e+02 3.000000000000000000e+01
1.350000000000000000e+02 2.800000000000000000e+01
1.450000000000000000e+02 2.300000000000000000e+01
1.540000000000000000e+02 2.300000000000000000e+01
1.640000000000000000e+02 2.800000000000000000e+01
1.110000000000000000e+02 5.600000000000000000e+01
1.130000000000000000e+02 7.100000000000000000e+01
1.160000000000000000e+02 8.300000000000000000e+01
1.160000000000000000e+02 9.200000000000000000e+01
1.040000000000000000e+02 1.020000000000000000e+02
1.110000000000000000e+02 1.020000000000000000e+02
1.180000000000000000e+02 1.020000000000000000e+02
1.250000000000000000e+02 1.000000000000000000e+02
1.300000000000000000e+02 9.700000000000000000e+01
6.800000000000000000e+01 6.400000000000000000e+01
7.500000000000000000e+01 6.100000000000000000e+01
8.500000000000000000e+01 5.900000000000000000e+01
9.200000000000000000e+01 6.100000000000000000e+01
8.500000000000000000e+01 6.600000000000000000e+01
7.500000000000000000e+01 6.600000000000000000e+01
1.300000000000000000e+02 5.400000000000000000e+01
1.400000000000000000e+02 4.900000000000000000e+01
1.470000000000000000e+02 4.900000000000000000e+01
1.540000000000000000e+02 4.900000000000000000e+01
1.490000000000000000e+02 5.400000000000000000e+01
1.370000000000000000e+02 5.600000000000000000e+01
9.700000000000000000e+01 1.280000000000000000e+02
1.010000000000000000e+02 1.210000000000000000e+02
1.130000000000000000e+02 1.140000000000000000e+02
1.180000000000000000e+02 1.140000000000000000e+02
1.250000000000000000e+02 1.120000000000000000e+02
1.350000000000000000e+02 1.160000000000000000e+02
1.450000000000000000e+02 1.210000000000000000e+02
1.370000000000000000e+02 1.280000000000000000e+02
1.300000000000000000e+02 1.330000000000000000e+02
1.230000000000000000e+02 1.360000000000000000e+02
1.130000000000000000e+02 1.360000000000000000e+02
1.040000000000000000e+02 1.330000000000000000e+02
9.900000000000000000e+01 1.280000000000000000e+02
1.110000000000000000e+02 1.210000000000000000e+02
1.210000000000000000e+02 1.190000000000000000e+02
1.280000000000000000e+02 1.190000000000000000e+02
1.420000000000000000e+02 1.210000000000000000e+02
1.280000000000000000e+02 1.260000000000000000e+02
1.210000000000000000e+02 1.260000000000000000e+02
1.130000000000000000e+02 1.280000000000000000e+02
