5.000000000000000000e+01 5.600000000000000000e+01
5.300000000000000000e+01 7.500000000000000000e+01
5.700000000000000000e+01 9.100000000000000000e+01
5.900000000000000000e+01 1.070000000000000000e+02
6.400000000000000000e+01 1.230000000000000000e+02
6.900000000000000000e+01 1.360000000000000000e+02
7.500000000000000000e+01 1.480000000000000000e+02
8.500000000000000000e+01 1.570000000000000000e+02
1.030000000000000000e+02 1.590000000000000000e+02
1.230000000000000000e+02 1.550000000000000000e+02
1.420000000000000000e+02 1.450000000000000000e+02
1.550000000000000000e+02 1.340000000000000000e+02
1.670000000000000000e+02 1.200000000000000000e+02
1.740000000000000000e+02 1.040000000000000000e+02
1.760000000000000000e+02 8.800000000000000000e+01
1.810000000000000000e+02 7.000000000000000000e+01
1.810000000000000000e+02 5.200000000000000000e+01
4.800000000000000000e+01 4.000000000000000000e+01
5.300000000000000000e+01 3.600000000000000000e+01
6.200000000000000000e+01 3.300000000000000000e+01
7.100000000000000000e+01 3.300000000000000000e+01
7.800000000000000000e+01 3.600000000000000000e+01
1.120000000000000000e+02 3.600000000000000000e+01
1.210000000000000000e+02 3.100000000000000000e+01
1.330000000000000000e+02 2.900000000000000000e+01
1.440000000000000000e+02 3.100000000000000000e+01
1.550000000000000000e+02 3.600000000000000000e+01
9.600000000000000000e+01 5.600000000000000000e+01
9.600000000000000000e+01 7.000000000000000000e+01
9.400000000000000000e+01 8.100000000000000000e+01
9.400000000000000000e+01 9.100000000000000000e+01
8.700000000000000000e+01 9.500000000000000000e+01
9.100000000000000000e+01 9.700000000000000000e+01
9.800000000000000000e+01 1.000000000000000000e+02
1.050000000000000000e+02 9.700000000000000000e+01
1.100000000000000000e+02 9.500000000000000000e+01
5.900000000000000000e+01 5.600000000000000000e+01
6.400000000000000000e+01 5.400000000000000000e+01
7.300000000000000000e+01 5.400000000000000000e+01
8.200000000000000000e+01 5.600000000000000000e+01
7.500000000000000000e+01 6.100000000000000000e+01
6.600000000000000000e+01 6.100000000000000000e+01
1.190000000000000000e+02 5.400000000000000000e+01
1.260000000000000000e+02 4.900000000000000000e+01
1.350000000000000000e+02 4.900000000000000000e+01
1.420000000000000000e+02 5.400000000000000000e+01
1.350000000000000000e+02 5.600000000000000000e+01
1.260000000000000000e+02 5.600000000000000000e+01
8.000000000000000000e+01 1.180000000000000000e+02
8.200000000000000000e+01 1.110000000000000000e+02
9.100000000000000000e+01 1.070000000000000000e+02
9.800000000000000000e+01 1.090000000000000000e+02
1.030000000000000000e+02 1.070000000000000000e+02
1.140000000000000000e+02 1.110000000000000000e+02
1.230000000000000000e+02 1.180000000000000000e+02
1.140000000000000000e+02 1.250000000000000000e+02
1.070000000000000000e+02 1.290000000000000000e+02
9.800000000000000000e+01 1.290000000000000000e+02
9.100000000000000000e+01 1.290000000000000000e+02
8.500000000000000000e+01 1.250000000000000000e+02
8.000000000000000000e+01 1.180000000000000000e+02
9.100000000000000000e+01 1.130000000000000000e+02
9.800000000000000000e+01 1.130000000000000000e+02
1.050000000000000000e+02 1.130000000000000000e+02
1.230000000000000000e+02 1.180000000000000000e+02
1.050000000000000000e+02 1.200000000000000000e+02
9.800000000000000000e+01 1.230000000000000000e+02
9.100000000000000000e+01 1.200000000000000000e+02
