5.300000000000000000e+01 5.800000000000000000e+01
5.500000000000000000e+01 7.600000000000000000e+01
6.000000000000000000e+01 9.200000000000000000e+01
6.200000000000000000e+01 1.060000000000000000e+02
6.600000000000000000e+01 1.220000000000000000e+02
7.100000000000000000e+01 1.360000000000000000e+02
7.600000000000000000e+01 1.450000000000000000e+02
8.500000000000000000e+01 1.540000000000000000e+02
1.030000000000000000e+02 1.560000000000000000e+02
1.230000000000000000e+02 1.520000000000000000e+02
1.420000000000000000e+02 1.430000000000000000e+02
1.580000000000000000e+02 1.340000000000000000e+02
1.690000000000000000e+02 1.220000000000000000e+02
1.760000000000000000e+02 1.040000000000000000e+02
1.780000000000000000e+02 9.000000000000000000e+01
1.810000000000000000e+02 7.200000000000000000e+01
1.830000000000000000e+02 5.400000000000000000e+01
5.000000000000000000e+01 3.800000000000000000e+01
5.500000000000000000e+01 3.100000000000000000e+01
6.200000000000000000e+01 2.900000000000000000e+01
7.100000000000000000e+01 2.900000000000000000e+01
7.800000000000000000e+01 3.100000000000000000e+01
1.120000000000000000e+02 3.100000000000000000e+01
1.210000000000000000e+02 2.600000000000000000e+01
1.330000000000000000e+02 2.600000000000000000e+01
1.440000000000000000e+02 2.600000000000000000e+01
1.550000000000000000e+02 3.300000000000000000e+01
9.600000000000000000e+01 5.100000000000000000e+01
9.400000000000000000e+01 6.300000000000000000e+01
9.200000000000000000e+01 7.400000000000000000e+01
9.200000000000000000e+01 8.300000000000000000e+01
8.700000000000000000e+01 9.000000000000000000e+01
8.900000000000000000e+01 9.200000000000000000e+01
9.600000000000000000e+01 9.200000000000000000e+01
1.030000000000000000e+02 9.200000000000000000e+01
1.070000000000000000e+02 9.000000000000000000e+01
6.200000000000000000e+01 5.400000000000000000e+01
6.600000000000000000e+01 4.900000000000000000e+01
7.300000000000000000e+01 4.900000000000000000e+01
8.200000000000000000e+01 5.400000000000000000e+01
7.600000000000000000e+01 5.600000000000000000e+01
6.600000000000000000e+01 5.600000000000000000e+01
1.190000000000000000e+02 5.100000000000000000e+01
1.260000000000000000e+02 4.700000000000000000e+01
1.350000000000000000e+02 4.700000000000000000e+01
1.420000000000000000e+02 5.100000000000000000e+01
1.350000000000000000e+02 5.400000000000000000e+01
1.260000000000000000e+02 5.400000000000000000e+01
7.800000000000000000e+01 1.130000000000000000e+02
8.200000000000000000e+01 1.080000000000000000e+02
8.900000000000000000e+01 1.040000000000000000e+02
9.600000000000000000e+01 1.040000000000000000e+02
1.010000000000000000e+02 1.040000000000000000e+02
1.120000000000000000e+02 1.080000000000000000e+02
1.230000000000000000e+02 1.130000000000000000e+02
1.140000000000000000e+02 1.200000000000000000e+02
1.050000000000000000e+02 1.240000000000000000e+02
9.600000000000000000e+01 1.270000000000000000e+02
8.900000000000000000e+01 1.240000000000000000e+02
8.200000000000000000e+01 1.220000000000000000e+02
8.000000000000000000e+01 1.130000000000000000e+02
8.900000000000000000e+01 1.110000000000000000e+02
9.600000000000000000e+01 1.080000000000000000e+02
1.030000000000000000e+02 1.110000000000000000e+02
1.210000000000000000e+02 1.130000000000000000e+02
1.050000000000000000e+02 1.180000000000000000e+02
9.600000000000000000e+01 1.180000000000000000e+02
8.900000000000000000e+01 1.180000000000000000e+02
