4.600000000000000000e+01 5.800000000000000000e+01
5.000000000000000000e+01 7.600000000000000000e+01
5.500000000000000000e+01 9.200000000000000000e+01
5.700000000000000000e+01 1.080000000000000000e+02
6.400000000000000000e+01 1.240000000000000000e+02
7.100000000000000000e+01 1.380000000000000000e+02
8.000000000000000000e+01 1.500000000000000000e+02
9.400000000000000000e+01 1.570000000000000000e+02
1.150000000000000000e+02 1.590000000000000000e+02
1.330000000000000000e+02 1.540000000000000000e+02
1.490000000000000000e+02 1.450000000000000000e+02
1.610000000000000000e+02 1.360000000000000000e+02
1.700000000000000000e+02 1.200000000000000000e+02
1.750000000000000000e+02 1.040000000000000000e+02
1.770000000000000000e+02 8.800000000000000000e+01
1.790000000000000000e+02 6.900000000000000000e+01
1.820000000000000000e+02 5.100000000000000000e+01
5.500000000000000000e+01 4.400000000000000000e+01
6.200000000000000000e+01 3.700000000000000000e+01
7.100000000000000000e+01 3.500000000000000000e+01
8.300000000000000000e+01 3.500000000000000000e+01
9.000000000000000000e+01 3.700000000000000000e+01
1.260000000000000000e+02 3.500000000000000000e+01
1.360000000000000000e+02 3.000000000000000000e+01
1.450000000000000000e+02 2.800000000000000000e+01
1.560000000000000000e+02 3.000000000000000000e+01
1.650000000000000000e+02 3.700000000000000000e+01
1.100000000000000000e+02 5.800000000000000000e+01
1.100000000000000000e+02 6.900000000000000000e+01
1.100000000000000000e+02 8.100000000000000000e+01
1.100000000000000000e+02 9.000000000000000000e+01
1.010000000000000000e+02 9.900000000000000000e+01
1.060000000000000000e+02 9.900000000000000000e+01
1.130000000000000000e+02 1.010000000000000000e+02
1.170000000000000000e+02 9.900000000000000000e+01
1.240000000000000000e+02 9.700000000000000000e+01
6.900000000000000000e+01 6.000000000000000000e+01
7.600000000000000000e+01 5.500000000000000000e+01
8.300000000000000000e+01 5.500000000000000000e+01
9.200000000000000000e+01 5.800000000000000000e+01
8.500000000000000000e+01 6.200000000000000000e+01
7.600000000000000000e+01 6.200000000000000000e+01
1.310000000000000000e+02 5.500000000000000000e+01
1.380000000000000000e+02 5.300000000000000000e+01
1.470000000000000000e+02 5.100000000000000000e+01
1.540000000000000000e+02 5.300000000000000000e+01
1.470000000000000000e+02 5.800000000000000000e+01
1.380000000000000000e+02 5.800000000000000000e+01
9.000000000000000000e+01 1.220000000000000000e+02
9.600000000000000000e+01 1.180000000000000000e+02
1.060000000000000000e+02 1.130000000000000000e+02
1.130000000000000000e+02 1.130000000000000000e+02
1.170000000000000000e+02 1.130000000000000000e+02
1.260000000000000000e+02 1.150000000000000000e+02
1.360000000000000000e+02 1.200000000000000000e+02
1.260000000000000000e+02 1.240000000000000000e+02
1.190000000000000000e+02 1.290000000000000000e+02
1.130000000000000000e+02 1.290000000000000000e+02
1.030000000000000000e+02 1.290000000000000000e+02
9.600000000000000000e+01 1.270000000000000000e+02
9.200000000000000000e+01 1.220000000000000000e+02
1.060000000000000000e+02 1.200000000000000000e+02
1.130000000000000000e+02 1.200000000000000000e+02
1.190000000000000000e+02 1.180000000000000000e+02
1.330000000000000000e+02 1.200000000000000000e+02
1.190000000000000000e+02 1.200000000000000000e+02
1.130000000000000000e+02 1.220000000000000000e+02
1.060000000000000000e+02 1.220000000000000000e+02
