4.100000000000000000e+01 4.700000000000000000e+01
4.100000000000000000e+01 6.500000000000000000e+01
4.400000000000000000e+01 8.400000000000000000e+01
4.600000000000000000e+01 1.000000000000000000e+02
5.100000000000000000e+01 1.190000000000000000e+02
5.800000000000000000e+01 1.350000000000000000e+02
6.700000000000000000e+01 1.470000000000000000e+02
7.900000000000000000e+01 1.590000000000000000e+02
1.000000000000000000e+02 1.640000000000000000e+02
1.180000000000000000e+02 1.610000000000000000e+02
1.350000000000000000e+02 1.520000000000000000e+02
1.460000000000000000e+02 1.420000000000000000e+02
1.560000000000000000e+02 1.260000000000000000e+02
1.630000000000000000e+02 1.070000000000000000e+02
1.670000000000000000e+02 9.300000000000000000e+01
1.720000000000000000e+02 7.700000000000000000e+01
1.770000000000000000e+02 5.800000000000000000e+01
5.800000000000000000e+01 3.500000000000000000e+01
6.700000000000000000e+01 2.800000000000000000e+01
7.600000000000000000e+01 2.800000000000000000e+01
8.800000000000000000e+01 3.000000000000000000e+01
9.500000000000000000e+01 3.300000000000000000e+01
1.320000000000000000e+02 3.500000000000000000e+01
1.420000000000000000e+02 3.300000000000000000e+01
1.510000000000000000e+02 3.300000000000000000e+01
1.600000000000000000e+02 3.300000000000000000e+01
1.670000000000000000e+02 4.200000000000000000e+01
1.110000000000000000e+02 5.600000000000000000e+01
1.110000000000000000e+02 6.800000000000000000e+01
1.090000000000000000e+02 7.900000000000000000e+01
1.090000000000000000e+02 8.900000000000000000e+01
9.500000000000000000e+01 9.600000000000000000e+01
1.000000000000000000e+02 9.600000000000000000e+01
1.070000000000000000e+02 9.800000000000000000e+01
1.140000000000000000e+02 9.800000000000000000e+01
1.180000000000000000e+02 9.800000000000000000e+01
6.900000000000000000e+01 5.100000000000000000e+01
7.600000000000000000e+01 4.900000000000000000e+01
8.600000000000000000e+01 4.900000000000000000e+01
9.300000000000000000e+01 5.600000000000000000e+01
8.600000000000000000e+01 5.600000000000000000e+01
7.600000000000000000e+01 5.600000000000000000e+01
1.300000000000000000e+02 5.600000000000000000e+01
1.390000000000000000e+02 5.400000000000000000e+01
1.490000000000000000e+02 5.400000000000000000e+01
1.530000000000000000e+02 5.800000000000000000e+01
1.460000000000000000e+02 6.100000000000000000e+01
1.370000000000000000e+02 6.100000000000000000e+01
8.100000000000000000e+01 1.190000000000000000e+02
8.800000000000000000e+01 1.120000000000000000e+02
1.000000000000000000e+02 1.070000000000000000e+02
1.070000000000000000e+02 1.100000000000000000e+02
1.110000000000000000e+02 1.100000000000000000e+02
1.210000000000000000e+02 1.170000000000000000e+02
1.250000000000000000e+02 1.240000000000000000e+02
1.180000000000000000e+02 1.310000000000000000e+02
1.110000000000000000e+02 1.330000000000000000e+02
1.020000000000000000e+02 1.330000000000000000e+02
9.500000000000000000e+01 1.330000000000000000e+02
8.800000000000000000e+01 1.280000000000000000e+02
8.100000000000000000e+01 1.190000000000000000e+02
9.700000000000000000e+01 1.140000000000000000e+02
1.040000000000000000e+02 1.140000000000000000e+02
1.110000000000000000e+02 1.170000000000000000e+02
1.230000000000000000e+02 1.240000000000000000e+02
1.110000000000000000e+02 1.260000000000000000e+02
1.040000000000000000e+02 1.260000000000000000e+02
9.700000000000000000e+01 1.240000000000000000e+02
