4.700000000000000000e+01 4.700000000000000000e+01
4.700000000000000000e+01 6.800000000000000000e+01
4.900000000000000000e+01 8.400000000000000000e+01
5.200000000000000000e+01 1.000000000000000000e+02
5.400000000000000000e+01 1.180000000000000000e+02
6.100000000000000000e+01 1.350000000000000000e+02
6.800000000000000000e+01 1.460000000000000000e+02
7.900000000000000000e+01 1.550000000000000000e+02
9.800000000000000000e+01 1.620000000000000000e+02
1.190000000000000000e+02 1.580000000000000000e+02
1.350000000000000000e+02 1.490000000000000000e+02
1.460000000000000000e+02 1.390000000000000000e+02
1.580000000000000000e+02 1.250000000000000000e+02
1.650000000000000000e+02 1.070000000000000000e+02
1.700000000000000000e+02 9.300000000000000000e+01
1.740000000000000000e+02 7.500000000000000000e+01
1.790000000000000000e+02 5.600000000000000000e+01
5.400000000000000000e+01 3.300000000000000000e+01
6.100000000000000000e+01 2.800000000000000000e+01
7.200000000000000000e+01 2.600000000000000000e+01
7.900000000000000000e+01 2.800000000000000000e+01
8.900000000000000000e+01 3.300000000000000000e+01
1.260000000000000000e+02 3.300000000000000000e+01
1.330000000000000000e+02 3.100000000000000000e+01
1.440000000000000000e+02 3.100000000000000000e+01
1.530000000000000000e+02 3.300000000000000000e+01
1.630000000000000000e+02 4.000000000000000000e+01
1.050000000000000000e+02 5.400000000000000000e+01
1.020000000000000000e+02 6.500000000000000000e+01
1.000000000000000000e+02 7.700000000000000000e+01
1.000000000000000000e+02 8.600000000000000000e+01
8.900000000000000000e+01 9.300000000000000000e+01
9.300000000000000000e+01 9.500000000000000000e+01
1.000000000000000000e+02 9.500000000000000000e+01
1.070000000000000000e+02 9.500000000000000000e+01
1.120000000000000000e+02 9.500000000000000000e+01
6.500000000000000000e+01 5.100000000000000000e+01
7.200000000000000000e+01 4.900000000000000000e+01
7.900000000000000000e+01 4.900000000000000000e+01
8.900000000000000000e+01 5.400000000000000000e+01
8.200000000000000000e+01 5.600000000000000000e+01
7.200000000000000000e+01 5.600000000000000000e+01
1.260000000000000000e+02 5.600000000000000000e+01
1.330000000000000000e+02 5.400000000000000000e+01
1.420000000000000000e+02 5.400000000000000000e+01
1.490000000000000000e+02 5.600000000000000000e+01
1.420000000000000000e+02 5.800000000000000000e+01
1.330000000000000000e+02 5.800000000000000000e+01
7.700000000000000000e+01 1.180000000000000000e+02
8.400000000000000000e+01 1.120000000000000000e+02
9.300000000000000000e+01 1.070000000000000000e+02
1.000000000000000000e+02 1.070000000000000000e+02
1.050000000000000000e+02 1.070000000000000000e+02
1.140000000000000000e+02 1.140000000000000000e+02
1.210000000000000000e+02 1.210000000000000000e+02
1.140000000000000000e+02 1.280000000000000000e+02
1.050000000000000000e+02 1.300000000000000000e+02
9.800000000000000000e+01 1.300000000000000000e+02
9.100000000000000000e+01 1.300000000000000000e+02
8.400000000000000000e+01 1.250000000000000000e+02
7.900000000000000000e+01 1.160000000000000000e+02
9.300000000000000000e+01 1.140000000000000000e+02
9.800000000000000000e+01 1.140000000000000000e+02
1.070000000000000000e+02 1.140000000000000000e+02
1.210000000000000000e+02 1.210000000000000000e+02
1.050000000000000000e+02 1.210000000000000000e+02
9.800000000000000000e+01 1.230000000000000000e+02
9.100000000000000000e+01 1.210000000000000000e+02
