4.800000000000000000e+01 5.500000000000000000e+01
5.100000000000000000e+01 7.300000000000000000e+01
5.500000000000000000e+01 9.200000000000000000e+01
6.000000000000000000e+01 1.050000000000000000e+02
6.400000000000000000e+01 1.240000000000000000e+02
6.900000000000000000e+01 1.380000000000000000e+02
7.600000000000000000e+01 1.470000000000000000e+02
8.500000000000000000e+01 1.560000000000000000e+02
1.040000000000000000e+02 1.590000000000000000e+02
1.270000000000000000e+02 1.540000000000000000e+02
1.430000000000000000e+02 1.450000000000000000e+02
1.590000000000000000e+02 1.350000000000000000e+02
1.700000000000000000e+02 1.220000000000000000e+02
1.770000000000000000e+02 1.030000000000000000e+02
1.800000000000000000e+02 8.700000000000000000e+01
1.820000000000000000e+02 6.900000000000000000e+01
1.840000000000000000e+02 5.000000000000000000e+01
4.800000000000000000e+01 3.900000000000000000e+01
5.500000000000000000e+01 3.200000000000000000e+01
6.200000000000000000e+01 2.900000000000000000e+01
7.100000000000000000e+01 2.900000000000000000e+01
8.000000000000000000e+01 3.200000000000000000e+01
1.150000000000000000e+02 2.900000000000000000e+01
1.240000000000000000e+02 2.700000000000000000e+01
1.360000000000000000e+02 2.500000000000000000e+01
1.470000000000000000e+02 2.700000000000000000e+01
1.590000000000000000e+02 3.200000000000000000e+01
9.900000000000000000e+01 5.200000000000000000e+01
9.700000000000000000e+01 6.600000000000000000e+01
9.400000000000000000e+01 7.800000000000000000e+01
9.400000000000000000e+01 8.700000000000000000e+01
8.700000000000000000e+01 9.400000000000000000e+01
9.200000000000000000e+01 9.600000000000000000e+01
9.900000000000000000e+01 9.600000000000000000e+01
1.060000000000000000e+02 9.600000000000000000e+01
1.130000000000000000e+02 9.400000000000000000e+01
6.000000000000000000e+01 5.500000000000000000e+01
6.700000000000000000e+01 5.000000000000000000e+01
7.600000000000000000e+01 5.000000000000000000e+01
8.300000000000000000e+01 5.500000000000000000e+01
7.600000000000000000e+01 5.700000000000000000e+01
6.700000000000000000e+01 5.700000000000000000e+01
1.220000000000000000e+02 5.200000000000000000e+01
1.290000000000000000e+02 4.800000000000000000e+01
1.380000000000000000e+02 4.500000000000000000e+01
1.450000000000000000e+02 5.000000000000000000e+01
1.380000000000000000e+02 5.200000000000000000e+01
1.290000000000000000e+02 5.200000000000000000e+01
8.000000000000000000e+01 1.190000000000000000e+02
8.500000000000000000e+01 1.120000000000000000e+02
9.200000000000000000e+01 1.080000000000000000e+02
9.900000000000000000e+01 1.080000000000000000e+02
1.040000000000000000e+02 1.080000000000000000e+02
1.170000000000000000e+02 1.120000000000000000e+02
1.290000000000000000e+02 1.170000000000000000e+02
1.170000000000000000e+02 1.240000000000000000e+02
1.080000000000000000e+02 1.260000000000000000e+02
9.900000000000000000e+01 1.290000000000000000e+02
9.200000000000000000e+01 1.260000000000000000e+02
8.500000000000000000e+01 1.240000000000000000e+02
8.300000000000000000e+01 1.170000000000000000e+02
9.200000000000000000e+01 1.150000000000000000e+02
9.900000000000000000e+01 1.150000000000000000e+02
1.080000000000000000e+02 1.150000000000000000e+02
1.270000000000000000e+02 1.170000000000000000e+02
1.080000000000000000e+02 1.190000000000000000e+02
9.900000000000000000e+01 1.190000000000000000e+02
9.400000000000000000e+01 1.190000000000000000e+02
