4.900000000000000000e+01 5.600000000000000000e+01
5.300000000000000000e+01 7.300000000000000000e+01
5.500000000000000000e+01 9.100000000000000000e+01
6.000000000000000000e+01 1.040000000000000000e+02
6.400000000000000000e+01 1.220000000000000000e+02
7.300000000000000000e+01 1.350000000000000000e+02
8.200000000000000000e+01 1.460000000000000000e+02
9.300000000000000000e+01 1.550000000000000000e+02
1.130000000000000000e+02 1.570000000000000000e+02
1.300000000000000000e+02 1.510000000000000000e+02
1.460000000000000000e+02 1.420000000000000000e+02
1.570000000000000000e+02 1.330000000000000000e+02
1.650000000000000000e+02 1.200000000000000000e+02
1.700000000000000000e+02 1.020000000000000000e+02
1.720000000000000000e+02 8.700000000000000000e+01
1.760000000000000000e+02 7.100000000000000000e+01
1.760000000000000000e+02 5.100000000000000000e+01
5.800000000000000000e+01 4.300000000000000000e+01
6.400000000000000000e+01 3.800000000000000000e+01
7.500000000000000000e+01 3.600000000000000000e+01
8.400000000000000000e+01 3.600000000000000000e+01
9.300000000000000000e+01 3.800000000000000000e+01
1.260000000000000000e+02 3.600000000000000000e+01
1.350000000000000000e+02 3.200000000000000000e+01
1.430000000000000000e+02 2.900000000000000000e+01
1.540000000000000000e+02 3.200000000000000000e+01
1.630000000000000000e+02 3.800000000000000000e+01
1.100000000000000000e+02 5.800000000000000000e+01
1.100000000000000000e+02 6.900000000000000000e+01
1.100000000000000000e+02 8.000000000000000000e+01
1.100000000000000000e+02 8.900000000000000000e+01
9.900000000000000000e+01 9.500000000000000000e+01
1.040000000000000000e+02 9.800000000000000000e+01
1.100000000000000000e+02 9.800000000000000000e+01
1.170000000000000000e+02 9.800000000000000000e+01
1.210000000000000000e+02 9.500000000000000000e+01
7.100000000000000000e+01 5.800000000000000000e+01
7.700000000000000000e+01 5.600000000000000000e+01
8.600000000000000000e+01 5.600000000000000000e+01
9.300000000000000000e+01 5.800000000000000000e+01
8.600000000000000000e+01 6.200000000000000000e+01
7.700000000000000000e+01 6.200000000000000000e+01
1.300000000000000000e+02 5.600000000000000000e+01
1.370000000000000000e+02 5.100000000000000000e+01
1.460000000000000000e+02 5.100000000000000000e+01
1.520000000000000000e+02 5.400000000000000000e+01
1.460000000000000000e+02 5.800000000000000000e+01
1.370000000000000000e+02 5.800000000000000000e+01
9.100000000000000000e+01 1.200000000000000000e+02
9.700000000000000000e+01 1.130000000000000000e+02
1.060000000000000000e+02 1.090000000000000000e+02
1.100000000000000000e+02 1.090000000000000000e+02
1.170000000000000000e+02 1.090000000000000000e+02
1.260000000000000000e+02 1.130000000000000000e+02
1.350000000000000000e+02 1.170000000000000000e+02
1.260000000000000000e+02 1.240000000000000000e+02
1.190000000000000000e+02 1.280000000000000000e+02
1.100000000000000000e+02 1.280000000000000000e+02
1.040000000000000000e+02 1.280000000000000000e+02
9.700000000000000000e+01 1.260000000000000000e+02
9.300000000000000000e+01 1.200000000000000000e+02
1.040000000000000000e+02 1.150000000000000000e+02
1.100000000000000000e+02 1.150000000000000000e+02
1.190000000000000000e+02 1.150000000000000000e+02
1.320000000000000000e+02 1.170000000000000000e+02
1.190000000000000000e+02 1.200000000000000000e+02
1.130000000000000000e+02 1.200000000000000000e+02
1.060000000000000000e+02 1.200000000000000000e+02
