5.248828125000000000e+01 5.545312500000000000e+01
5.520312500000000000e+01 7.891406250000000000e+01
5.846093750000000000e+01 1.023750000000000000e+02
6.551953125000000000e+01 1.237031250000000000e+02
7.692187500000000000e+01 1.400546875000000000e+02
9.266796875000000000e+01 1.492968750000000000e+02
1.100429687500000000e+02 1.585390625000000000e+02
1.274179687500000000e+02 1.642265625000000000e+02
1.447929687500000000e+02 1.628046875000000000e+02
1.529375000000000000e+02 1.528515625000000000e+02
1.578242187500000000e+02 1.393437500000000000e+02
1.621679687500000000e+02 1.251250000000000000e+02
1.659687500000000000e+02 1.109062500000000000e+02
1.675976562500000000e+02 9.739843750000000000e+01
1.686835937500000000e+02 8.317968750000000000e+01
1.670546875000000000e+02 6.896093750000000000e+01
1.654257812500000000e+02 5.474218750000000000e+01
9.103906250000000000e+01 4.265625000000000000e+01
9.864062500000000000e+01 3.270312500000000000e+01
1.100429687500000000e+02 2.985937500000000000e+01
1.214453125000000000e+02 3.199218750000000000e+01
1.317617187500000000e+02 3.696875000000000000e+01
1.502226562500000000e+02 4.336718750000000000e+01
1.545664062500000000e+02 3.981250000000000000e+01
1.599960937500000000e+02 3.696875000000000000e+01
1.648828125000000000e+02 3.767968750000000000e+01
1.675976562500000000e+02 4.265625000000000000e+01
1.431640625000000000e+02 5.616406250000000000e+01
1.464218750000000000e+02 6.540625000000000000e+01
1.496796875000000000e+02 7.535937500000000000e+01
1.529375000000000000e+02 8.531250000000000000e+01
1.355625000000000000e+02 9.810937500000000000e+01
1.420781250000000000e+02 9.810937500000000000e+01
1.485937500000000000e+02 9.953125000000000000e+01
1.529375000000000000e+02 9.810937500000000000e+01
1.561953125000000000e+02 9.668750000000000000e+01
1.024414062500000000e+02 6.058593750000000000e+01
1.067851562500000000e+02 5.260937500000000000e+01
1.160156250000000000e+02 5.260937500000000000e+01
1.225312500000000000e+02 5.971875000000000000e+01
1.149296875000000000e+02 6.256250000000000000e+01
1.067851562500000000e+02 6.185156250000000000e+01
1.475078125000000000e+02 5.971875000000000000e+01
1.523945312500000000e+02 5.403125000000000000e+01
1.589101562500000000e+02 5.332031250000000000e+01
1.616250000000000000e+02 6.058593750000000000e+01
1.589101562500000000e+02 6.114062500000000000e+01
1.534804687500000000e+02 6.185156250000000000e+01
1.252460937500000000e+02 1.208593750000000000e+02
1.344765625000000000e+02 1.151718750000000000e+02
1.442500000000000000e+02 1.139062500000000000e+02
1.485937500000000000e+02 1.123281250000000000e+02
1.523945312500000000e+02 1.139062500000000000e+02
1.561953125000000000e+02 1.137500000000000000e+02
1.572812500000000000e+02 1.187265625000000000e+02
1.567382812500000000e+02 1.251250000000000000e+02
1.534804687500000000e+02 1.315234375000000000e+02
1.485937500000000000e+02 1.350781250000000000e+02
1.393632812500000000e+02 1.343671875000000000e+02
1.317617187500000000e+02 1.286796875000000000e+02
1.268750000000000000e+02 1.208593750000000000e+02
1.377343750000000000e+02 1.194375000000000000e+02
1.480507812500000000e+02 1.194375000000000000e+02
1.518515625000000000e+02 1.187265625000000000e+02
1.561953125000000000e+02 1.187265625000000000e+02
1.523945312500000000e+02 1.187265625000000000e+02
1.480507812500000000e+02 1.201484375000000000e+02
1.377343750000000000e+02 1.194375000000000000e+02
