4.165625000000000000e+01 5.706250000000000000e+01
4.493750000000000000e+01 7.906250000000000000e+01
4.767187500000000000e+01 1.017500000000000000e+02
5.423437500000000000e+01 1.230625000000000000e+02
6.571875000000000000e+01 1.395625000000000000e+02
8.157812500000000000e+01 1.498750000000000000e+02
9.907812500000000000e+01 1.574375000000000000e+02
1.171250000000000000e+02 1.615625000000000000e+02
1.340781250000000000e+02 1.608750000000000000e+02
1.461093750000000000e+02 1.546875000000000000e+02
1.537656250000000000e+02 1.436875000000000000e+02
1.603281250000000000e+02 1.299375000000000000e+02
1.641562500000000000e+02 1.148125000000000000e+02
1.663437500000000000e+02 9.968750000000000000e+01
1.663437500000000000e+02 8.387500000000000000e+01
1.657968750000000000e+02 6.806250000000000000e+01
1.630625000000000000e+02 5.293750000000000000e+01
7.556250000000000000e+01 3.918750000000000000e+01
8.267187500000000000e+01 2.956250000000000000e+01
9.360937500000000000e+01 2.750000000000000000e+01
1.045468750000000000e+02 2.956250000000000000e+01
1.149375000000000000e+02 3.368750000000000000e+01
1.395468750000000000e+02 3.781250000000000000e+01
1.455625000000000000e+02 3.506250000000000000e+01
1.526718750000000000e+02 3.300000000000000000e+01
1.592343750000000000e+02 3.368750000000000000e+01
1.630625000000000000e+02 3.987500000000000000e+01
1.302500000000000000e+02 5.293750000000000000e+01
1.324375000000000000e+02 6.325000000000000000e+01
1.351718750000000000e+02 7.218750000000000000e+01
1.379062500000000000e+02 8.250000000000000000e+01
1.220468750000000000e+02 9.487500000000000000e+01
1.280625000000000000e+02 9.556250000000000000e+01
1.340781250000000000e+02 9.693750000000000000e+01
1.390000000000000000e+02 9.625000000000000000e+01
1.428281250000000000e+02 9.487500000000000000e+01
8.814062500000000000e+01 5.868750000000000000e+01
9.306250000000000000e+01 5.362500000000000000e+01
1.012656250000000000e+02 5.293750000000000000e+01
1.083750000000000000e+02 5.500000000000000000e+01
1.007187500000000000e+02 5.637500000000000000e+01
9.306250000000000000e+01 5.637500000000000000e+01
1.400937500000000000e+02 5.706250000000000000e+01
1.461093750000000000e+02 5.500000000000000000e+01
1.532187500000000000e+02 5.568750000000000000e+01
1.565000000000000000e+02 6.075000000000000000e+01
1.526718750000000000e+02 5.912500000000000000e+01
1.461093750000000000e+02 5.843750000000000000e+01
1.122031250000000000e+02 1.182500000000000000e+02
1.209531250000000000e+02 1.127500000000000000e+02
1.302500000000000000e+02 1.123125000000000000e+02
1.357187500000000000e+02 1.106875000000000000e+02
1.400937500000000000e+02 1.130000000000000000e+02
1.455625000000000000e+02 1.127500000000000000e+02
1.499375000000000000e+02 1.168750000000000000e+02
1.466562500000000000e+02 1.230625000000000000e+02
1.417343750000000000e+02 1.265000000000000000e+02
1.357187500000000000e+02 1.278750000000000000e+02
1.269687500000000000e+02 1.271875000000000000e+02
1.193125000000000000e+02 1.237500000000000000e+02
1.138437500000000000e+02 1.175625000000000000e+02
1.242343750000000000e+02 1.161875000000000000e+02
1.351718750000000000e+02 1.168750000000000000e+02
1.417343750000000000e+02 1.155000000000000000e+02
1.482968750000000000e+02 1.168750000000000000e+02
1.422812500000000000e+02 1.155000000000000000e+02
1.351718750000000000e+02 1.161875000000000000e+02
1.242343750000000000e+02 1.155000000000000000e+02
