5.402734375000000000e+01 5.868359375000000000e+01
5.685937500000000000e+01 8.060156250000000000e+01
6.025781250000000000e+01 1.018125000000000000e+02
6.592187500000000000e+01 1.237304687500000000e+02
7.781640625000000000e+01 1.399921875000000000e+02
9.424218750000000000e+01 1.498906250000000000e+02
1.118007812500000000e+02 1.576679687500000000e+02
1.299257812500000000e+02 1.633242187500000000e+02
1.469179687500000000e+02 1.619101562500000000e+02
1.559804687500000000e+02 1.534257812500000000e+02
1.610781250000000000e+02 1.399921875000000000e+02
1.650429687500000000e+02 1.265585937500000000e+02
1.684414062500000000e+02 1.117109375000000000e+02
1.712734375000000000e+02 9.757031250000000000e+01
1.718398437500000000e+02 8.342968750000000000e+01
1.695742187500000000e+02 6.858203125000000000e+01
1.673085937500000000e+02 5.444140625000000000e+01
9.197656250000000000e+01 4.312890625000000000e+01
9.990625000000000000e+01 3.323046875000000000e+01
1.112343750000000000e+02 2.969531250000000000e+01
1.225625000000000000e+02 3.110937500000000000e+01
1.338906250000000000e+02 3.535156250000000000e+01
1.520156250000000000e+02 4.100781250000000000e+01
1.559804687500000000e+02 3.817968750000000000e+01
1.610781250000000000e+02 3.535156250000000000e+01
1.661757812500000000e+02 3.535156250000000000e+01
1.684414062500000000e+02 4.100781250000000000e+01
1.440859375000000000e+02 5.585546875000000000e+01
1.486171875000000000e+02 6.575390625000000000e+01
1.525820312500000000e+02 7.565234375000000000e+01
1.559804687500000000e+02 8.555078125000000000e+01
1.367226562500000000e+02 9.757031250000000000e+01
1.435195312500000000e+02 9.827734375000000000e+01
1.508828125000000000e+02 9.969140625000000000e+01
1.554140625000000000e+02 9.827734375000000000e+01
1.588125000000000000e+02 9.615625000000000000e+01
1.038710937500000000e+02 6.168359375000000000e+01
1.078359375000000000e+02 5.373437500000000000e+01
1.168984375000000000e+02 5.302734375000000000e+01
1.242617187500000000e+02 6.009765625000000000e+01
1.163320312500000000e+02 6.292578125000000000e+01
1.078359375000000000e+02 6.221875000000000000e+01
1.491835937500000000e+02 5.939062500000000000e+01
1.542812500000000000e+02 5.302734375000000000e+01
1.610781250000000000e+02 5.232031250000000000e+01
1.639101562500000000e+02 5.956250000000000000e+01
1.610781250000000000e+02 6.080468750000000000e+01
1.554140625000000000e+02 6.151171875000000000e+01
1.236953125000000000e+02 1.194882812500000000e+02
1.344570312500000000e+02 1.138320312500000000e+02
1.457851562500000000e+02 1.125898437500000000e+02
1.508828125000000000e+02 1.110039062500000000e+02
1.554140625000000000e+02 1.125898437500000000e+02
1.593789062500000000e+02 1.117109375000000000e+02
1.605117187500000000e+02 1.173671875000000000e+02
1.593789062500000000e+02 1.251445312500000000e+02
1.565468750000000000e+02 1.315078125000000000e+02
1.508828125000000000e+02 1.343359375000000000e+02
1.406875000000000000e+02 1.343359375000000000e+02
1.310585937500000000e+02 1.279726562500000000e+02
1.253945312500000000e+02 1.194882812500000000e+02
1.378554687500000000e+02 1.194882812500000000e+02
1.503164062500000000e+02 1.187812500000000000e+02
1.548476562500000000e+02 1.180742187500000000e+02
1.588125000000000000e+02 1.173671875000000000e+02
1.548476562500000000e+02 1.187812500000000000e+02
1.497500000000000000e+02 1.201953125000000000e+02
1.378554687500000000e+02 1.194882812500000000e+02
