4.860937500000000000e+01 4.544921875000000000e+01
4.860937500000000000e+01 6.712500000000000000e+01
5.026171875000000000e+01 8.740234375000000000e+01
5.356640625000000000e+01 1.076796875000000000e+02
6.017578125000000000e+01 1.272578125000000000e+02
7.174218750000000000e+01 1.426406250000000000e+02
8.551171875000000000e+01 1.538281250000000000e+02
1.003828125000000000e+02 1.629179687500000000e+02
1.169062500000000000e+02 1.657148437500000000e+02
1.317773437500000000e+02 1.615195312500000000e+02
1.444453125000000000e+02 1.517304687500000000e+02
1.554609375000000000e+02 1.398437500000000000e+02
1.642734375000000000e+02 1.244609375000000000e+02
1.692304687500000000e+02 1.069804687500000000e+02
1.725351562500000000e+02 8.740234375000000000e+01
1.747382812500000000e+02 6.852343750000000000e+01
1.747382812500000000e+02 4.964453125000000000e+01
6.568359375000000000e+01 3.985546875000000000e+01
7.339453125000000000e+01 3.076562500000000000e+01
8.385937500000000000e+01 3.006640625000000000e+01
9.432421875000000000e+01 3.426171875000000000e+01
1.042382812500000000e+02 3.985546875000000000e+01
1.301250000000000000e+02 4.195312500000000000e+01
1.394882812500000000e+02 3.775781250000000000e+01
1.494023437500000000e+02 3.496093750000000000e+01
1.593164062500000000e+02 3.705859375000000000e+01
1.659257812500000000e+02 4.544921875000000000e+01
1.174570312500000000e+02 5.523828125000000000e+01
1.180078125000000000e+02 6.782421875000000000e+01
1.180078125000000000e+02 8.041015625000000000e+01
1.180078125000000000e+02 9.299609375000000000e+01
1.036875000000000000e+02 9.998828125000000000e+01
1.102968750000000000e+02 1.020859375000000000e+02
1.174570312500000000e+02 1.041835937500000000e+02
1.240664062500000000e+02 1.020859375000000000e+02
1.306757812500000000e+02 9.998828125000000000e+01
7.725000000000000000e+01 5.823828125000000000e+01
8.275781250000000000e+01 5.104296875000000000e+01
9.267187500000000000e+01 5.174218750000000000e+01
1.003828125000000000e+02 5.803515625000000000e+01
9.157031250000000000e+01 6.083203125000000000e+01
8.220703125000000000e+01 5.943359375000000000e+01
1.339804687500000000e+02 5.873437500000000000e+01
1.422421875000000000e+02 5.244140625000000000e+01
1.521562500000000000e+02 5.244140625000000000e+01
1.571132812500000000e+02 6.033593750000000000e+01
1.516054687500000000e+02 6.083203125000000000e+01
1.427929687500000000e+02 6.083203125000000000e+01
9.542578125000000000e+01 1.209648437500000000e+02
1.031367187500000000e+02 1.160703125000000000e+02
1.119492187500000000e+02 1.162734375000000000e+02
1.174570312500000000e+02 1.153710937500000000e+02
1.229648437500000000e+02 1.162734375000000000e+02
1.312265625000000000e+02 1.153710937500000000e+02
1.383867187500000000e+02 1.202656250000000000e+02
1.334296875000000000e+02 1.286562500000000000e+02
1.262695312500000000e+02 1.342500000000000000e+02
1.174570312500000000e+02 1.370468750000000000e+02
1.086445312500000000e+02 1.349492187500000000e+02
1.014843750000000000e+02 1.293554687500000000e+02
9.762890625000000000e+01 1.209648437500000000e+02
1.075429687500000000e+02 1.209648437500000000e+02
1.174570312500000000e+02 1.223632812500000000e+02
1.268203125000000000e+02 1.209648437500000000e+02
1.367343750000000000e+02 1.202656250000000000e+02
1.268203125000000000e+02 1.209648437500000000e+02
1.174570312500000000e+02 1.223632812500000000e+02
1.075429687500000000e+02 1.209648437500000000e+02
