5.564062500000000000e+01 5.231250000000000000e+01
5.730468750000000000e+01 7.483593750000000000e+01
5.952343750000000000e+01 9.663281250000000000e+01
6.451562500000000000e+01 1.198828125000000000e+02
7.560937500000000000e+01 1.373203125000000000e+02
9.169531250000000000e+01 1.482187500000000000e+02
1.088906250000000000e+02 1.569375000000000000e+02
1.260859375000000000e+02 1.634765625000000000e+02
1.432812500000000000e+02 1.627500000000000000e+02
1.521562500000000000e+02 1.547578125000000000e+02
1.565937500000000000e+02 1.416796875000000000e+02
1.621406250000000000e+02 1.293281250000000000e+02
1.665781250000000000e+02 1.147968750000000000e+02
1.693515625000000000e+02 1.017187500000000000e+02
1.715703125000000000e+02 8.791406250000000000e+01
1.693515625000000000e+02 7.338281250000000000e+01
1.682421875000000000e+02 5.885156250000000000e+01
9.890625000000000000e+01 3.850781250000000000e+01
1.072265625000000000e+02 2.906250000000000000e+01
1.177656250000000000e+02 2.688281250000000000e+01
1.288593750000000000e+02 2.906250000000000000e+01
1.388437500000000000e+02 3.487500000000000000e+01
1.560390625000000000e+02 4.214062500000000000e+01
1.604765625000000000e+02 3.996093750000000000e+01
1.654687500000000000e+02 3.850781250000000000e+01
1.699062500000000000e+02 4.068750000000000000e+01
1.721250000000000000e+02 4.577343750000000000e+01
1.477187500000000000e+02 5.667187500000000000e+01
1.510468750000000000e+02 6.611718750000000000e+01
1.543750000000000000e+02 7.483593750000000000e+01
1.582578125000000000e+02 8.428125000000000000e+01
1.388437500000000000e+02 9.735937500000000000e+01
1.449453125000000000e+02 9.808593750000000000e+01
1.516015625000000000e+02 9.953906250000000000e+01
1.554843750000000000e+02 9.881250000000000000e+01
1.588125000000000000e+02 9.808593750000000000e+01
1.088906250000000000e+02 5.821875000000000000e+01
1.133281250000000000e+02 5.085937500000000000e+01
1.216484375000000000e+02 5.085937500000000000e+01
1.277500000000000000e+02 5.812500000000000000e+01
1.205390625000000000e+02 6.030468750000000000e+01
1.127734375000000000e+02 5.957812500000000000e+01
1.521562500000000000e+02 6.175781250000000000e+01
1.571484375000000000e+02 5.667187500000000000e+01
1.626953125000000000e+02 5.739843750000000000e+01
1.649140625000000000e+02 6.403125000000000000e+01
1.621406250000000000e+02 6.393750000000000000e+01
1.571484375000000000e+02 6.393750000000000000e+01
1.266406250000000000e+02 1.198828125000000000e+02
1.366250000000000000e+02 1.147968750000000000e+02
1.466093750000000000e+02 1.148906250000000000e+02
1.510468750000000000e+02 1.140703125000000000e+02
1.543750000000000000e+02 1.156171875000000000e+02
1.577031250000000000e+02 1.155234375000000000e+02
1.571484375000000000e+02 1.206093750000000000e+02
1.565937500000000000e+02 1.271484375000000000e+02
1.532656250000000000e+02 1.329609375000000000e+02
1.488281250000000000e+02 1.351406250000000000e+02
1.399531250000000000e+02 1.336875000000000000e+02
1.327421875000000000e+02 1.278750000000000000e+02
1.283046875000000000e+02 1.198828125000000000e+02
1.388437500000000000e+02 1.191562500000000000e+02
1.493828125000000000e+02 1.198828125000000000e+02
1.527109375000000000e+02 1.198828125000000000e+02
1.560390625000000000e+02 1.206093750000000000e+02
1.527109375000000000e+02 1.206093750000000000e+02
1.493828125000000000e+02 1.213359375000000000e+02
1.388437500000000000e+02 1.198828125000000000e+02
