4.776562500000000000e+01 4.500000000000000000e+01
4.832031250000000000e+01 6.679687500000000000e+01
5.053906250000000000e+01 8.648437500000000000e+01
5.386718750000000000e+01 1.075781250000000000e+02
6.052343750000000000e+01 1.258593750000000000e+02
7.217187500000000000e+01 1.413281250000000000e+02
8.548437500000000000e+01 1.532812500000000000e+02
1.004609375000000000e+02 1.631250000000000000e+02
1.165468750000000000e+02 1.659375000000000000e+02
1.315234375000000000e+02 1.617187500000000000e+02
1.442812500000000000e+02 1.511718750000000000e+02
1.553750000000000000e+02 1.378125000000000000e+02
1.642500000000000000e+02 1.223437500000000000e+02
1.692421875000000000e+02 1.047656250000000000e+02
1.720156250000000000e+02 8.578125000000000000e+01
1.736796875000000000e+02 6.609375000000000000e+01
1.742343750000000000e+02 4.710937500000000000e+01
6.385156250000000000e+01 4.007812500000000000e+01
7.161718750000000000e+01 3.164062500000000000e+01
8.271093750000000000e+01 3.093750000000000000e+01
9.325000000000000000e+01 3.515625000000000000e+01
1.032343750000000000e+02 4.078125000000000000e+01
1.276406250000000000e+02 4.148437500000000000e+01
1.376250000000000000e+02 3.726562500000000000e+01
1.470546875000000000e+02 3.515625000000000000e+01
1.570390625000000000e+02 3.656250000000000000e+01
1.642500000000000000e+02 4.429687500000000000e+01
1.159921875000000000e+02 5.484375000000000000e+01
1.165468750000000000e+02 6.679687500000000000e+01
1.165468750000000000e+02 7.945312500000000000e+01
1.165468750000000000e+02 9.140625000000000000e+01
1.026796875000000000e+02 9.914062500000000000e+01
1.093359375000000000e+02 1.005468750000000000e+02
1.165468750000000000e+02 1.026562500000000000e+02
1.237578125000000000e+02 1.005468750000000000e+02
1.298593750000000000e+02 9.843750000000000000e+01
7.550000000000000000e+01 5.784375000000000000e+01
8.104687500000000000e+01 5.062500000000000000e+01
9.103125000000000000e+01 5.062500000000000000e+01
9.879687500000000000e+01 5.765625000000000000e+01
8.992187500000000000e+01 6.046875000000000000e+01
8.049218750000000000e+01 5.906250000000000000e+01
1.326328125000000000e+02 5.765625000000000000e+01
1.409531250000000000e+02 5.132812500000000000e+01
1.503828125000000000e+02 5.132812500000000000e+01
1.559296875000000000e+02 5.925000000000000000e+01
1.503828125000000000e+02 5.976562500000000000e+01
1.415078125000000000e+02 5.976562500000000000e+01
9.546875000000000000e+01 1.209375000000000000e+02
1.026796875000000000e+02 1.167187500000000000e+02
1.110000000000000000e+02 1.169062500000000000e+02
1.165468750000000000e+02 1.153125000000000000e+02
1.220937500000000000e+02 1.169062500000000000e+02
1.298593750000000000e+02 1.160156250000000000e+02
1.370703125000000000e+02 1.195312500000000000e+02
1.326328125000000000e+02 1.286718750000000000e+02
1.254218750000000000e+02 1.342968750000000000e+02
1.171015625000000000e+02 1.371093750000000000e+02
1.082265625000000000e+02 1.357031250000000000e+02
1.004609375000000000e+02 1.293750000000000000e+02
9.713281250000000000e+01 1.209375000000000000e+02
1.065625000000000000e+02 1.216406250000000000e+02
1.165468750000000000e+02 1.230468750000000000e+02
1.259765625000000000e+02 1.209375000000000000e+02
1.354062500000000000e+02 1.202343750000000000e+02
1.259765625000000000e+02 1.209375000000000000e+02
1.165468750000000000e+02 1.230468750000000000e+02
1.065625000000000000e+02 1.216406250000000000e+02
