4.803906250000000000e+01 5.593750000000000000e+01
4.918750000000000000e+01 7.621484375000000000e+01
5.148437500000000000e+01 9.579296875000000000e+01
5.492968750000000000e+01 1.160703125000000000e+02
6.182031250000000000e+01 1.342500000000000000e+02
7.273046875000000000e+01 1.482343750000000000e+02
8.651171875000000000e+01 1.594218750000000000e+02
1.014414062500000000e+02 1.678125000000000000e+02
1.180937500000000000e+02 1.699101562500000000e+02
1.335976562500000000e+02 1.657148437500000000e+02
1.468046875000000000e+02 1.566250000000000000e+02
1.588632812500000000e+02 1.447382812500000000e+02
1.680507812500000000e+02 1.293554687500000000e+02
1.726445312500000000e+02 1.111757812500000000e+02
1.743671875000000000e+02 9.229687500000000000e+01
1.755156250000000000e+02 7.271875000000000000e+01
1.749414062500000000e+02 5.383984375000000000e+01
6.124609375000000000e+01 4.195312500000000000e+01
6.813671875000000000e+01 3.286328125000000000e+01
7.904687500000000000e+01 3.076562500000000000e+01
8.995703125000000000e+01 3.426171875000000000e+01
1.002929687500000000e+02 3.915625000000000000e+01
1.255585937500000000e+02 3.915625000000000000e+01
1.353203125000000000e+02 3.426171875000000000e+01
1.462304687500000000e+02 3.216406250000000000e+01
1.565664062500000000e+02 3.426171875000000000e+01
1.646054687500000000e+02 4.335156250000000000e+01
1.140742187500000000e+02 5.453906250000000000e+01
1.140742187500000000e+02 6.642578125000000000e+01
1.146484375000000000e+02 7.761328125000000000e+01
1.152226562500000000e+02 8.950000000000000000e+01
1.008671875000000000e+02 9.858984375000000000e+01
1.077578125000000000e+02 9.998828125000000000e+01
1.152226562500000000e+02 1.013867187500000000e+02
1.226875000000000000e+02 9.928906250000000000e+01
1.290039062500000000e+02 9.719140625000000000e+01
7.330468750000000000e+01 6.103515625000000000e+01
7.789843750000000000e+01 5.383984375000000000e+01
8.823437500000000000e+01 5.383984375000000000e+01
9.627343750000000000e+01 5.943359375000000000e+01
8.708593750000000000e+01 6.223046875000000000e+01
7.789843750000000000e+01 6.153125000000000000e+01
1.313007812500000000e+02 5.803515625000000000e+01
1.399140625000000000e+02 5.174218750000000000e+01
1.496757812500000000e+02 5.174218750000000000e+01
1.548437500000000000e+02 5.963671875000000000e+01
1.496757812500000000e+02 5.943359375000000000e+01
1.404882812500000000e+02 6.013281250000000000e+01
9.110546875000000000e+01 1.209648437500000000e+02
9.971875000000000000e+01 1.146718750000000000e+02
1.094804687500000000e+02 1.141757812500000000e+02
1.157968750000000000e+02 1.125742187500000000e+02
1.221132812500000000e+02 1.134765625000000000e+02
1.318750000000000000e+02 1.132734375000000000e+02
1.404882812500000000e+02 1.188671875000000000e+02
1.347460937500000000e+02 1.279570312500000000e+02
1.267070312500000000e+02 1.342500000000000000e+02
1.169453125000000000e+02 1.370468750000000000e+02
1.066093750000000000e+02 1.356484375000000000e+02
9.799609375000000000e+01 1.300546875000000000e+02
9.340234375000000000e+01 1.209648437500000000e+02
1.048867187500000000e+02 1.195664062500000000e+02
1.157968750000000000e+02 1.195664062500000000e+02
1.267070312500000000e+02 1.181679687500000000e+02
1.381914062500000000e+02 1.188671875000000000e+02
1.272812500000000000e+02 1.202656250000000000e+02
1.157968750000000000e+02 1.216640625000000000e+02
1.043125000000000000e+02 1.209648437500000000e+02
