4.976562500000000000e+01 4.432031250000000000e+01
5.032031250000000000e+01 6.648046875000000000e+01
5.198437500000000000e+01 8.649609375000000000e+01
5.475781250000000000e+01 1.072265625000000000e+02
6.141406250000000000e+01 1.265273437500000000e+02
7.250781250000000000e+01 1.422539062500000000e+02
8.582031250000000000e+01 1.544062500000000000e+02
1.002421875000000000e+02 1.644140625000000000e+02
1.163281250000000000e+02 1.672734375000000000e+02
1.318593750000000000e+02 1.636992187500000000e+02
1.446171875000000000e+02 1.536914062500000000e+02
1.562656250000000000e+02 1.415390625000000000e+02
1.662500000000000000e+02 1.265273437500000000e+02
1.712421875000000000e+02 1.079414062500000000e+02
1.745703125000000000e+02 8.864062500000000000e+01
1.767890625000000000e+02 6.862500000000000000e+01
1.767890625000000000e+02 4.932421875000000000e+01
6.585156250000000000e+01 4.003125000000000000e+01
7.361718750000000000e+01 3.145312500000000000e+01
8.415625000000000000e+01 3.073828125000000000e+01
9.414062500000000000e+01 3.574218750000000000e+01
1.041250000000000000e+02 4.146093750000000000e+01
1.296406250000000000e+02 4.217578125000000000e+01
1.396250000000000000e+02 3.788671875000000000e+01
1.496093750000000000e+02 3.502734375000000000e+01
1.595937500000000000e+02 3.645703125000000000e+01
1.673593750000000000e+02 4.503515625000000000e+01
1.174375000000000000e+02 5.718750000000000000e+01
1.174375000000000000e+02 6.933984375000000000e+01
1.168828125000000000e+02 8.220703125000000000e+01
1.168828125000000000e+02 9.507421875000000000e+01
1.030156250000000000e+02 1.022226562500000000e+02
1.096718750000000000e+02 1.043671875000000000e+02
1.168828125000000000e+02 1.065117187500000000e+02
1.240937500000000000e+02 1.043671875000000000e+02
1.301953125000000000e+02 1.022226562500000000e+02
7.750000000000000000e+01 5.947265625000000000e+01
8.304687500000000000e+01 5.218359375000000000e+01
9.247656250000000000e+01 5.289843750000000000e+01
1.002421875000000000e+02 5.933203125000000000e+01
9.136718750000000000e+01 6.219140625000000000e+01
8.249218750000000000e+01 6.076171875000000000e+01
1.340781250000000000e+02 6.004687500000000000e+01
1.423984375000000000e+02 5.432812500000000000e+01
1.523828125000000000e+02 5.432812500000000000e+01
1.573750000000000000e+02 6.161718750000000000e+01
1.523828125000000000e+02 6.290625000000000000e+01
1.429531250000000000e+02 6.290625000000000000e+01
9.580468750000000000e+01 1.229531250000000000e+02
1.030156250000000000e+02 1.179492187500000000e+02
1.113359375000000000e+02 1.180898437500000000e+02
1.168828125000000000e+02 1.172343750000000000e+02
1.229843750000000000e+02 1.180898437500000000e+02
1.307500000000000000e+02 1.179492187500000000e+02
1.374062500000000000e+02 1.222382812500000000e+02
1.329687500000000000e+02 1.308164062500000000e+02
1.257578125000000000e+02 1.365351562500000000e+02
1.174375000000000000e+02 1.386796875000000000e+02
1.085625000000000000e+02 1.365351562500000000e+02
1.013515625000000000e+02 1.308164062500000000e+02
9.746875000000000000e+01 1.229531250000000000e+02
1.068984375000000000e+02 1.229531250000000000e+02
1.168828125000000000e+02 1.243828125000000000e+02
1.263125000000000000e+02 1.229531250000000000e+02
1.357421875000000000e+02 1.222382812500000000e+02
1.263125000000000000e+02 1.229531250000000000e+02
1.168828125000000000e+02 1.243828125000000000e+02
1.068984375000000000e+02 1.229531250000000000e+02
