4.876562500000000000e+01 4.405078125000000000e+01
4.876562500000000000e+01 6.572656250000000000e+01
5.098437500000000000e+01 8.600390625000000000e+01
5.431250000000000000e+01 1.062812500000000000e+02
6.096875000000000000e+01 1.251601562500000000e+02
7.150781250000000000e+01 1.412421875000000000e+02
8.482031250000000000e+01 1.538281250000000000e+02
9.924218750000000000e+01 1.636171875000000000e+02
1.153281250000000000e+02 1.671132812500000000e+02
1.308593750000000000e+02 1.629179687500000000e+02
1.436171875000000000e+02 1.524296875000000000e+02
1.552656250000000000e+02 1.391445312500000000e+02
1.646953125000000000e+02 1.237617187500000000e+02
1.696875000000000000e+02 1.048828125000000000e+02
1.724609375000000000e+02 8.600390625000000000e+01
1.746796875000000000e+02 6.572656250000000000e+01
1.746796875000000000e+02 4.684765625000000000e+01
6.374218750000000000e+01 3.985546875000000000e+01
7.095312500000000000e+01 3.146484375000000000e+01
8.149218750000000000e+01 3.146484375000000000e+01
9.203125000000000000e+01 3.566015625000000000e+01
1.020156250000000000e+02 4.125390625000000000e+01
1.269765625000000000e+02 4.125390625000000000e+01
1.369609375000000000e+02 3.705859375000000000e+01
1.469453125000000000e+02 3.496093750000000000e+01
1.574843750000000000e+02 3.635937500000000000e+01
1.646953125000000000e+02 4.405078125000000000e+01
1.153281250000000000e+02 5.453906250000000000e+01
1.153281250000000000e+02 6.712500000000000000e+01
1.153281250000000000e+02 7.971093750000000000e+01
1.153281250000000000e+02 9.229687500000000000e+01
1.014609375000000000e+02 9.928906250000000000e+01
1.081171875000000000e+02 1.013867187500000000e+02
1.153281250000000000e+02 1.034843750000000000e+02
1.225390625000000000e+02 1.006875000000000000e+02
1.291953125000000000e+02 9.858984375000000000e+01
7.539062500000000000e+01 5.823828125000000000e+01
8.093750000000000000e+01 5.104296875000000000e+01
9.092187500000000000e+01 5.104296875000000000e+01
9.868750000000000000e+01 5.733593750000000000e+01
8.981250000000000000e+01 6.013281250000000000e+01
8.038281250000000000e+01 5.943359375000000000e+01
1.325234375000000000e+02 5.663671875000000000e+01
1.402890625000000000e+02 5.104296875000000000e+01
1.502734375000000000e+02 5.104296875000000000e+01
1.552656250000000000e+02 5.893750000000000000e+01
1.497187500000000000e+02 5.873437500000000000e+01
1.413984375000000000e+02 5.943359375000000000e+01
9.314062500000000000e+01 1.202656250000000000e+02
1.009062500000000000e+02 1.160703125000000000e+02
1.092265625000000000e+02 1.162734375000000000e+02
1.153281250000000000e+02 1.146718750000000000e+02
1.208750000000000000e+02 1.162734375000000000e+02
1.286406250000000000e+02 1.146718750000000000e+02
1.358515625000000000e+02 1.195664062500000000e+02
1.308593750000000000e+02 1.279570312500000000e+02
1.236484375000000000e+02 1.342500000000000000e+02
1.147734375000000000e+02 1.377460937500000000e+02
1.058984375000000000e+02 1.356484375000000000e+02
9.868750000000000000e+01 1.293554687500000000e+02
9.535937500000000000e+01 1.209648437500000000e+02
1.053437500000000000e+02 1.209648437500000000e+02
1.153281250000000000e+02 1.223632812500000000e+02
1.242031250000000000e+02 1.202656250000000000e+02
1.341875000000000000e+02 1.195664062500000000e+02
1.242031250000000000e+02 1.202656250000000000e+02
1.147734375000000000e+02 1.223632812500000000e+02
1.053437500000000000e+02 1.209648437500000000e+02
