4.823046875000000000e+01 5.273437500000000000e+01
4.992968750000000000e+01 7.312500000000000000e+01
5.332812500000000000e+01 9.281250000000000000e+01
5.785937500000000000e+01 1.132031250000000000e+02
6.578906250000000000e+01 1.307812500000000000e+02
7.711718750000000000e+01 1.455468750000000000e+02
9.127734375000000000e+01 1.567968750000000000e+02
1.060039062500000000e+02 1.652343750000000000e+02
1.224296875000000000e+02 1.673437500000000000e+02
1.377226562500000000e+02 1.624218750000000000e+02
1.507500000000000000e+02 1.518750000000000000e+02
1.609453125000000000e+02 1.378125000000000000e+02
1.700078125000000000e+02 1.216406250000000000e+02
1.739726562500000000e+02 1.033593750000000000e+02
1.756718750000000000e+02 8.437500000000000000e+01
1.768046875000000000e+02 6.468750000000000000e+01
1.751054687500000000e+02 4.500000000000000000e+01
6.182421875000000000e+01 4.429687500000000000e+01
6.862109375000000000e+01 3.585937500000000000e+01
7.994921875000000000e+01 3.515625000000000000e+01
9.014453125000000000e+01 3.937500000000000000e+01
1.003398437500000000e+02 4.359375000000000000e+01
1.258281250000000000e+02 4.148437500000000000e+01
1.354570312500000000e+02 3.656250000000000000e+01
1.456523437500000000e+02 3.375000000000000000e+01
1.564140625000000000e+02 3.445312500000000000e+01
1.643437500000000000e+02 4.218750000000000000e+01
1.145000000000000000e+02 5.625000000000000000e+01
1.150664062500000000e+02 6.890625000000000000e+01
1.156328125000000000e+02 8.085937500000000000e+01
1.167656250000000000e+02 9.351562500000000000e+01
1.031718750000000000e+02 1.012500000000000000e+02
1.099687500000000000e+02 1.033593750000000000e+02
1.173320312500000000e+02 1.047656250000000000e+02
1.246953125000000000e+02 1.019531250000000000e+02
1.309257812500000000e+02 9.914062500000000000e+01
7.428515625000000000e+01 6.276562500000000000e+01
7.938281250000000000e+01 5.554687500000000000e+01
8.901171875000000000e+01 5.484375000000000000e+01
9.750781250000000000e+01 6.046875000000000000e+01
8.844531250000000000e+01 6.398437500000000000e+01
7.938281250000000000e+01 6.328125000000000000e+01
1.326250000000000000e+02 5.765625000000000000e+01
1.411210937500000000e+02 5.132812500000000000e+01
1.507500000000000000e+02 5.062500000000000000e+01
1.558476562500000000e+02 5.784375000000000000e+01
1.507500000000000000e+02 5.835937500000000000e+01
1.416875000000000000e+02 5.976562500000000000e+01
9.807421875000000000e+01 1.230468750000000000e+02
1.048710937500000000e+02 1.181250000000000000e+02
1.133671875000000000e+02 1.176093750000000000e+02
1.190312500000000000e+02 1.153125000000000000e+02
1.246953125000000000e+02 1.162031250000000000e+02
1.331914062500000000e+02 1.146093750000000000e+02
1.411210937500000000e+02 1.188281250000000000e+02
1.365898437500000000e+02 1.272656250000000000e+02
1.292265625000000000e+02 1.335937500000000000e+02
1.207304687500000000e+02 1.364062500000000000e+02
1.116679687500000000e+02 1.350000000000000000e+02
1.043046875000000000e+02 1.300781250000000000e+02
9.977343750000000000e+01 1.230468750000000000e+02
1.094023437500000000e+02 1.223437500000000000e+02
1.195976562500000000e+02 1.230468750000000000e+02
1.292265625000000000e+02 1.209375000000000000e+02
1.394218750000000000e+02 1.188281250000000000e+02
1.297929687500000000e+02 1.209375000000000000e+02
1.201640625000000000e+02 1.230468750000000000e+02
1.099687500000000000e+02 1.223437500000000000e+02
