1.342808837890625000e+02 2.806050720214843750e+02
1.419969940185546875e+02 3.029128112792968750e+02
1.498446807861328125e+02 3.244358825683593750e+02
1.583835906982421875e+02 3.437685546875000000e+02
1.733208160400390625e+02 3.630205688476562500e+02
1.973979644775390625e+02 3.752221679687500000e+02
2.245708160400390625e+02 3.797693481445312500e+02
2.540278625488281250e+02 3.830032958984375000e+02
2.814623718261718750e+02 3.853886108398437500e+02
2.963990478515625000e+02 3.835214843750000000e+02
2.957640991210937500e+02 3.812615966796875000e+02
2.914963684082031250e+02 3.775782470703125000e+02
2.861868286132812500e+02 3.656992797851562500e+02
2.806417541503906250e+02 3.467745971679687500e+02
2.769555358886718750e+02 3.274920959472656250e+02
2.740893554687500000e+02 3.063010864257812500e+02
2.694648437500000000e+02 2.839357910156250000e+02
1.891098175048828125e+02 2.276903686523437500e+02
2.035207672119140625e+02 2.161574401855468750e+02
2.191376953125000000e+02 2.113318328857421875e+02
2.326659545898437500e+02 2.113015289306640625e+02
2.438893890380859375e+02 2.138893127441406250e+02
2.779442749023437500e+02 2.135113372802734375e+02
2.837927551269531250e+02 2.116619262695312500e+02
2.895914916992187500e+02 2.130218505859375000e+02
2.945648193359375000e+02 2.186519775390625000e+02
2.958752441406250000e+02 2.309849243164062500e+02
2.674101867675781250e+02 2.352754516601562500e+02
2.767412414550781250e+02 2.455177917480468750e+02
2.867700805664062500e+02 2.546789703369140625e+02
2.911585388183593750e+02 2.650962219238281250e+02
2.642714843750000000e+02 2.864547729492187500e+02
2.731060180664062500e+02 2.854909667968750000e+02
2.815134887695312500e+02 2.862354736328125000e+02
2.865296020507812500e+02 2.860451965332031250e+02
2.879746704101562500e+02 2.873052978515625000e+02
2.112933502197265625e+02 2.424788513183593750e+02
2.225726165771484375e+02 2.368958892822265625e+02
2.312035980224609375e+02 2.370162658691406250e+02
2.377171173095703125e+02 2.422922515869140625e+02
2.328954772949218750e+02 2.429955291748046875e+02
2.224798889160156250e+02 2.437351379394531250e+02
2.737226257324218750e+02 2.436527099609375000e+02
2.829563293457031250e+02 2.385137329101562500e+02
2.913184814453125000e+02 2.390597686767578125e+02
2.925692749023437500e+02 2.452837524414062500e+02
2.910759582519531250e+02 2.460615997314453125e+02
2.835946960449218750e+02 2.452168273925781250e+02
2.411200866699218750e+02 3.213763427734375000e+02
2.601425781250000000e+02 3.106327209472656250e+02
2.767767944335937500e+02 3.038340454101562500e+02
2.834638061523437500e+02 3.052200012207031250e+02
2.885638427734375000e+02 3.042485961914062500e+02
2.950215759277343750e+02 3.112626342773437500e+02
2.956689453125000000e+02 3.240371093750000000e+02
2.941428833007812500e+02 3.243576049804687500e+02
2.907320251464843750e+02 3.249535217285156250e+02
2.835498657226562500e+02 3.245379943847656250e+02
2.744014892578125000e+02 3.243209838867187500e+02
2.615885009765625000e+02 3.230657043457031250e+02
2.436326904296875000e+02 3.204594421386718750e+02
2.717667236328125000e+02 3.133944702148437500e+02
2.814332275390625000e+02 3.127694091796875000e+02
2.873949890136718750e+02 3.139169616699218750e+02
2.942001342773437500e+02 3.230669250488281250e+02
2.865387573242187500e+02 3.168073730468750000e+02
2.803636474609375000e+02 3.165485229492187500e+02
2.713870849609375000e+02 3.163820190429687500e+02
