1.855421752929687500e+02 2.422352447509765625e+02
1.887376556396484375e+02 2.660155029296875000e+02
1.905052795410156250e+02 2.890393676757812500e+02
1.939674072265625000e+02 3.103681640625000000e+02
2.043944244384765625e+02 3.343484497070312500e+02
2.240844421386718750e+02 3.556250610351562500e+02
2.477304992675781250e+02 3.711267089843750000e+02
2.710191040039062500e+02 3.862307128906250000e+02
2.813627014160156250e+02 3.991213073730468750e+02
2.738649291992187500e+02 4.025064392089843750e+02
2.529146423339843750e+02 3.990732421875000000e+02
2.307815856933593750e+02 3.929119262695312500e+02
2.125433807373046875e+02 3.789410095214843750e+02
2.023377075195312500e+02 3.587448425292968750e+02
1.985910797119140625e+02 3.392396240234375000e+02
1.968634490966796875e+02 3.183662414550781250e+02
1.941495513916015625e+02 2.956990356445312500e+02
2.636168212890625000e+02 2.173076629638671875e+02
2.773231811523437500e+02 2.126101684570312500e+02
2.877204895019531250e+02 2.144281921386718750e+02
2.942773132324218750e+02 2.197377624511718750e+02
2.979522094726562500e+02 2.264826049804687500e+02
3.002238769531250000e+02 2.388235168457031250e+02
2.972372741699218750e+02 2.391053619384765625e+02
2.916360168457031250e+02 2.422194366455078125e+02
2.827998046875000000e+02 2.488343505859375000e+02
2.699293823242187500e+02 2.601250000000000000e+02
3.026562805175781250e+02 2.553194427490234375e+02
3.138529357910156250e+02 2.688837280273437500e+02
3.264477844238281250e+02 2.817723693847656250e+02
3.302448120117187500e+02 2.932876586914062500e+02
3.006954956054687500e+02 3.016961669921875000e+02
3.070358886718750000e+02 3.043924560546875000e+02
3.102071228027343750e+02 3.083555297851562500e+02
3.082879638671875000e+02 3.099301757812500000e+02
3.030386047363281250e+02 3.113622131347656250e+02
2.744609375000000000e+02 2.398305664062500000e+02
2.842742614746093750e+02 2.393115386962890625e+02
2.850243530273437500e+02 2.426495971679687500e+02
2.821763305664062500e+02 2.498166046142578125e+02
2.847985534667968750e+02 2.488280181884765625e+02
2.818409118652343750e+02 2.455161132812500000e+02
2.836595458984375000e+02 2.644546813964843750e+02
2.875420227050781250e+02 2.632835693359375000e+02
2.878481750488281250e+02 2.668953857421875000e+02
2.789714050292968750e+02 2.726864624023437500e+02
2.857573242187500000e+02 2.732138977050781250e+02
2.875148925781250000e+02 2.697571411132812500e+02
2.788361816406250000e+02 3.245105895996093750e+02
2.958603515625000000e+02 3.224239501953125000e+02
3.065772094726562500e+02 3.227977294921875000e+02
3.080646972656250000e+02 3.266345825195312500e+02
3.080480346679687500e+02 3.276126098632812500e+02
3.000203857421875000e+02 3.361060180664062500e+02
2.845782470703125000e+02 3.474283752441406250e+02
2.970852355957031250e+02 3.478170471191406250e+02
3.030650024414062500e+02 3.474249877929687500e+02
3.039629516601562500e+02 3.444332885742187500e+02
3.015300292968750000e+02 3.407262573242187500e+02
2.936834106445312500e+02 3.344167480468750000e+02
2.794307861328125000e+02 3.246159362792968750e+02
2.995511474609375000e+02 3.294794921875000000e+02
3.031141052246093750e+02 3.326530761718750000e+02
3.012311096191406250e+02 3.358240356445312500e+02
2.850516662597656250e+02 3.460077514648437500e+02
3.003993530273437500e+02 3.381548461914062500e+02
3.015744018554687500e+02 3.356953125000000000e+02
2.984292602539062500e+02 3.320615234375000000e+02
