1.575252838134765625e+02 2.588508911132812500e+02
1.635600891113281250e+02 2.821415710449218750e+02
1.686832427978515625e+02 3.047489624023437500e+02
1.751849060058593750e+02 3.253527221679687500e+02
1.891215667724609375e+02 3.471874389648437500e+02
2.130572814941406250e+02 3.641008911132812500e+02
2.407994079589843750e+02 3.742342224121093750e+02
2.692719726562500000e+02 3.836527099609375000e+02
2.882212829589843750e+02 3.921652832031250000e+02
2.897221984863281250e+02 3.941416625976562500e+02
2.754431762695312500e+02 3.924462585449218750e+02
2.587530212402343750e+02 3.885478515625000000e+02
2.440049743652343750e+02 3.763643493652343750e+02
2.343338012695312500e+02 3.570723876953125000e+02
2.297676696777343750e+02 3.376796875000000000e+02
2.268591613769531250e+02 3.165764160156250000e+02
2.224965820312500000e+02 2.939505615234375000e+02
2.322392272949218750e+02 2.183811645507812500e+02
2.473965759277343750e+02 2.102467956542968750e+02
2.610382690429687500e+02 2.089805908203125000e+02
2.713231506347656250e+02 2.119680633544921875e+02
2.787430419921875000e+02 2.170249633789062500e+02
2.951501464843750000e+02 2.246880645751953125e+02
2.956773986816406250e+02 2.243829498291015625e+02
2.945185241699218750e+02 2.272465820312500000e+02
2.909463500976562500e+02 2.341384277343750000e+02
2.832448730468750000e+02 2.467585449218750000e+02
2.926770019531250000e+02 2.431372528076171875e+02
3.044582824707031250e+02 2.549104614257812500e+02
3.174500732421875000e+02 2.657623291015625000e+02
3.221462097167968750e+02 2.767550048828125000e+02
2.912153015136718750e+02 2.918994140625000000e+02
2.992797546386718750e+02 2.928754882812500000e+02
3.050881347656250000e+02 2.954972534179687500e+02
3.060011596679687500e+02 2.965646667480468750e+02
3.031688842773437500e+02 2.982858886718750000e+02
2.495186920166015625e+02 2.376136169433593750e+02
2.608552856445312500e+02 2.346020965576171875e+02
2.651347656250000000e+02 2.367478027343750000e+02
2.662147827148437500e+02 2.434810485839843750e+02
2.658670654296875000e+02 2.429340515136718750e+02
2.593573913574218750e+02 2.412622375488281250e+02
2.829920043945312500e+02 2.533116760253906250e+02
2.894955139160156250e+02 2.504236297607421875e+02
2.933719177246093750e+02 2.529302368164062500e+02
2.881577453613281250e+02 2.595119323730468750e+02
2.920403442382812500e+02 2.597014160156250000e+02
2.899162597656250000e+02 2.570526733398437500e+02
2.673613891601562500e+02 3.208020019531250000e+02
2.867644653320312500e+02 3.144255371093750000e+02
3.010171508789062500e+02 3.114851684570312500e+02
3.049668884277343750e+02 3.143688964843750000e+02
3.071646728515625000e+02 3.146435852050781250e+02
3.048133544921875000e+02 3.232008056640625000e+02
2.951201171875000000e+02 3.361683349609375000e+02
3.027862243652343750e+02 3.357335815429687500e+02
3.052886352539062500e+02 3.353159179687500000e+02
3.027333374023437500e+02 3.331792602539062500e+02
2.971047973632812500e+02 3.308684997558593750e+02
2.862437133789062500e+02 3.268483276367187500e+02
2.688350219726562500e+02 3.204954223632812500e+02
2.943744506835937500e+02 3.197453308105468750e+02
3.009620056152343750e+02 3.213312377929687500e+02
3.023448486328125000e+02 3.239150085449218750e+02
2.947694091796875000e+02 3.348672485351562500e+02
3.014851074218750000e+02 3.265294494628906250e+02
2.995587768554687500e+02 3.247752075195312500e+02
2.935324707031250000e+02 3.225758056640625000e+02
