1.472786407470703125e+02 2.655673828125000000e+02
1.535775604248046875e+02 2.888077392578125000e+02
1.593369293212890625e+02 3.112861328125000000e+02
1.663157501220703125e+02 3.317067565917968750e+02
1.805693511962890625e+02 3.530306701660156250e+02
2.049644012451171875e+02 3.687799377441406250e+02
2.331969146728515625e+02 3.774328613281250000e+02
2.627780761718750000e+02 3.851268310546875000e+02
2.853128356933593750e+02 3.916309509277343750e+02
2.917968750000000000e+02 3.919913330078125000e+02
2.821284790039062500e+02 3.895832519531250000e+02
2.695672912597656250e+02 3.852186584472656250e+02
2.581095886230468750e+02 3.726026916503906250e+02
2.501055908203125000e+02 3.530091247558593750e+02
2.461802062988281250e+02 3.333633728027343750e+02
2.437001190185546875e+02 3.119592285156250000e+02
2.396404724121093750e+02 2.891263732910156250e+02
2.181555023193359375e+02 2.216994934082031250e+02
2.337511291503906250e+02 2.124945068359375000e+02
2.486214294433593750e+02 2.100948486328125000e+02
2.603871459960937500e+02 2.121135559082031250e+02
2.693474731445312500e+02 2.163673706054687500e+02
2.926698303222656250e+02 2.210983428955078125e+02
2.951947631835937500e+02 2.201326599121093750e+02
2.965056457519531250e+02 2.223256225585937500e+02
2.958115844726562500e+02 2.286086120605468750e+02
2.908811035156250000e+02 2.409611816406250000e+02
2.866769104003906250e+02 2.410666809082031250e+02
2.976666259765625000e+02 2.526391906738281250e+02
3.097405395507812500e+02 2.632514343261718750e+02
3.142162475585937500e+02 2.742301635742187500e+02
2.833605346679687500e+02 2.912324829101562500e+02
2.919620971679687500e+02 2.916242065429687500e+02
2.988685302734375000e+02 2.936307983398437500e+02
3.013076171875000000e+02 2.941861877441406250e+02
2.999222412109375000e+02 2.956300964355468750e+02
2.373759765625000000e+02 2.396926879882812500e+02
2.491514739990234375e+02 2.358923034667968750e+02
2.551378784179687500e+02 2.373058776855468750e+02
2.581052551269531250e+02 2.434909362792968750e+02
2.561007385253906250e+02 2.434748382568359375e+02
2.479616546630859375e+02 2.426370391845703125e+02
2.823436279296875000e+02 2.502311553955078125e+02
2.901511840820312500e+02 2.465422058105468750e+02
2.957617797851562500e+02 2.483351287841796875e+02
2.926060180664062500e+02 2.546484680175781250e+02
2.946240844726562500e+02 2.552195739746093750e+02
2.905061340332031250e+02 2.532704467773437500e+02
2.582512207031250000e+02 3.222429199218750000e+02
2.783305053710937500e+02 3.145212707519531250e+02
2.940238952636718750e+02 3.103226928710937500e+02
2.990530700683593750e+02 3.127003173828125000e+02
3.023949584960937500e+02 3.125023193359375000e+02
3.030206909179687500e+02 3.203798217773437500e+02
2.965144653320312500e+02 3.330606384277343750e+02
3.010458984375000000e+02 3.331952514648437500e+02
3.014522094726562500e+02 3.332963867187500000e+02
2.971465759277343750e+02 3.318135986328125000e+02
2.900773315429687500e+02 3.302208251953125000e+02
2.782194824218750000e+02 3.270323181152343750e+02
2.601677246093750000e+02 3.217138366699218750e+02
2.875590820312500000e+02 3.190072631835937500e+02
2.954742736816406250e+02 3.198485107421875000e+02
2.985387573242187500e+02 3.218693847656250000e+02
2.957689514160156250e+02 3.318825378417968750e+02
2.975875549316406250e+02 3.245982971191406250e+02
2.940632019042968750e+02 3.234223022460937500e+02
2.867910156250000000e+02 3.219025878906250000e+02
