1.329817199707031250e+02 2.834339599609375000e+02
1.407654724121093750e+02 3.046941833496093750e+02
1.488600463867187500e+02 3.253881835937500000e+02
1.575083923339843750e+02 3.438040771484375000e+02
1.721992492675781250e+02 3.615394592285156250e+02
1.956352386474609375e+02 3.717554931640625000e+02
2.219635009765625000e+02 3.742851562500000000e+02
2.507859954833984375e+02 3.756994323730468750e+02
2.789524536132812500e+02 3.778378906250000000e+02
2.958302917480468750e+02 3.776181030273437500e+02
2.975983581542968750e+02 3.780530395507812500e+02
2.956203613281250000e+02 3.771220703125000000e+02
2.921133117675781250e+02 3.678209228515625000e+02
2.874537353515625000e+02 3.507653198242187500e+02
2.840352783203125000e+02 3.326368408203125000e+02
2.812694396972656250e+02 3.124645996093750000e+02
2.767409057617187500e+02 2.912188720703125000e+02
1.828755493164062500e+02 2.253507232666015625e+02
1.967705841064453125e+02 2.132091064453125000e+02
2.123095703125000000e+02 2.079476623535156250e+02
2.260351867675781250e+02 2.076658325195312500e+02
2.376150054931640625e+02 2.101521301269531250e+02
2.738239746093750000e+02 2.109362945556640625e+02
2.804438781738281250e+02 2.097869567871093750e+02
2.872991027832031250e+02 2.120324859619140625e+02
2.936259155273437500e+02 2.187326202392578125e+02
2.964667358398437500e+02 2.321949768066406250e+02
2.621539306640625000e+02 2.310057067871093750e+02
2.707949218750000000e+02 2.397919921875000000e+02
2.800258789062500000e+02 2.473984069824218750e+02
2.842334899902343750e+02 2.570708923339843750e+02
2.587723999023437500e+02 2.800699462890625000e+02
2.675009460449218750e+02 2.787252502441406250e+02
2.761325073242187500e+02 2.793933715820312500e+02
2.817287292480468750e+02 2.796622924804687500e+02
2.838809204101562500e+02 2.815854492187500000e+02
2.053000335693359375e+02 2.390690307617187500e+02
2.162651672363281250e+02 2.329741821289062500e+02
2.254207763671875000e+02 2.333578491210937500e+02
2.327022247314453125e+02 2.390342102050781250e+02
2.272299652099609375e+02 2.391760559082031250e+02
2.164157714843750000e+02 2.398163757324218750e+02
2.710835266113281250e+02 2.416617279052734375e+02
2.805457458496093750e+02 2.366481933593750000e+02
2.894630126953125000e+02 2.374832763671875000e+02
2.918049926757812500e+02 2.446001586914062500e+02
2.894125366210937500e+02 2.444317932128906250e+02
2.812000732421875000e+02 2.430895690917968750e+02
2.363517608642578125e+02 3.152354125976562500e+02
2.547957763671875000e+02 3.036270141601562500e+02
2.713966369628906250e+02 2.964811401367187500e+02
2.783783874511718750e+02 2.979013061523437500e+02
2.838469848632812500e+02 2.971884765625000000e+02
2.916627807617187500e+02 3.051733093261718750e+02
2.940905151367187500e+02 3.193521118164062500e+02
2.909996948242187500e+02 3.180286254882812500e+02
2.866482849121093750e+02 3.177066650390625000e+02
2.788540649414062500e+02 3.168952026367187500e+02
2.693405761718750000e+02 3.166080627441406250e+02
2.565372924804687500e+02 3.158518066406250000e+02
2.389779205322265625e+02 3.143895263671875000e+02
2.668020629882812500e+02 3.062944946289062500e+02
2.767430419921875000e+02 3.056564941406250000e+02
2.833413085937500000e+02 3.072402038574218750e+02
2.924671325683593750e+02 3.183032226562500000e+02
2.825070800781250000e+02 3.100729370117187500e+02
2.757583312988281250e+02 3.094189147949218750e+02
2.665114746093750000e+02 3.092764892578125000e+02
