1.427615356445312500e+02 2.702116699218750000e+02
1.498434143066406250e+02 2.930911254882812500e+02
1.565245819091796875e+02 3.152376098632812500e+02
1.642797546386718750e+02 3.352653198242187500e+02
1.791936798095703125e+02 3.558145141601562500e+02
2.040250549316406250e+02 3.702654418945312500e+02
2.324411315917968750e+02 3.774286193847656250e+02
2.624224853515625000e+02 3.835630187988281250e+02
2.864414062500000000e+02 3.888759155273437500e+02
2.949752807617187500e+02 3.888922424316406250e+02
2.872820434570312500e+02 3.869896240234375000e+02
2.764608764648437500e+02 3.832849121093750000e+02
2.661149291992187500e+02 3.712827758789062500e+02
2.582783203125000000e+02 3.521328735351562500e+02
2.540415954589843750e+02 3.327182006835937500e+02
2.510892639160156250e+02 3.114720458984375000e+02
2.464756622314453125e+02 2.888818054199218750e+02
2.098737182617187500e+02 2.226953277587890625e+02
2.251974792480468750e+02 2.126858825683593750e+02
2.403538360595703125e+02 2.095100097656250000e+02
2.526853332519531250e+02 2.109089050292968750e+02
2.623372497558593750e+02 2.146867675781250000e+02
2.884870605468750000e+02 2.181848754882812500e+02
2.917992553710937500e+02 2.170866394042968750e+02
2.942101135253906250e+02 2.192060089111328125e+02
2.949397583007812500e+02 2.255145874023437500e+02
2.916252441406250000e+02 2.381064758300781250e+02
2.817033081054687500e+02 2.384432525634765625e+02
2.926096191406250000e+02 2.494257507324218750e+02
3.045046997070312500e+02 2.593926391601562500e+02
3.091884765625000000e+02 2.701226196289062500e+02
2.792306823730468750e+02 2.887174072265625000e+02
2.879808349609375000e+02 2.886578979492187500e+02
2.953421936035156250e+02 2.902994079589843750e+02
2.984183654785156250e+02 2.907251281738281250e+02
2.977052307128906250e+02 2.922384033203125000e+02
2.302829284667968750e+02 2.396568603515625000e+02
2.419988403320312500e+02 2.352447814941406250e+02
2.486885070800781250e+02 2.363417053222656250e+02
2.526188964843750000e+02 2.423616027832031250e+02
2.499345397949218750e+02 2.424518585205078125e+02
2.411659851074218750e+02 2.420425720214843750e+02
2.799696044921875000e+02 2.478179016113281250e+02
2.881288452148437500e+02 2.437240905761718750e+02
2.944702148437500000e+02 2.452194976806640625e+02
2.924186401367187500e+02 2.516879119873046875e+02
2.936451416015625000e+02 2.521541748046875000e+02
2.886658325195312500e+02 2.504248657226562500e+02
2.548406982421875000e+02 3.210019531250000000e+02
2.747483825683593750e+02 3.122389831542968750e+02
2.907516479492187500e+02 3.072232971191406250e+02
2.962595214843750000e+02 3.093336181640625000e+02
3.000435180664062500e+02 3.089600219726562500e+02
3.021715087890625000e+02 3.167918090820312500e+02
2.974842224121093750e+02 3.297936401367187500e+02
3.006466369628906250e+02 3.296934814453125000e+02
3.001655883789062500e+02 3.297749633789062500e+02
2.951183776855468750e+02 3.285209960937500000e+02
2.874641418457031250e+02 3.273015441894531250e+02
2.752090148925781250e+02 3.247388305664062500e+02
2.569073486328125000e+02 3.203728637695312500e+02
2.847061462402343750e+02 3.162345886230468750e+02
2.931257019042968750e+02 3.166593017578125000e+02
2.969329833984375000e+02 3.185156250000000000e+02
2.965422363281250000e+02 3.286564331054687500e+02
2.960397949218750000e+02 3.212907714843750000e+02
2.918397216796875000e+02 3.203021850585937500e+02
2.840693969726562500e+02 3.191661987304687500e+02
