1.522509460449218750e+02 2.589711303710937500e+02
1.581054077148437500e+02 2.820069274902343750e+02
1.632568664550781250e+02 3.044323730468750000e+02
1.697363433837890625e+02 3.248268432617187500e+02
1.835769500732421875e+02 3.463020629882812500e+02
2.076105804443359375e+02 3.627603149414062500e+02
2.355855560302734375e+02 3.724403076171875000e+02
2.646408996582031250e+02 3.814876708984375000e+02
2.854924621582031250e+02 3.901380615234375000e+02
2.896791992187500000e+02 3.927807312011718750e+02
2.778712158203125000e+02 3.919784851074218750e+02
2.634130859375000000e+02 3.889615478515625000e+02
2.505737915039062500e+02 3.775802001953125000e+02
2.420573577880859375e+02 3.588404235839843750e+02
2.381112365722656250e+02 3.397747802734375000e+02
2.357400665283203125e+02 3.189567871093750000e+02
2.318632659912109375e+02 2.966342468261718750e+02
2.258053131103515625e+02 2.171229095458984375e+02
2.413877258300781250e+02 2.088807678222656250e+02
2.557745666503906250e+02 2.075846252441406250e+02
2.668635559082031250e+02 2.105947570800781250e+02
2.750765991210937500e+02 2.157103881835937500e+02
2.951981201171875000e+02 2.240307922363281250e+02
2.968182373046875000e+02 2.240032348632812500e+02
2.969541015625000000e+02 2.272111053466796875e+02
2.948278808593750000e+02 2.345090179443359375e+02
2.884105224609375000e+02 2.475365295410156250e+02
2.905239257812500000e+02 2.418635253906250000e+02
3.017484130859375000e+02 2.532391662597656250e+02
3.141336669921875000e+02 2.636643066406250000e+02
3.185650024414062500e+02 2.744586181640625000e+02
2.873156127929687500e+02 2.899727783203125000e+02
2.956918029785156250e+02 2.908896789550781250e+02
3.020825500488281250e+02 2.935534057617187500e+02
3.038131103515625000e+02 2.948138427734375000e+02
3.017294921875000000e+02 2.967702941894531250e+02
2.439249725341796875e+02 2.361955108642578125e+02
2.555937500000000000e+02 2.330931396484375000e+02
2.607872314453125000e+02 2.353953094482421875e+02
2.627968444824218750e+02 2.423221740722656250e+02
2.615551452636718750e+02 2.415503540039062500e+02
2.541569671630859375e+02 2.397641601562500000e+02
2.835542907714843750e+02 2.528633117675781250e+02
2.908378601074218750e+02 2.500821990966796875e+02
2.956359252929687500e+02 2.527524261474609375e+02
2.914197387695312500e+02 2.596524353027343750e+02
2.943024291992187500e+02 2.595147094726562500e+02
2.911250915527343750e+02 2.566391601562500000e+02
2.622434692382812500e+02 3.188283081054687500e+02
2.821926879882812500e+02 3.122960815429687500e+02
2.973335571289062500e+02 3.093603820800781250e+02
3.018436889648437500e+02 3.123105468750000000e+02
3.046687316894531250e+02 3.127105102539062500e+02
3.037973632812500000e+02 3.216544799804687500e+02
2.956006774902343750e+02 3.351168518066406250e+02
3.016018676757812500e+02 3.341204833984375000e+02
3.029816894531250000e+02 3.333696899414062500e+02
2.994960327148437500e+02 3.310431518554687500e+02
2.930949096679687500e+02 3.286363220214843750e+02
2.817059326171875000e+02 3.246799926757812500e+02
2.639687500000000000e+02 3.185639038085937500e+02
2.906352233886718750e+02 3.176804809570312500e+02
2.979488525390625000e+02 3.193374023437500000e+02
3.002129821777343750e+02 3.221159973144531250e+02
2.950533447265625000e+02 3.337763061523437500e+02
2.992606201171875000e+02 3.247088623046875000e+02
2.964836425781250000e+02 3.227732238769531250e+02
2.897873535156250000e+02 3.205107421875000000e+02
