1.329057159423828125e+02 2.842058105468750000e+02
1.400158996582031250e+02 3.063635253906250000e+02
1.476629180908203125e+02 3.276907958984375000e+02
1.557707519531250000e+02 3.468196716308593750e+02
1.694719238281250000e+02 3.657214965820312500e+02
1.916196746826171875e+02 3.773007202148437500e+02
2.166428070068359375e+02 3.811174316406250000e+02
2.444207916259765625e+02 3.834920959472656250e+02
2.731300659179687500e+02 3.848020019531250000e+02
2.921462097167968750e+02 3.820145263671875000e+02
2.967069702148437500e+02 3.792701110839843750e+02
2.974655761718750000e+02 3.752416992187500000e+02
2.964057617187500000e+02 3.631062622070312500e+02
2.933762817382812500e+02 3.440810546875000000e+02
2.908860473632812500e+02 3.247591247558593750e+02
2.889118652343750000e+02 3.035240478515625000e+02
2.852199401855468750e+02 2.811690673828125000e+02
1.784342956542968750e+02 2.301242828369140625e+02
1.919919891357421875e+02 2.181379547119140625e+02
2.074720611572265625e+02 2.127662200927734375e+02
2.213177185058593750e+02 2.122322540283203125e+02
2.331340942382812500e+02 2.143776397705078125e+02
2.715289916992187500e+02 2.123898773193359375e+02
2.790335693359375000e+02 2.101713562011718750e+02
2.869969482421875000e+02 2.111237792968750000e+02
2.946419982910156250e+02 2.163381652832031250e+02
2.988217773437500000e+02 2.283828430175781250e+02
2.579813232421875000e+02 2.348725280761718750e+02
2.654530029296875000e+02 2.449959259033203125e+02
2.734206542968750000e+02 2.540302276611328125e+02
2.770675048828125000e+02 2.643941650390625000e+02
2.527648010253906250e+02 2.865026245117187500e+02
2.613352966308593750e+02 2.852526855468750000e+02
2.701325378417968750e+02 2.856677856445312500e+02
2.763521728515625000e+02 2.851856689453125000e+02
2.792539062500000000e+02 2.862583618164062500e+02
2.005027008056640625e+02 2.441889495849609375e+02
2.111986083984375000e+02 2.382524719238281250e+02
2.208773956298828125e+02 2.379704589843750000e+02
2.288138885498046875e+02 2.428961791992187500e+02
2.226211547851562500e+02 2.439020385742187500e+02
2.114133758544921875e+02 2.450841522216796875e+02
2.695630187988281250e+02 2.425445556640625000e+02
2.793717041015625000e+02 2.370131988525390625e+02
2.888355712890625000e+02 2.371622467041015625e+02
2.922093505859375000e+02 2.431551208496093750e+02
2.887874145507812500e+02 2.441731109619140625e+02
2.798316345214843750e+02 2.437296142578125000e+02
2.302675170898437500e+02 3.222667846679687500e+02
2.482435302734375000e+02 3.109292907714843750e+02
2.648891601562500000e+02 3.035292358398437500e+02
2.721099243164062500e+02 3.046337585449218750e+02
2.779861450195312500e+02 3.034066162109375000e+02
2.870710754394531250e+02 3.099610900878906250e+02
2.911119079589843750e+02 3.224212036132812500e+02
2.862531738281250000e+02 3.231169738769531250e+02
2.808457641601562500e+02 3.240261230468750000e+02
2.724273986816406250e+02 3.239796447753906250e+02
2.625781250000000000e+02 3.241494140625000000e+02
2.499232482910156250e+02 3.233234252929687500e+02
2.330311889648437500e+02 3.212352905273437500e+02
2.605070190429687500e+02 3.132306518554687500e+02
2.707033996582031250e+02 3.122148437500000000e+02
2.779401855468750000e+02 3.130343017578125000e+02
2.893549804687500000e+02 3.215274658203125000e+02
2.770479125976562500e+02 3.159660644531250000e+02
2.697059326171875000e+02 3.160348205566406250e+02
2.602276000976562500e+02 3.162300415039062500e+02
