6.100000000000000000e+01 5.400000000000000000e+01
6.100000000000000000e+01 7.300000000000000000e+01
6.400000000000000000e+01 8.800000000000000000e+01
6.400000000000000000e+01 1.010000000000000000e+02
6.600000000000000000e+01 1.160000000000000000e+02
6.800000000000000000e+01 1.320000000000000000e+02
7.000000000000000000e+01 1.400000000000000000e+02
7.700000000000000000e+01 1.530000000000000000e+02
9.200000000000000000e+01 1.600000000000000000e+02
1.130000000000000000e+02 1.550000000000000000e+02
1.330000000000000000e+02 1.450000000000000000e+02
1.480000000000000000e+02 1.360000000000000000e+02
1.610000000000000000e+02 1.230000000000000000e+02
1.670000000000000000e+02 1.080000000000000000e+02
1.720000000000000000e+02 9.300000000000000000e+01
1.760000000000000000e+02 8.000000000000000000e+01
1.800000000000000000e+02 6.200000000000000000e+01
5.100000000000000000e+01 4.300000000000000000e+01
5.300000000000000000e+01 3.900000000000000000e+01
5.900000000000000000e+01 3.900000000000000000e+01
6.600000000000000000e+01 4.100000000000000000e+01
7.400000000000000000e+01 4.500000000000000000e+01
1.050000000000000000e+02 4.300000000000000000e+01
1.130000000000000000e+02 4.100000000000000000e+01
1.220000000000000000e+02 4.100000000000000000e+01
1.350000000000000000e+02 4.300000000000000000e+01
1.460000000000000000e+02 4.900000000000000000e+01
8.700000000000000000e+01 6.500000000000000000e+01
8.500000000000000000e+01 7.800000000000000000e+01
8.300000000000000000e+01 8.800000000000000000e+01
8.300000000000000000e+01 9.700000000000000000e+01
7.900000000000000000e+01 9.900000000000000000e+01
8.300000000000000000e+01 1.010000000000000000e+02
8.700000000000000000e+01 1.010000000000000000e+02
9.600000000000000000e+01 1.010000000000000000e+02
1.000000000000000000e+02 9.900000000000000000e+01
5.900000000000000000e+01 5.800000000000000000e+01
6.100000000000000000e+01 5.800000000000000000e+01
7.000000000000000000e+01 5.800000000000000000e+01
7.700000000000000000e+01 6.200000000000000000e+01
7.000000000000000000e+01 6.500000000000000000e+01
6.400000000000000000e+01 6.200000000000000000e+01
1.090000000000000000e+02 6.500000000000000000e+01
1.150000000000000000e+02 6.000000000000000000e+01
1.220000000000000000e+02 6.000000000000000000e+01
1.310000000000000000e+02 6.200000000000000000e+01
1.240000000000000000e+02 6.700000000000000000e+01
1.150000000000000000e+02 6.700000000000000000e+01
7.000000000000000000e+01 1.160000000000000000e+02
7.400000000000000000e+01 1.120000000000000000e+02
8.300000000000000000e+01 1.080000000000000000e+02
8.700000000000000000e+01 1.100000000000000000e+02
9.400000000000000000e+01 1.100000000000000000e+02
1.090000000000000000e+02 1.120000000000000000e+02
1.220000000000000000e+02 1.160000000000000000e+02
1.090000000000000000e+02 1.270000000000000000e+02
9.800000000000000000e+01 1.340000000000000000e+02
8.900000000000000000e+01 1.340000000000000000e+02
8.100000000000000000e+01 1.320000000000000000e+02
7.700000000000000000e+01 1.270000000000000000e+02
7.200000000000000000e+01 1.160000000000000000e+02
8.300000000000000000e+01 1.140000000000000000e+02
8.900000000000000000e+01 1.140000000000000000e+02
9.800000000000000000e+01 1.140000000000000000e+02
1.200000000000000000e+02 1.160000000000000000e+02
9.800000000000000000e+01 1.250000000000000000e+02
8.900000000000000000e+01 1.250000000000000000e+02
8.300000000000000000e+01 1.230000000000000000e+02
