6.500000000000000000e+01 5.600000000000000000e+01
6.800000000000000000e+01 7.300000000000000000e+01
7.000000000000000000e+01 8.800000000000000000e+01
7.200000000000000000e+01 1.020000000000000000e+02
7.400000000000000000e+01 1.170000000000000000e+02
7.800000000000000000e+01 1.320000000000000000e+02
8.000000000000000000e+01 1.430000000000000000e+02
8.500000000000000000e+01 1.530000000000000000e+02
9.900000000000000000e+01 1.600000000000000000e+02
1.190000000000000000e+02 1.550000000000000000e+02
1.360000000000000000e+02 1.450000000000000000e+02
1.500000000000000000e+02 1.340000000000000000e+02
1.610000000000000000e+02 1.190000000000000000e+02
1.670000000000000000e+02 1.020000000000000000e+02
1.720000000000000000e+02 8.800000000000000000e+01
1.740000000000000000e+02 7.300000000000000000e+01
1.760000000000000000e+02 5.600000000000000000e+01
5.300000000000000000e+01 4.700000000000000000e+01
5.500000000000000000e+01 4.500000000000000000e+01
5.900000000000000000e+01 4.500000000000000000e+01
6.500000000000000000e+01 4.700000000000000000e+01
7.200000000000000000e+01 4.900000000000000000e+01
9.900000000000000000e+01 4.900000000000000000e+01
1.080000000000000000e+02 4.700000000000000000e+01
1.160000000000000000e+02 4.500000000000000000e+01
1.290000000000000000e+02 4.500000000000000000e+01
1.400000000000000000e+02 4.900000000000000000e+01
8.700000000000000000e+01 6.600000000000000000e+01
8.700000000000000000e+01 7.900000000000000000e+01
8.200000000000000000e+01 9.000000000000000000e+01
8.200000000000000000e+01 9.800000000000000000e+01
8.000000000000000000e+01 1.000000000000000000e+02
8.500000000000000000e+01 1.020000000000000000e+02
8.900000000000000000e+01 1.050000000000000000e+02
9.500000000000000000e+01 1.020000000000000000e+02
9.900000000000000000e+01 1.020000000000000000e+02
6.100000000000000000e+01 6.200000000000000000e+01
6.300000000000000000e+01 6.000000000000000000e+01
7.000000000000000000e+01 6.000000000000000000e+01
7.800000000000000000e+01 6.400000000000000000e+01
7.200000000000000000e+01 6.600000000000000000e+01
6.500000000000000000e+01 6.600000000000000000e+01
1.080000000000000000e+02 6.400000000000000000e+01
1.120000000000000000e+02 6.000000000000000000e+01
1.190000000000000000e+02 6.000000000000000000e+01
1.290000000000000000e+02 6.200000000000000000e+01
1.210000000000000000e+02 6.600000000000000000e+01
1.120000000000000000e+02 6.600000000000000000e+01
7.600000000000000000e+01 1.220000000000000000e+02
7.800000000000000000e+01 1.170000000000000000e+02
8.200000000000000000e+01 1.130000000000000000e+02
8.900000000000000000e+01 1.150000000000000000e+02
9.300000000000000000e+01 1.150000000000000000e+02
1.040000000000000000e+02 1.190000000000000000e+02
1.140000000000000000e+02 1.240000000000000000e+02
1.040000000000000000e+02 1.300000000000000000e+02
9.700000000000000000e+01 1.340000000000000000e+02
9.100000000000000000e+01 1.340000000000000000e+02
8.500000000000000000e+01 1.340000000000000000e+02
8.000000000000000000e+01 1.300000000000000000e+02
7.800000000000000000e+01 1.220000000000000000e+02
8.500000000000000000e+01 1.190000000000000000e+02
8.900000000000000000e+01 1.190000000000000000e+02
9.500000000000000000e+01 1.220000000000000000e+02
1.140000000000000000e+02 1.240000000000000000e+02
9.500000000000000000e+01 1.260000000000000000e+02
9.100000000000000000e+01 1.260000000000000000e+02
8.500000000000000000e+01 1.260000000000000000e+02
