8.200000000000000000e+01 4.900000000000000000e+01
8.000000000000000000e+01 6.600000000000000000e+01
7.600000000000000000e+01 8.100000000000000000e+01
7.400000000000000000e+01 9.600000000000000000e+01
7.200000000000000000e+01 1.110000000000000000e+02
7.000000000000000000e+01 1.260000000000000000e+02
6.700000000000000000e+01 1.360000000000000000e+02
7.200000000000000000e+01 1.470000000000000000e+02
8.400000000000000000e+01 1.580000000000000000e+02
1.040000000000000000e+02 1.580000000000000000e+02
1.250000000000000000e+02 1.530000000000000000e+02
1.420000000000000000e+02 1.470000000000000000e+02
1.590000000000000000e+02 1.360000000000000000e+02
1.700000000000000000e+02 1.210000000000000000e+02
1.760000000000000000e+02 1.080000000000000000e+02
1.830000000000000000e+02 9.300000000000000000e+01
1.890000000000000000e+02 7.600000000000000000e+01
6.700000000000000000e+01 3.600000000000000000e+01
7.000000000000000000e+01 3.400000000000000000e+01
7.400000000000000000e+01 3.600000000000000000e+01
8.000000000000000000e+01 4.000000000000000000e+01
8.400000000000000000e+01 4.400000000000000000e+01
1.120000000000000000e+02 5.300000000000000000e+01
1.190000000000000000e+02 5.300000000000000000e+01
1.290000000000000000e+02 5.300000000000000000e+01
1.420000000000000000e+02 5.700000000000000000e+01
1.530000000000000000e+02 6.400000000000000000e+01
9.300000000000000000e+01 6.400000000000000000e+01
8.900000000000000000e+01 7.400000000000000000e+01
8.400000000000000000e+01 8.300000000000000000e+01
8.200000000000000000e+01 9.100000000000000000e+01
8.000000000000000000e+01 9.300000000000000000e+01
8.200000000000000000e+01 9.600000000000000000e+01
8.700000000000000000e+01 9.800000000000000000e+01
9.500000000000000000e+01 9.800000000000000000e+01
9.900000000000000000e+01 9.800000000000000000e+01
7.200000000000000000e+01 5.300000000000000000e+01
7.400000000000000000e+01 5.300000000000000000e+01
8.000000000000000000e+01 5.500000000000000000e+01
8.700000000000000000e+01 5.900000000000000000e+01
8.000000000000000000e+01 5.900000000000000000e+01
7.400000000000000000e+01 5.700000000000000000e+01
1.170000000000000000e+02 6.800000000000000000e+01
1.230000000000000000e+02 6.600000000000000000e+01
1.290000000000000000e+02 6.800000000000000000e+01
1.360000000000000000e+02 7.200000000000000000e+01
1.290000000000000000e+02 7.200000000000000000e+01
1.210000000000000000e+02 7.000000000000000000e+01
7.200000000000000000e+01 1.110000000000000000e+02
7.400000000000000000e+01 1.060000000000000000e+02
8.200000000000000000e+01 1.040000000000000000e+02
8.700000000000000000e+01 1.060000000000000000e+02
9.100000000000000000e+01 1.060000000000000000e+02
1.040000000000000000e+02 1.150000000000000000e+02
1.170000000000000000e+02 1.210000000000000000e+02
1.020000000000000000e+02 1.300000000000000000e+02
9.300000000000000000e+01 1.320000000000000000e+02
8.400000000000000000e+01 1.300000000000000000e+02
7.800000000000000000e+01 1.280000000000000000e+02
7.400000000000000000e+01 1.210000000000000000e+02
7.400000000000000000e+01 1.110000000000000000e+02
8.000000000000000000e+01 1.110000000000000000e+02
8.700000000000000000e+01 1.110000000000000000e+02
9.500000000000000000e+01 1.130000000000000000e+02
1.140000000000000000e+02 1.210000000000000000e+02
9.300000000000000000e+01 1.230000000000000000e+02
8.700000000000000000e+01 1.210000000000000000e+02
8.000000000000000000e+01 1.190000000000000000e+02
