6.500000000000000000e+01 5.000000000000000000e+01
6.500000000000000000e+01 6.800000000000000000e+01
6.900000000000000000e+01 8.300000000000000000e+01
6.900000000000000000e+01 9.800000000000000000e+01
7.100000000000000000e+01 1.130000000000000000e+02
7.400000000000000000e+01 1.270000000000000000e+02
7.800000000000000000e+01 1.400000000000000000e+02
8.400000000000000000e+01 1.510000000000000000e+02
1.010000000000000000e+02 1.570000000000000000e+02
1.210000000000000000e+02 1.510000000000000000e+02
1.380000000000000000e+02 1.400000000000000000e+02
1.530000000000000000e+02 1.300000000000000000e+02
1.640000000000000000e+02 1.170000000000000000e+02
1.700000000000000000e+02 1.000000000000000000e+02
1.740000000000000000e+02 8.500000000000000000e+01
1.780000000000000000e+02 7.000000000000000000e+01
1.810000000000000000e+02 5.300000000000000000e+01
5.200000000000000000e+01 4.000000000000000000e+01
5.400000000000000000e+01 3.500000000000000000e+01
6.100000000000000000e+01 3.500000000000000000e+01
6.700000000000000000e+01 3.800000000000000000e+01
7.400000000000000000e+01 4.000000000000000000e+01
1.060000000000000000e+02 4.000000000000000000e+01
1.120000000000000000e+02 3.800000000000000000e+01
1.230000000000000000e+02 3.500000000000000000e+01
1.340000000000000000e+02 3.500000000000000000e+01
1.440000000000000000e+02 4.200000000000000000e+01
9.100000000000000000e+01 6.300000000000000000e+01
8.900000000000000000e+01 7.400000000000000000e+01
8.600000000000000000e+01 8.500000000000000000e+01
8.600000000000000000e+01 9.300000000000000000e+01
8.200000000000000000e+01 9.800000000000000000e+01
8.600000000000000000e+01 9.800000000000000000e+01
9.300000000000000000e+01 1.000000000000000000e+02
9.900000000000000000e+01 9.800000000000000000e+01
1.040000000000000000e+02 9.800000000000000000e+01
6.100000000000000000e+01 5.700000000000000000e+01
6.300000000000000000e+01 5.500000000000000000e+01
7.100000000000000000e+01 5.700000000000000000e+01
8.000000000000000000e+01 5.900000000000000000e+01
7.100000000000000000e+01 6.100000000000000000e+01
6.500000000000000000e+01 6.100000000000000000e+01
1.120000000000000000e+02 6.100000000000000000e+01
1.160000000000000000e+02 5.700000000000000000e+01
1.250000000000000000e+02 5.700000000000000000e+01
1.310000000000000000e+02 5.900000000000000000e+01
1.250000000000000000e+02 6.300000000000000000e+01
1.160000000000000000e+02 6.300000000000000000e+01
7.600000000000000000e+01 1.150000000000000000e+02
7.800000000000000000e+01 1.100000000000000000e+02
8.600000000000000000e+01 1.060000000000000000e+02
9.300000000000000000e+01 1.080000000000000000e+02
9.700000000000000000e+01 1.060000000000000000e+02
1.120000000000000000e+02 1.100000000000000000e+02
1.250000000000000000e+02 1.150000000000000000e+02
1.120000000000000000e+02 1.250000000000000000e+02
1.040000000000000000e+02 1.300000000000000000e+02
9.500000000000000000e+01 1.320000000000000000e+02
8.600000000000000000e+01 1.300000000000000000e+02
8.200000000000000000e+01 1.250000000000000000e+02
7.800000000000000000e+01 1.150000000000000000e+02
8.600000000000000000e+01 1.100000000000000000e+02
9.300000000000000000e+01 1.100000000000000000e+02
1.010000000000000000e+02 1.130000000000000000e+02
1.230000000000000000e+02 1.150000000000000000e+02
1.010000000000000000e+02 1.210000000000000000e+02
9.500000000000000000e+01 1.230000000000000000e+02
8.900000000000000000e+01 1.210000000000000000e+02
