6.600000000000000000e+01 5.200000000000000000e+01
6.600000000000000000e+01 6.900000000000000000e+01
7.000000000000000000e+01 8.400000000000000000e+01
7.000000000000000000e+01 9.900000000000000000e+01
7.200000000000000000e+01 1.140000000000000000e+02
7.400000000000000000e+01 1.290000000000000000e+02
7.600000000000000000e+01 1.400000000000000000e+02
8.500000000000000000e+01 1.510000000000000000e+02
1.000000000000000000e+02 1.570000000000000000e+02
1.190000000000000000e+02 1.530000000000000000e+02
1.390000000000000000e+02 1.420000000000000000e+02
1.540000000000000000e+02 1.330000000000000000e+02
1.640000000000000000e+02 1.180000000000000000e+02
1.710000000000000000e+02 1.030000000000000000e+02
1.750000000000000000e+02 8.800000000000000000e+01
1.790000000000000000e+02 7.300000000000000000e+01
1.820000000000000000e+02 5.600000000000000000e+01
5.500000000000000000e+01 3.900000000000000000e+01
5.700000000000000000e+01 3.500000000000000000e+01
6.400000000000000000e+01 3.500000000000000000e+01
7.000000000000000000e+01 3.700000000000000000e+01
7.600000000000000000e+01 3.900000000000000000e+01
1.070000000000000000e+02 3.900000000000000000e+01
1.150000000000000000e+02 3.700000000000000000e+01
1.260000000000000000e+02 3.500000000000000000e+01
1.370000000000000000e+02 3.700000000000000000e+01
1.470000000000000000e+02 4.300000000000000000e+01
9.200000000000000000e+01 6.300000000000000000e+01
8.900000000000000000e+01 7.500000000000000000e+01
8.700000000000000000e+01 8.600000000000000000e+01
8.700000000000000000e+01 9.500000000000000000e+01
8.300000000000000000e+01 9.700000000000000000e+01
8.700000000000000000e+01 9.900000000000000000e+01
9.200000000000000000e+01 9.900000000000000000e+01
1.000000000000000000e+02 9.900000000000000000e+01
1.040000000000000000e+02 9.700000000000000000e+01
6.400000000000000000e+01 5.600000000000000000e+01
6.600000000000000000e+01 5.400000000000000000e+01
7.200000000000000000e+01 5.600000000000000000e+01
8.100000000000000000e+01 6.000000000000000000e+01
7.400000000000000000e+01 6.000000000000000000e+01
6.600000000000000000e+01 6.000000000000000000e+01
1.130000000000000000e+02 6.000000000000000000e+01
1.190000000000000000e+02 5.800000000000000000e+01
1.260000000000000000e+02 5.800000000000000000e+01
1.340000000000000000e+02 6.000000000000000000e+01
1.260000000000000000e+02 6.500000000000000000e+01
1.190000000000000000e+02 6.300000000000000000e+01
7.600000000000000000e+01 1.140000000000000000e+02
7.900000000000000000e+01 1.100000000000000000e+02
8.700000000000000000e+01 1.050000000000000000e+02
9.400000000000000000e+01 1.080000000000000000e+02
9.800000000000000000e+01 1.080000000000000000e+02
1.130000000000000000e+02 1.100000000000000000e+02
1.260000000000000000e+02 1.140000000000000000e+02
1.130000000000000000e+02 1.250000000000000000e+02
1.040000000000000000e+02 1.310000000000000000e+02
9.400000000000000000e+01 1.310000000000000000e+02
8.700000000000000000e+01 1.290000000000000000e+02
8.100000000000000000e+01 1.250000000000000000e+02
7.900000000000000000e+01 1.140000000000000000e+02
8.700000000000000000e+01 1.120000000000000000e+02
9.400000000000000000e+01 1.120000000000000000e+02
1.020000000000000000e+02 1.120000000000000000e+02
1.240000000000000000e+02 1.140000000000000000e+02
1.020000000000000000e+02 1.230000000000000000e+02
9.600000000000000000e+01 1.230000000000000000e+02
8.700000000000000000e+01 1.200000000000000000e+02
