6.200000000000000000e+01 5.300000000000000000e+01
6.200000000000000000e+01 7.200000000000000000e+01
6.400000000000000000e+01 8.700000000000000000e+01
6.400000000000000000e+01 1.000000000000000000e+02
6.600000000000000000e+01 1.150000000000000000e+02
6.800000000000000000e+01 1.280000000000000000e+02
7.000000000000000000e+01 1.390000000000000000e+02
7.700000000000000000e+01 1.520000000000000000e+02
9.200000000000000000e+01 1.580000000000000000e+02
1.130000000000000000e+02 1.540000000000000000e+02
1.330000000000000000e+02 1.430000000000000000e+02
1.480000000000000000e+02 1.350000000000000000e+02
1.610000000000000000e+02 1.220000000000000000e+02
1.670000000000000000e+02 1.070000000000000000e+02
1.710000000000000000e+02 9.200000000000000000e+01
1.760000000000000000e+02 7.600000000000000000e+01
1.800000000000000000e+02 5.900000000000000000e+01
5.100000000000000000e+01 4.200000000000000000e+01
5.300000000000000000e+01 3.800000000000000000e+01
5.900000000000000000e+01 3.800000000000000000e+01
6.600000000000000000e+01 3.800000000000000000e+01
7.200000000000000000e+01 4.200000000000000000e+01
1.050000000000000000e+02 4.200000000000000000e+01
1.130000000000000000e+02 4.000000000000000000e+01
1.220000000000000000e+02 3.800000000000000000e+01
1.350000000000000000e+02 4.000000000000000000e+01
1.450000000000000000e+02 4.600000000000000000e+01
8.700000000000000000e+01 6.400000000000000000e+01
8.500000000000000000e+01 7.600000000000000000e+01
8.300000000000000000e+01 8.700000000000000000e+01
8.300000000000000000e+01 9.400000000000000000e+01
7.900000000000000000e+01 9.800000000000000000e+01
8.300000000000000000e+01 9.800000000000000000e+01
8.700000000000000000e+01 1.000000000000000000e+02
9.600000000000000000e+01 1.000000000000000000e+02
1.000000000000000000e+02 9.800000000000000000e+01
5.900000000000000000e+01 5.700000000000000000e+01
6.200000000000000000e+01 5.500000000000000000e+01
7.000000000000000000e+01 5.700000000000000000e+01
7.700000000000000000e+01 6.100000000000000000e+01
7.000000000000000000e+01 6.100000000000000000e+01
6.400000000000000000e+01 6.100000000000000000e+01
1.090000000000000000e+02 6.100000000000000000e+01
1.150000000000000000e+02 5.900000000000000000e+01
1.220000000000000000e+02 5.900000000000000000e+01
1.300000000000000000e+02 6.100000000000000000e+01
1.240000000000000000e+02 6.600000000000000000e+01
1.150000000000000000e+02 6.400000000000000000e+01
7.200000000000000000e+01 1.130000000000000000e+02
7.400000000000000000e+01 1.090000000000000000e+02
8.300000000000000000e+01 1.070000000000000000e+02
8.700000000000000000e+01 1.090000000000000000e+02
9.400000000000000000e+01 1.070000000000000000e+02
1.090000000000000000e+02 1.110000000000000000e+02
1.220000000000000000e+02 1.150000000000000000e+02
1.090000000000000000e+02 1.260000000000000000e+02
9.800000000000000000e+01 1.300000000000000000e+02
9.000000000000000000e+01 1.320000000000000000e+02
8.100000000000000000e+01 1.300000000000000000e+02
7.700000000000000000e+01 1.240000000000000000e+02
7.200000000000000000e+01 1.130000000000000000e+02
8.300000000000000000e+01 1.110000000000000000e+02
9.000000000000000000e+01 1.130000000000000000e+02
9.800000000000000000e+01 1.130000000000000000e+02
1.200000000000000000e+02 1.150000000000000000e+02
9.800000000000000000e+01 1.220000000000000000e+02
9.000000000000000000e+01 1.240000000000000000e+02
8.300000000000000000e+01 1.220000000000000000e+02
