6.400000000000000000e+01 5.300000000000000000e+01
6.400000000000000000e+01 7.300000000000000000e+01
6.600000000000000000e+01 8.800000000000000000e+01
6.800000000000000000e+01 1.000000000000000000e+02
6.800000000000000000e+01 1.160000000000000000e+02
7.000000000000000000e+01 1.310000000000000000e+02
7.200000000000000000e+01 1.390000000000000000e+02
8.100000000000000000e+01 1.500000000000000000e+02
9.600000000000000000e+01 1.590000000000000000e+02
1.150000000000000000e+02 1.520000000000000000e+02
1.350000000000000000e+02 1.440000000000000000e+02
1.500000000000000000e+02 1.330000000000000000e+02
1.630000000000000000e+02 1.200000000000000000e+02
1.690000000000000000e+02 1.050000000000000000e+02
1.730000000000000000e+02 9.200000000000000000e+01
1.780000000000000000e+02 7.700000000000000000e+01
1.820000000000000000e+02 6.000000000000000000e+01
5.300000000000000000e+01 4.000000000000000000e+01
5.500000000000000000e+01 3.600000000000000000e+01
6.100000000000000000e+01 3.600000000000000000e+01
6.800000000000000000e+01 3.800000000000000000e+01
7.400000000000000000e+01 4.000000000000000000e+01
1.040000000000000000e+02 4.000000000000000000e+01
1.130000000000000000e+02 3.800000000000000000e+01
1.240000000000000000e+02 3.600000000000000000e+01
1.350000000000000000e+02 3.800000000000000000e+01
1.450000000000000000e+02 4.700000000000000000e+01
8.900000000000000000e+01 6.200000000000000000e+01
8.700000000000000000e+01 7.500000000000000000e+01
8.500000000000000000e+01 8.500000000000000000e+01
8.500000000000000000e+01 9.400000000000000000e+01
8.100000000000000000e+01 9.600000000000000000e+01
8.500000000000000000e+01 9.800000000000000000e+01
8.900000000000000000e+01 1.000000000000000000e+02
9.800000000000000000e+01 9.800000000000000000e+01
1.020000000000000000e+02 9.800000000000000000e+01
6.100000000000000000e+01 5.700000000000000000e+01
6.400000000000000000e+01 5.500000000000000000e+01
7.200000000000000000e+01 5.700000000000000000e+01
7.900000000000000000e+01 6.000000000000000000e+01
7.200000000000000000e+01 6.200000000000000000e+01
6.600000000000000000e+01 6.200000000000000000e+01
1.110000000000000000e+02 6.200000000000000000e+01
1.170000000000000000e+02 5.700000000000000000e+01
1.240000000000000000e+02 5.700000000000000000e+01
1.320000000000000000e+02 6.200000000000000000e+01
1.240000000000000000e+02 6.400000000000000000e+01
1.170000000000000000e+02 6.400000000000000000e+01
7.400000000000000000e+01 1.130000000000000000e+02
7.700000000000000000e+01 1.090000000000000000e+02
8.500000000000000000e+01 1.070000000000000000e+02
9.200000000000000000e+01 1.070000000000000000e+02
9.600000000000000000e+01 1.070000000000000000e+02
1.110000000000000000e+02 1.110000000000000000e+02
1.240000000000000000e+02 1.160000000000000000e+02
1.110000000000000000e+02 1.260000000000000000e+02
1.000000000000000000e+02 1.310000000000000000e+02
9.200000000000000000e+01 1.310000000000000000e+02
8.500000000000000000e+01 1.280000000000000000e+02
7.900000000000000000e+01 1.240000000000000000e+02
7.700000000000000000e+01 1.130000000000000000e+02
8.500000000000000000e+01 1.110000000000000000e+02
9.200000000000000000e+01 1.110000000000000000e+02
1.000000000000000000e+02 1.110000000000000000e+02
1.220000000000000000e+02 1.160000000000000000e+02
1.000000000000000000e+02 1.220000000000000000e+02
9.200000000000000000e+01 1.220000000000000000e+02
8.500000000000000000e+01 1.220000000000000000e+02
