8.700000000000000000e+01 3.900000000000000000e+01
8.200000000000000000e+01 5.700000000000000000e+01
8.000000000000000000e+01 7.200000000000000000e+01
7.600000000000000000e+01 8.500000000000000000e+01
7.100000000000000000e+01 1.020000000000000000e+02
6.900000000000000000e+01 1.170000000000000000e+02
6.700000000000000000e+01 1.300000000000000000e+02
7.100000000000000000e+01 1.430000000000000000e+02
8.500000000000000000e+01 1.560000000000000000e+02
1.060000000000000000e+02 1.560000000000000000e+02
1.260000000000000000e+02 1.540000000000000000e+02
1.450000000000000000e+02 1.480000000000000000e+02
1.630000000000000000e+02 1.390000000000000000e+02
1.740000000000000000e+02 1.260000000000000000e+02
1.820000000000000000e+02 1.130000000000000000e+02
1.890000000000000000e+02 9.800000000000000000e+01
1.970000000000000000e+02 8.300000000000000000e+01
7.600000000000000000e+01 3.000000000000000000e+01
7.800000000000000000e+01 3.000000000000000000e+01
8.500000000000000000e+01 3.500000000000000000e+01
8.900000000000000000e+01 4.100000000000000000e+01
9.500000000000000000e+01 4.600000000000000000e+01
1.240000000000000000e+02 5.700000000000000000e+01
1.320000000000000000e+02 5.700000000000000000e+01
1.410000000000000000e+02 5.900000000000000000e+01
1.520000000000000000e+02 6.300000000000000000e+01
1.630000000000000000e+02 7.000000000000000000e+01
1.040000000000000000e+02 6.700000000000000000e+01
9.800000000000000000e+01 7.800000000000000000e+01
9.300000000000000000e+01 8.700000000000000000e+01
9.100000000000000000e+01 9.300000000000000000e+01
8.700000000000000000e+01 9.300000000000000000e+01
8.900000000000000000e+01 9.600000000000000000e+01
9.500000000000000000e+01 1.000000000000000000e+02
1.020000000000000000e+02 1.000000000000000000e+02
1.060000000000000000e+02 1.000000000000000000e+02
8.000000000000000000e+01 5.000000000000000000e+01
8.200000000000000000e+01 5.200000000000000000e+01
8.900000000000000000e+01 5.400000000000000000e+01
9.500000000000000000e+01 6.100000000000000000e+01
8.900000000000000000e+01 5.900000000000000000e+01
8.200000000000000000e+01 5.700000000000000000e+01
1.260000000000000000e+02 7.200000000000000000e+01
1.320000000000000000e+02 7.000000000000000000e+01
1.390000000000000000e+02 7.400000000000000000e+01
1.450000000000000000e+02 7.600000000000000000e+01
1.390000000000000000e+02 7.800000000000000000e+01
1.300000000000000000e+02 7.400000000000000000e+01
7.600000000000000000e+01 1.070000000000000000e+02
7.800000000000000000e+01 1.040000000000000000e+02
8.900000000000000000e+01 1.040000000000000000e+02
9.300000000000000000e+01 1.070000000000000000e+02
9.800000000000000000e+01 1.090000000000000000e+02
1.110000000000000000e+02 1.150000000000000000e+02
1.210000000000000000e+02 1.220000000000000000e+02
1.060000000000000000e+02 1.300000000000000000e+02
9.800000000000000000e+01 1.330000000000000000e+02
8.700000000000000000e+01 1.300000000000000000e+02
8.000000000000000000e+01 1.260000000000000000e+02
7.800000000000000000e+01 1.200000000000000000e+02
7.800000000000000000e+01 1.070000000000000000e+02
8.700000000000000000e+01 1.090000000000000000e+02
9.300000000000000000e+01 1.110000000000000000e+02
1.000000000000000000e+02 1.150000000000000000e+02
1.210000000000000000e+02 1.220000000000000000e+02
9.800000000000000000e+01 1.240000000000000000e+02
9.100000000000000000e+01 1.220000000000000000e+02
8.500000000000000000e+01 1.200000000000000000e+02
