6.600000000000000000e+01 5.000000000000000000e+01
6.600000000000000000e+01 6.700000000000000000e+01
7.100000000000000000e+01 8.200000000000000000e+01
7.100000000000000000e+01 9.700000000000000000e+01
7.300000000000000000e+01 1.110000000000000000e+02
7.500000000000000000e+01 1.260000000000000000e+02
7.900000000000000000e+01 1.390000000000000000e+02
8.500000000000000000e+01 1.500000000000000000e+02
1.020000000000000000e+02 1.560000000000000000e+02
1.210000000000000000e+02 1.520000000000000000e+02
1.380000000000000000e+02 1.390000000000000000e+02
1.530000000000000000e+02 1.280000000000000000e+02
1.660000000000000000e+02 1.160000000000000000e+02
1.720000000000000000e+02 9.900000000000000000e+01
1.770000000000000000e+02 8.400000000000000000e+01
1.790000000000000000e+02 6.900000000000000000e+01
1.810000000000000000e+02 5.200000000000000000e+01
5.600000000000000000e+01 3.900000000000000000e+01
5.600000000000000000e+01 3.500000000000000000e+01
6.200000000000000000e+01 3.500000000000000000e+01
6.800000000000000000e+01 3.700000000000000000e+01
7.500000000000000000e+01 3.900000000000000000e+01
1.070000000000000000e+02 3.900000000000000000e+01
1.150000000000000000e+02 3.500000000000000000e+01
1.240000000000000000e+02 3.500000000000000000e+01
1.360000000000000000e+02 3.500000000000000000e+01
1.470000000000000000e+02 4.400000000000000000e+01
9.200000000000000000e+01 6.300000000000000000e+01
9.000000000000000000e+01 7.500000000000000000e+01
8.800000000000000000e+01 8.600000000000000000e+01
8.800000000000000000e+01 9.400000000000000000e+01
8.300000000000000000e+01 9.700000000000000000e+01
8.800000000000000000e+01 9.900000000000000000e+01
9.400000000000000000e+01 9.900000000000000000e+01
1.000000000000000000e+02 9.900000000000000000e+01
1.050000000000000000e+02 9.700000000000000000e+01
6.400000000000000000e+01 5.600000000000000000e+01
6.600000000000000000e+01 5.400000000000000000e+01
7.300000000000000000e+01 5.600000000000000000e+01
8.100000000000000000e+01 5.800000000000000000e+01
7.500000000000000000e+01 6.000000000000000000e+01
6.600000000000000000e+01 6.000000000000000000e+01
1.130000000000000000e+02 6.000000000000000000e+01
1.190000000000000000e+02 5.800000000000000000e+01
1.260000000000000000e+02 5.600000000000000000e+01
1.340000000000000000e+02 6.000000000000000000e+01
1.260000000000000000e+02 6.300000000000000000e+01
1.190000000000000000e+02 6.300000000000000000e+01
7.700000000000000000e+01 1.130000000000000000e+02
7.900000000000000000e+01 1.090000000000000000e+02
8.800000000000000000e+01 1.050000000000000000e+02
9.400000000000000000e+01 1.070000000000000000e+02
9.800000000000000000e+01 1.050000000000000000e+02
1.130000000000000000e+02 1.090000000000000000e+02
1.260000000000000000e+02 1.130000000000000000e+02
1.130000000000000000e+02 1.240000000000000000e+02
1.050000000000000000e+02 1.300000000000000000e+02
9.600000000000000000e+01 1.300000000000000000e+02
8.800000000000000000e+01 1.300000000000000000e+02
8.100000000000000000e+01 1.240000000000000000e+02
7.900000000000000000e+01 1.130000000000000000e+02
8.800000000000000000e+01 1.110000000000000000e+02
9.400000000000000000e+01 1.110000000000000000e+02
1.020000000000000000e+02 1.110000000000000000e+02
1.240000000000000000e+02 1.130000000000000000e+02
1.020000000000000000e+02 1.220000000000000000e+02
9.600000000000000000e+01 1.220000000000000000e+02
8.800000000000000000e+01 1.220000000000000000e+02
