8.700000000000000000e+01 4.400000000000000000e+01
8.300000000000000000e+01 6.100000000000000000e+01
8.100000000000000000e+01 7.700000000000000000e+01
7.600000000000000000e+01 9.000000000000000000e+01
7.400000000000000000e+01 1.080000000000000000e+02
7.000000000000000000e+01 1.210000000000000000e+02
6.800000000000000000e+01 1.320000000000000000e+02
7.200000000000000000e+01 1.450000000000000000e+02
8.300000000000000000e+01 1.580000000000000000e+02
1.050000000000000000e+02 1.580000000000000000e+02
1.250000000000000000e+02 1.560000000000000000e+02
1.450000000000000000e+02 1.520000000000000000e+02
1.620000000000000000e+02 1.430000000000000000e+02
1.740000000000000000e+02 1.300000000000000000e+02
1.820000000000000000e+02 1.160000000000000000e+02
1.910000000000000000e+02 1.010000000000000000e+02
1.980000000000000000e+02 8.300000000000000000e+01
7.400000000000000000e+01 3.500000000000000000e+01
7.900000000000000000e+01 3.500000000000000000e+01
8.300000000000000000e+01 3.900000000000000000e+01
9.000000000000000000e+01 4.400000000000000000e+01
9.400000000000000000e+01 4.800000000000000000e+01
1.210000000000000000e+02 5.900000000000000000e+01
1.320000000000000000e+02 5.900000000000000000e+01
1.400000000000000000e+02 6.100000000000000000e+01
1.510000000000000000e+02 6.600000000000000000e+01
1.620000000000000000e+02 7.200000000000000000e+01
1.030000000000000000e+02 6.800000000000000000e+01
9.600000000000000000e+01 7.900000000000000000e+01
9.200000000000000000e+01 8.800000000000000000e+01
9.000000000000000000e+01 9.400000000000000000e+01
8.500000000000000000e+01 9.700000000000000000e+01
8.700000000000000000e+01 9.900000000000000000e+01
9.400000000000000000e+01 1.010000000000000000e+02
1.010000000000000000e+02 1.030000000000000000e+02
1.050000000000000000e+02 1.030000000000000000e+02
7.900000000000000000e+01 5.200000000000000000e+01
8.100000000000000000e+01 5.200000000000000000e+01
8.700000000000000000e+01 5.700000000000000000e+01
9.400000000000000000e+01 6.100000000000000000e+01
8.700000000000000000e+01 6.100000000000000000e+01
8.100000000000000000e+01 5.900000000000000000e+01
1.250000000000000000e+02 7.500000000000000000e+01
1.320000000000000000e+02 7.200000000000000000e+01
1.380000000000000000e+02 7.500000000000000000e+01
1.450000000000000000e+02 7.900000000000000000e+01
1.380000000000000000e+02 7.900000000000000000e+01
1.290000000000000000e+02 7.700000000000000000e+01
7.400000000000000000e+01 1.100000000000000000e+02
7.600000000000000000e+01 1.050000000000000000e+02
8.700000000000000000e+01 1.050000000000000000e+02
9.200000000000000000e+01 1.100000000000000000e+02
9.600000000000000000e+01 1.100000000000000000e+02
1.100000000000000000e+02 1.160000000000000000e+02
1.210000000000000000e+02 1.250000000000000000e+02
1.050000000000000000e+02 1.320000000000000000e+02
9.400000000000000000e+01 1.340000000000000000e+02
8.700000000000000000e+01 1.320000000000000000e+02
7.900000000000000000e+01 1.270000000000000000e+02
7.600000000000000000e+01 1.210000000000000000e+02
7.600000000000000000e+01 1.100000000000000000e+02
8.500000000000000000e+01 1.100000000000000000e+02
9.200000000000000000e+01 1.140000000000000000e+02
9.900000000000000000e+01 1.160000000000000000e+02
1.180000000000000000e+02 1.250000000000000000e+02
9.600000000000000000e+01 1.250000000000000000e+02
9.000000000000000000e+01 1.230000000000000000e+02
8.300000000000000000e+01 1.210000000000000000e+02
