4.800000000000000000e+01 7.700000000000000000e+01
5.000000000000000000e+01 9.500000000000000000e+01
5.200000000000000000e+01 1.110000000000000000e+02
5.500000000000000000e+01 1.250000000000000000e+02
5.700000000000000000e+01 1.410000000000000000e+02
6.400000000000000000e+01 1.480000000000000000e+02
6.800000000000000000e+01 1.520000000000000000e+02
8.000000000000000000e+01 1.550000000000000000e+02
9.800000000000000000e+01 1.570000000000000000e+02
1.210000000000000000e+02 1.550000000000000000e+02
1.390000000000000000e+02 1.520000000000000000e+02
1.530000000000000000e+02 1.480000000000000000e+02
1.670000000000000000e+02 1.410000000000000000e+02
1.760000000000000000e+02 1.270000000000000000e+02
1.830000000000000000e+02 1.140000000000000000e+02
1.870000000000000000e+02 9.800000000000000000e+01
1.920000000000000000e+02 7.700000000000000000e+01
5.200000000000000000e+01 4.500000000000000000e+01
5.900000000000000000e+01 3.800000000000000000e+01
6.800000000000000000e+01 3.400000000000000000e+01
7.500000000000000000e+01 3.400000000000000000e+01
8.400000000000000000e+01 3.400000000000000000e+01
1.210000000000000000e+02 3.600000000000000000e+01
1.300000000000000000e+02 3.400000000000000000e+01
1.410000000000000000e+02 3.100000000000000000e+01
1.550000000000000000e+02 3.600000000000000000e+01
1.670000000000000000e+02 4.500000000000000000e+01
1.000000000000000000e+02 5.200000000000000000e+01
9.800000000000000000e+01 6.300000000000000000e+01
9.400000000000000000e+01 7.000000000000000000e+01
9.400000000000000000e+01 7.900000000000000000e+01
8.700000000000000000e+01 9.300000000000000000e+01
9.100000000000000000e+01 9.300000000000000000e+01
9.800000000000000000e+01 9.300000000000000000e+01
1.050000000000000000e+02 9.100000000000000000e+01
1.120000000000000000e+02 9.100000000000000000e+01
6.400000000000000000e+01 5.900000000000000000e+01
6.800000000000000000e+01 5.400000000000000000e+01
7.800000000000000000e+01 5.400000000000000000e+01
8.400000000000000000e+01 5.900000000000000000e+01
7.800000000000000000e+01 5.900000000000000000e+01
7.100000000000000000e+01 6.100000000000000000e+01
1.250000000000000000e+02 5.900000000000000000e+01
1.320000000000000000e+02 5.400000000000000000e+01
1.410000000000000000e+02 5.400000000000000000e+01
1.480000000000000000e+02 6.100000000000000000e+01
1.410000000000000000e+02 6.100000000000000000e+01
1.300000000000000000e+02 6.100000000000000000e+01
7.500000000000000000e+01 1.180000000000000000e+02
8.200000000000000000e+01 1.090000000000000000e+02
9.100000000000000000e+01 1.020000000000000000e+02
9.800000000000000000e+01 1.040000000000000000e+02
1.030000000000000000e+02 1.020000000000000000e+02
1.160000000000000000e+02 1.090000000000000000e+02
1.280000000000000000e+02 1.180000000000000000e+02
1.140000000000000000e+02 1.230000000000000000e+02
1.050000000000000000e+02 1.250000000000000000e+02
9.800000000000000000e+01 1.250000000000000000e+02
8.900000000000000000e+01 1.230000000000000000e+02
8.200000000000000000e+01 1.200000000000000000e+02
7.800000000000000000e+01 1.160000000000000000e+02
9.100000000000000000e+01 1.110000000000000000e+02
9.800000000000000000e+01 1.090000000000000000e+02
1.050000000000000000e+02 1.090000000000000000e+02
1.250000000000000000e+02 1.160000000000000000e+02
1.050000000000000000e+02 1.160000000000000000e+02
9.800000000000000000e+01 1.160000000000000000e+02
9.100000000000000000e+01 1.160000000000000000e+02
