5.100000000000000000e+01 7.200000000000000000e+01
5.100000000000000000e+01 9.100000000000000000e+01
5.300000000000000000e+01 1.070000000000000000e+02
5.300000000000000000e+01 1.200000000000000000e+02
5.600000000000000000e+01 1.370000000000000000e+02
6.000000000000000000e+01 1.460000000000000000e+02
6.500000000000000000e+01 1.530000000000000000e+02
7.400000000000000000e+01 1.570000000000000000e+02
9.200000000000000000e+01 1.620000000000000000e+02
1.130000000000000000e+02 1.590000000000000000e+02
1.310000000000000000e+02 1.570000000000000000e+02
1.480000000000000000e+02 1.530000000000000000e+02
1.610000000000000000e+02 1.430000000000000000e+02
1.700000000000000000e+02 1.300000000000000000e+02
1.770000000000000000e+02 1.160000000000000000e+02
1.840000000000000000e+02 1.000000000000000000e+02
1.910000000000000000e+02 8.100000000000000000e+01
5.600000000000000000e+01 4.200000000000000000e+01
6.300000000000000000e+01 3.600000000000000000e+01
7.000000000000000000e+01 3.300000000000000000e+01
7.900000000000000000e+01 3.600000000000000000e+01
8.600000000000000000e+01 3.800000000000000000e+01
1.220000000000000000e+02 4.000000000000000000e+01
1.310000000000000000e+02 3.800000000000000000e+01
1.430000000000000000e+02 3.800000000000000000e+01
1.540000000000000000e+02 4.200000000000000000e+01
1.660000000000000000e+02 5.200000000000000000e+01
1.020000000000000000e+02 5.600000000000000000e+01
9.700000000000000000e+01 6.800000000000000000e+01
9.500000000000000000e+01 7.700000000000000000e+01
9.500000000000000000e+01 8.600000000000000000e+01
8.600000000000000000e+01 9.500000000000000000e+01
9.000000000000000000e+01 9.500000000000000000e+01
9.500000000000000000e+01 9.800000000000000000e+01
1.040000000000000000e+02 9.800000000000000000e+01
1.090000000000000000e+02 9.800000000000000000e+01
6.500000000000000000e+01 5.900000000000000000e+01
7.000000000000000000e+01 5.400000000000000000e+01
7.900000000000000000e+01 5.400000000000000000e+01
8.600000000000000000e+01 5.900000000000000000e+01
7.900000000000000000e+01 6.100000000000000000e+01
7.000000000000000000e+01 6.100000000000000000e+01
1.250000000000000000e+02 6.100000000000000000e+01
1.310000000000000000e+02 5.600000000000000000e+01
1.410000000000000000e+02 5.900000000000000000e+01
1.500000000000000000e+02 6.300000000000000000e+01
1.410000000000000000e+02 6.500000000000000000e+01
1.310000000000000000e+02 6.300000000000000000e+01
7.400000000000000000e+01 1.200000000000000000e+02
7.900000000000000000e+01 1.110000000000000000e+02
9.000000000000000000e+01 1.070000000000000000e+02
9.500000000000000000e+01 1.090000000000000000e+02
9.900000000000000000e+01 1.090000000000000000e+02
1.110000000000000000e+02 1.140000000000000000e+02
1.200000000000000000e+02 1.230000000000000000e+02
1.090000000000000000e+02 1.300000000000000000e+02
9.900000000000000000e+01 1.320000000000000000e+02
9.200000000000000000e+01 1.320000000000000000e+02
8.300000000000000000e+01 1.300000000000000000e+02
7.900000000000000000e+01 1.270000000000000000e+02
7.600000000000000000e+01 1.200000000000000000e+02
8.800000000000000000e+01 1.140000000000000000e+02
9.500000000000000000e+01 1.140000000000000000e+02
1.020000000000000000e+02 1.160000000000000000e+02
1.180000000000000000e+02 1.230000000000000000e+02
1.020000000000000000e+02 1.230000000000000000e+02
9.200000000000000000e+01 1.230000000000000000e+02
8.600000000000000000e+01 1.230000000000000000e+02
