5.500000000000000000e+01 7.600000000000000000e+01
5.500000000000000000e+01 9.100000000000000000e+01
5.700000000000000000e+01 1.070000000000000000e+02
5.900000000000000000e+01 1.210000000000000000e+02
6.400000000000000000e+01 1.340000000000000000e+02
6.800000000000000000e+01 1.430000000000000000e+02
7.300000000000000000e+01 1.480000000000000000e+02
8.200000000000000000e+01 1.520000000000000000e+02
1.000000000000000000e+02 1.540000000000000000e+02
1.200000000000000000e+02 1.500000000000000000e+02
1.380000000000000000e+02 1.480000000000000000e+02
1.540000000000000000e+02 1.450000000000000000e+02
1.650000000000000000e+02 1.360000000000000000e+02
1.740000000000000000e+02 1.230000000000000000e+02
1.810000000000000000e+02 1.090000000000000000e+02
1.880000000000000000e+02 9.400000000000000000e+01
1.920000000000000000e+02 7.300000000000000000e+01
5.700000000000000000e+01 4.400000000000000000e+01
6.100000000000000000e+01 3.500000000000000000e+01
7.000000000000000000e+01 3.100000000000000000e+01
7.900000000000000000e+01 3.100000000000000000e+01
8.600000000000000000e+01 3.300000000000000000e+01
1.220000000000000000e+02 3.300000000000000000e+01
1.310000000000000000e+02 3.100000000000000000e+01
1.420000000000000000e+02 3.100000000000000000e+01
1.540000000000000000e+02 3.300000000000000000e+01
1.650000000000000000e+02 4.200000000000000000e+01
1.020000000000000000e+02 5.100000000000000000e+01
1.000000000000000000e+02 6.200000000000000000e+01
9.700000000000000000e+01 6.900000000000000000e+01
9.500000000000000000e+01 7.800000000000000000e+01
8.800000000000000000e+01 9.100000000000000000e+01
9.300000000000000000e+01 9.100000000000000000e+01
1.000000000000000000e+02 9.100000000000000000e+01
1.060000000000000000e+02 9.100000000000000000e+01
1.110000000000000000e+02 8.900000000000000000e+01
6.600000000000000000e+01 5.800000000000000000e+01
7.300000000000000000e+01 5.300000000000000000e+01
7.900000000000000000e+01 5.300000000000000000e+01
8.800000000000000000e+01 5.500000000000000000e+01
7.900000000000000000e+01 5.800000000000000000e+01
7.300000000000000000e+01 6.000000000000000000e+01
1.240000000000000000e+02 5.500000000000000000e+01
1.330000000000000000e+02 5.100000000000000000e+01
1.400000000000000000e+02 5.300000000000000000e+01
1.490000000000000000e+02 5.800000000000000000e+01
1.400000000000000000e+02 5.800000000000000000e+01
1.310000000000000000e+02 5.800000000000000000e+01
7.900000000000000000e+01 1.140000000000000000e+02
8.400000000000000000e+01 1.070000000000000000e+02
9.300000000000000000e+01 1.030000000000000000e+02
9.700000000000000000e+01 1.030000000000000000e+02
1.020000000000000000e+02 1.030000000000000000e+02
1.110000000000000000e+02 1.070000000000000000e+02
1.200000000000000000e+02 1.140000000000000000e+02
1.110000000000000000e+02 1.210000000000000000e+02
1.040000000000000000e+02 1.250000000000000000e+02
9.700000000000000000e+01 1.250000000000000000e+02
8.800000000000000000e+01 1.230000000000000000e+02
8.400000000000000000e+01 1.210000000000000000e+02
8.200000000000000000e+01 1.140000000000000000e+02
9.300000000000000000e+01 1.090000000000000000e+02
9.700000000000000000e+01 1.090000000000000000e+02
1.040000000000000000e+02 1.090000000000000000e+02
1.180000000000000000e+02 1.140000000000000000e+02
1.040000000000000000e+02 1.140000000000000000e+02
9.700000000000000000e+01 1.160000000000000000e+02
9.100000000000000000e+01 1.140000000000000000e+02
