3.700000000000000000e+01 8.400000000000000000e+01
3.900000000000000000e+01 1.010000000000000000e+02
4.200000000000000000e+01 1.170000000000000000e+02
4.400000000000000000e+01 1.310000000000000000e+02
5.100000000000000000e+01 1.430000000000000000e+02
5.600000000000000000e+01 1.500000000000000000e+02
6.300000000000000000e+01 1.530000000000000000e+02
7.500000000000000000e+01 1.550000000000000000e+02
9.400000000000000000e+01 1.570000000000000000e+02
1.170000000000000000e+02 1.550000000000000000e+02
1.340000000000000000e+02 1.530000000000000000e+02
1.480000000000000000e+02 1.530000000000000000e+02
1.600000000000000000e+02 1.460000000000000000e+02
1.720000000000000000e+02 1.340000000000000000e+02
1.760000000000000000e+02 1.200000000000000000e+02
1.840000000000000000e+02 1.030000000000000000e+02
1.880000000000000000e+02 8.600000000000000000e+01
4.900000000000000000e+01 4.200000000000000000e+01
5.600000000000000000e+01 3.200000000000000000e+01
6.500000000000000000e+01 2.700000000000000000e+01
7.700000000000000000e+01 2.700000000000000000e+01
8.400000000000000000e+01 2.700000000000000000e+01
1.220000000000000000e+02 3.000000000000000000e+01
1.320000000000000000e+02 2.700000000000000000e+01
1.430000000000000000e+02 2.700000000000000000e+01
1.580000000000000000e+02 3.200000000000000000e+01
1.670000000000000000e+02 4.400000000000000000e+01
1.030000000000000000e+02 4.600000000000000000e+01
9.800000000000000000e+01 5.600000000000000000e+01
9.600000000000000000e+01 6.300000000000000000e+01
9.600000000000000000e+01 7.200000000000000000e+01
8.700000000000000000e+01 8.600000000000000000e+01
9.100000000000000000e+01 8.600000000000000000e+01
9.600000000000000000e+01 8.600000000000000000e+01
1.060000000000000000e+02 8.600000000000000000e+01
1.100000000000000000e+02 8.600000000000000000e+01
6.100000000000000000e+01 5.600000000000000000e+01
6.800000000000000000e+01 4.900000000000000000e+01
7.500000000000000000e+01 4.900000000000000000e+01
8.400000000000000000e+01 5.300000000000000000e+01
7.700000000000000000e+01 5.600000000000000000e+01
6.800000000000000000e+01 5.600000000000000000e+01
1.240000000000000000e+02 5.300000000000000000e+01
1.340000000000000000e+02 4.900000000000000000e+01
1.410000000000000000e+02 5.100000000000000000e+01
1.500000000000000000e+02 5.600000000000000000e+01
1.410000000000000000e+02 5.600000000000000000e+01
1.320000000000000000e+02 5.600000000000000000e+01
7.200000000000000000e+01 1.150000000000000000e+02
8.000000000000000000e+01 1.030000000000000000e+02
9.100000000000000000e+01 9.600000000000000000e+01
9.600000000000000000e+01 9.600000000000000000e+01
1.010000000000000000e+02 9.600000000000000000e+01
1.130000000000000000e+02 1.030000000000000000e+02
1.220000000000000000e+02 1.150000000000000000e+02
1.100000000000000000e+02 1.200000000000000000e+02
1.030000000000000000e+02 1.240000000000000000e+02
9.400000000000000000e+01 1.240000000000000000e+02
8.400000000000000000e+01 1.240000000000000000e+02
8.000000000000000000e+01 1.200000000000000000e+02
7.500000000000000000e+01 1.150000000000000000e+02
8.900000000000000000e+01 1.030000000000000000e+02
9.600000000000000000e+01 1.030000000000000000e+02
1.030000000000000000e+02 1.050000000000000000e+02
1.200000000000000000e+02 1.150000000000000000e+02
1.030000000000000000e+02 1.150000000000000000e+02
9.400000000000000000e+01 1.150000000000000000e+02
8.700000000000000000e+01 1.150000000000000000e+02
