5.100000000000000000e+01 6.400000000000000000e+01
5.100000000000000000e+01 8.100000000000000000e+01
5.300000000000000000e+01 9.700000000000000000e+01
5.500000000000000000e+01 1.100000000000000000e+02
5.700000000000000000e+01 1.260000000000000000e+02
6.400000000000000000e+01 1.370000000000000000e+02
7.100000000000000000e+01 1.460000000000000000e+02
8.000000000000000000e+01 1.520000000000000000e+02
9.700000000000000000e+01 1.590000000000000000e+02
1.170000000000000000e+02 1.550000000000000000e+02
1.350000000000000000e+02 1.520000000000000000e+02
1.460000000000000000e+02 1.460000000000000000e+02
1.600000000000000000e+02 1.370000000000000000e+02
1.660000000000000000e+02 1.210000000000000000e+02
1.730000000000000000e+02 1.080000000000000000e+02
1.790000000000000000e+02 9.300000000000000000e+01
1.840000000000000000e+02 7.700000000000000000e+01
6.000000000000000000e+01 3.900000000000000000e+01
6.600000000000000000e+01 3.300000000000000000e+01
7.500000000000000000e+01 3.000000000000000000e+01
8.400000000000000000e+01 3.000000000000000000e+01
9.100000000000000000e+01 3.300000000000000000e+01
1.260000000000000000e+02 3.700000000000000000e+01
1.350000000000000000e+02 3.500000000000000000e+01
1.440000000000000000e+02 3.500000000000000000e+01
1.550000000000000000e+02 3.900000000000000000e+01
1.660000000000000000e+02 4.800000000000000000e+01
1.060000000000000000e+02 5.300000000000000000e+01
1.040000000000000000e+02 6.400000000000000000e+01
1.000000000000000000e+02 7.300000000000000000e+01
1.000000000000000000e+02 8.100000000000000000e+01
9.100000000000000000e+01 9.000000000000000000e+01
9.500000000000000000e+01 9.000000000000000000e+01
1.020000000000000000e+02 9.300000000000000000e+01
1.080000000000000000e+02 9.300000000000000000e+01
1.150000000000000000e+02 9.000000000000000000e+01
7.100000000000000000e+01 5.300000000000000000e+01
7.500000000000000000e+01 4.800000000000000000e+01
8.400000000000000000e+01 4.800000000000000000e+01
9.100000000000000000e+01 5.300000000000000000e+01
8.400000000000000000e+01 5.500000000000000000e+01
7.500000000000000000e+01 5.500000000000000000e+01
1.260000000000000000e+02 5.700000000000000000e+01
1.350000000000000000e+02 5.300000000000000000e+01
1.440000000000000000e+02 5.300000000000000000e+01
1.510000000000000000e+02 5.900000000000000000e+01
1.420000000000000000e+02 6.100000000000000000e+01
1.330000000000000000e+02 5.900000000000000000e+01
8.000000000000000000e+01 1.150000000000000000e+02
8.400000000000000000e+01 1.060000000000000000e+02
9.500000000000000000e+01 1.010000000000000000e+02
1.000000000000000000e+02 1.040000000000000000e+02
1.060000000000000000e+02 1.010000000000000000e+02
1.170000000000000000e+02 1.080000000000000000e+02
1.260000000000000000e+02 1.170000000000000000e+02
1.170000000000000000e+02 1.260000000000000000e+02
1.060000000000000000e+02 1.300000000000000000e+02
9.700000000000000000e+01 1.300000000000000000e+02
9.100000000000000000e+01 1.280000000000000000e+02
8.400000000000000000e+01 1.240000000000000000e+02
8.200000000000000000e+01 1.150000000000000000e+02
9.300000000000000000e+01 1.080000000000000000e+02
1.000000000000000000e+02 1.080000000000000000e+02
1.080000000000000000e+02 1.100000000000000000e+02
1.260000000000000000e+02 1.170000000000000000e+02
1.080000000000000000e+02 1.210000000000000000e+02
1.000000000000000000e+02 1.210000000000000000e+02
9.300000000000000000e+01 1.190000000000000000e+02
