5.900000000000000000e+01 8.600000000000000000e+01
5.900000000000000000e+01 1.020000000000000000e+02
6.100000000000000000e+01 1.180000000000000000e+02
6.300000000000000000e+01 1.310000000000000000e+02
6.600000000000000000e+01 1.450000000000000000e+02
7.000000000000000000e+01 1.520000000000000000e+02
7.500000000000000000e+01 1.540000000000000000e+02
8.100000000000000000e+01 1.560000000000000000e+02
9.900000000000000000e+01 1.560000000000000000e+02
1.200000000000000000e+02 1.520000000000000000e+02
1.400000000000000000e+02 1.470000000000000000e+02
1.560000000000000000e+02 1.450000000000000000e+02
1.710000000000000000e+02 1.360000000000000000e+02
1.800000000000000000e+02 1.220000000000000000e+02
1.850000000000000000e+02 1.060000000000000000e+02
1.890000000000000000e+02 9.100000000000000000e+01
1.940000000000000000e+02 7.000000000000000000e+01
5.200000000000000000e+01 5.000000000000000000e+01
5.700000000000000000e+01 4.100000000000000000e+01
6.300000000000000000e+01 3.700000000000000000e+01
7.200000000000000000e+01 3.400000000000000000e+01
7.900000000000000000e+01 3.700000000000000000e+01
1.130000000000000000e+02 3.200000000000000000e+01
1.220000000000000000e+02 3.000000000000000000e+01
1.330000000000000000e+02 3.000000000000000000e+01
1.470000000000000000e+02 3.200000000000000000e+01
1.580000000000000000e+02 4.100000000000000000e+01
9.500000000000000000e+01 5.200000000000000000e+01
9.300000000000000000e+01 6.100000000000000000e+01
8.800000000000000000e+01 7.000000000000000000e+01
8.800000000000000000e+01 7.900000000000000000e+01
8.400000000000000000e+01 9.300000000000000000e+01
8.600000000000000000e+01 9.100000000000000000e+01
9.300000000000000000e+01 9.300000000000000000e+01
9.900000000000000000e+01 9.100000000000000000e+01
1.060000000000000000e+02 9.100000000000000000e+01
6.300000000000000000e+01 6.100000000000000000e+01
6.600000000000000000e+01 5.700000000000000000e+01
7.500000000000000000e+01 5.700000000000000000e+01
8.100000000000000000e+01 5.900000000000000000e+01
7.500000000000000000e+01 6.100000000000000000e+01
6.800000000000000000e+01 6.400000000000000000e+01
1.170000000000000000e+02 5.700000000000000000e+01
1.260000000000000000e+02 5.200000000000000000e+01
1.330000000000000000e+02 5.200000000000000000e+01
1.420000000000000000e+02 5.700000000000000000e+01
1.330000000000000000e+02 5.900000000000000000e+01
1.240000000000000000e+02 5.900000000000000000e+01
7.500000000000000000e+01 1.180000000000000000e+02
7.900000000000000000e+01 1.090000000000000000e+02
8.800000000000000000e+01 1.020000000000000000e+02
9.300000000000000000e+01 1.020000000000000000e+02
9.700000000000000000e+01 1.020000000000000000e+02
1.110000000000000000e+02 1.060000000000000000e+02
1.220000000000000000e+02 1.150000000000000000e+02
1.110000000000000000e+02 1.200000000000000000e+02
1.020000000000000000e+02 1.220000000000000000e+02
9.300000000000000000e+01 1.240000000000000000e+02
8.600000000000000000e+01 1.240000000000000000e+02
8.100000000000000000e+01 1.220000000000000000e+02
7.700000000000000000e+01 1.180000000000000000e+02
8.800000000000000000e+01 1.110000000000000000e+02
9.300000000000000000e+01 1.090000000000000000e+02
1.020000000000000000e+02 1.090000000000000000e+02
1.220000000000000000e+02 1.130000000000000000e+02
1.020000000000000000e+02 1.150000000000000000e+02
9.300000000000000000e+01 1.150000000000000000e+02
8.800000000000000000e+01 1.150000000000000000e+02
