3.400000000000000000e+01 6.800000000000000000e+01
3.600000000000000000e+01 8.600000000000000000e+01
4.100000000000000000e+01 1.040000000000000000e+02
4.500000000000000000e+01 1.180000000000000000e+02
5.400000000000000000e+01 1.330000000000000000e+02
6.800000000000000000e+01 1.470000000000000000e+02
8.600000000000000000e+01 1.540000000000000000e+02
1.040000000000000000e+02 1.600000000000000000e+02
1.240000000000000000e+02 1.650000000000000000e+02
1.400000000000000000e+02 1.600000000000000000e+02
1.440000000000000000e+02 1.560000000000000000e+02
1.460000000000000000e+02 1.470000000000000000e+02
1.490000000000000000e+02 1.330000000000000000e+02
1.510000000000000000e+02 1.180000000000000000e+02
1.530000000000000000e+02 1.020000000000000000e+02
1.550000000000000000e+02 8.400000000000000000e+01
1.580000000000000000e+02 6.600000000000000000e+01
7.200000000000000000e+01 4.800000000000000000e+01
8.600000000000000000e+01 4.100000000000000000e+01
9.900000000000000000e+01 3.900000000000000000e+01
1.100000000000000000e+02 4.100000000000000000e+01
1.190000000000000000e+02 4.300000000000000000e+01
1.510000000000000000e+02 4.300000000000000000e+01
1.580000000000000000e+02 3.900000000000000000e+01
1.640000000000000000e+02 3.700000000000000000e+01
1.710000000000000000e+02 3.900000000000000000e+01
1.710000000000000000e+02 4.600000000000000000e+01
1.350000000000000000e+02 6.400000000000000000e+01
1.400000000000000000e+02 7.500000000000000000e+01
1.420000000000000000e+02 8.600000000000000000e+01
1.440000000000000000e+02 9.700000000000000000e+01
1.240000000000000000e+02 1.040000000000000000e+02
1.310000000000000000e+02 1.040000000000000000e+02
1.370000000000000000e+02 1.060000000000000000e+02
1.420000000000000000e+02 1.040000000000000000e+02
1.440000000000000000e+02 1.040000000000000000e+02
8.800000000000000000e+01 6.400000000000000000e+01
9.700000000000000000e+01 5.900000000000000000e+01
1.060000000000000000e+02 5.900000000000000000e+01
1.130000000000000000e+02 6.400000000000000000e+01
1.060000000000000000e+02 6.600000000000000000e+01
9.700000000000000000e+01 6.600000000000000000e+01
1.460000000000000000e+02 6.400000000000000000e+01
1.550000000000000000e+02 5.700000000000000000e+01
1.620000000000000000e+02 5.700000000000000000e+01
1.640000000000000000e+02 6.100000000000000000e+01
1.620000000000000000e+02 6.600000000000000000e+01
1.530000000000000000e+02 6.400000000000000000e+01
1.060000000000000000e+02 1.240000000000000000e+02
1.190000000000000000e+02 1.220000000000000000e+02
1.310000000000000000e+02 1.180000000000000000e+02
1.350000000000000000e+02 1.200000000000000000e+02
1.420000000000000000e+02 1.180000000000000000e+02
1.460000000000000000e+02 1.220000000000000000e+02
1.490000000000000000e+02 1.270000000000000000e+02
1.460000000000000000e+02 1.310000000000000000e+02
1.400000000000000000e+02 1.330000000000000000e+02
1.330000000000000000e+02 1.330000000000000000e+02
1.260000000000000000e+02 1.330000000000000000e+02
1.170000000000000000e+02 1.290000000000000000e+02
1.080000000000000000e+02 1.240000000000000000e+02
1.260000000000000000e+02 1.240000000000000000e+02
1.350000000000000000e+02 1.240000000000000000e+02
1.400000000000000000e+02 1.240000000000000000e+02
1.490000000000000000e+02 1.240000000000000000e+02
1.400000000000000000e+02 1.240000000000000000e+02
1.350000000000000000e+02 1.240000000000000000e+02
1.260000000000000000e+02 1.240000000000000000e+02
