5.000000000000000000e+01 5.600000000000000000e+01
5.300000000000000000e+01 7.400000000000000000e+01
5.700000000000000000e+01 9.200000000000000000e+01
5.900000000000000000e+01 1.050000000000000000e+02
6.400000000000000000e+01 1.230000000000000000e+02
6.800000000000000000e+01 1.360000000000000000e+02
7.500000000000000000e+01 1.450000000000000000e+02
8.600000000000000000e+01 1.570000000000000000e+02
1.040000000000000000e+02 1.610000000000000000e+02
1.240000000000000000e+02 1.570000000000000000e+02
1.420000000000000000e+02 1.480000000000000000e+02
1.560000000000000000e+02 1.390000000000000000e+02
1.650000000000000000e+02 1.250000000000000000e+02
1.710000000000000000e+02 1.090000000000000000e+02
1.760000000000000000e+02 9.400000000000000000e+01
1.800000000000000000e+02 7.600000000000000000e+01
1.830000000000000000e+02 5.800000000000000000e+01
5.300000000000000000e+01 4.200000000000000000e+01
5.900000000000000000e+01 3.600000000000000000e+01
6.800000000000000000e+01 3.600000000000000000e+01
7.700000000000000000e+01 3.600000000000000000e+01
8.600000000000000000e+01 3.800000000000000000e+01
1.200000000000000000e+02 3.800000000000000000e+01
1.290000000000000000e+02 3.600000000000000000e+01
1.400000000000000000e+02 3.600000000000000000e+01
1.510000000000000000e+02 3.600000000000000000e+01
1.600000000000000000e+02 4.200000000000000000e+01
1.040000000000000000e+02 5.800000000000000000e+01
1.020000000000000000e+02 7.100000000000000000e+01
1.000000000000000000e+02 8.000000000000000000e+01
1.000000000000000000e+02 8.900000000000000000e+01
9.100000000000000000e+01 9.600000000000000000e+01
9.500000000000000000e+01 9.800000000000000000e+01
1.020000000000000000e+02 9.800000000000000000e+01
1.090000000000000000e+02 9.800000000000000000e+01
1.150000000000000000e+02 9.600000000000000000e+01
6.600000000000000000e+01 5.800000000000000000e+01
7.100000000000000000e+01 5.600000000000000000e+01
8.000000000000000000e+01 5.600000000000000000e+01
8.600000000000000000e+01 6.000000000000000000e+01
8.000000000000000000e+01 6.200000000000000000e+01
7.100000000000000000e+01 6.000000000000000000e+01
1.240000000000000000e+02 6.000000000000000000e+01
1.310000000000000000e+02 5.800000000000000000e+01
1.400000000000000000e+02 5.800000000000000000e+01
1.470000000000000000e+02 6.000000000000000000e+01
1.400000000000000000e+02 6.200000000000000000e+01
1.310000000000000000e+02 6.200000000000000000e+01
8.200000000000000000e+01 1.180000000000000000e+02
8.600000000000000000e+01 1.140000000000000000e+02
9.700000000000000000e+01 1.090000000000000000e+02
1.020000000000000000e+02 1.090000000000000000e+02
1.090000000000000000e+02 1.090000000000000000e+02
1.200000000000000000e+02 1.120000000000000000e+02
1.310000000000000000e+02 1.180000000000000000e+02
1.200000000000000000e+02 1.270000000000000000e+02
1.110000000000000000e+02 1.320000000000000000e+02
1.020000000000000000e+02 1.340000000000000000e+02
9.500000000000000000e+01 1.320000000000000000e+02
8.800000000000000000e+01 1.270000000000000000e+02
8.400000000000000000e+01 1.180000000000000000e+02
9.500000000000000000e+01 1.140000000000000000e+02
1.020000000000000000e+02 1.140000000000000000e+02
1.110000000000000000e+02 1.160000000000000000e+02
1.290000000000000000e+02 1.180000000000000000e+02
1.110000000000000000e+02 1.230000000000000000e+02
1.020000000000000000e+02 1.250000000000000000e+02
9.500000000000000000e+01 1.230000000000000000e+02
